008463219010000400294018007082306045065180023001200080507030090046790031030605870
006814790400950000910000804601503478320007510074089263102600047700305000043001056
000009473904060285008035069075800000840600007690057002162543098307920014000108026
490050070002403056803170409007800005200060134934521080678910003009040710001087960
090006547764509801002870000047601050020900074503702089470005090609017400030098716
800045601000086750506009003685000070042010005071008000063852917210794530059630208
470096002100300608089205307205701906010609030930020071801050009504987020007100854
860002701000090600937615208093080056418306072000109080000001560189567004054900807
007063020108094763632510090321050007000020080006079000860705412200086509510042670
720485600640039700103607409030706000497051030261090500304070260570004098900510004
843020751005000940972100086280600504090201670061075208120509007000708100058000469
065900701020601003109740250570100604890420100001590028754360802900204507200800030
089304120100702809503008004070019083230005490095036200007620950608040012012580600
040090815601450300078203006700140500089030620205860740007085034854320000003070158
502040370304180500007350106003009010206571039150008067731005020600703901005604703
390010000008302490120704853041857360603049725005000000417905200000400037830270504
008006509590421070034090061082030690053702104060018050070059438800640005345100006
708305400002710030001640790103250906250006814469800000814500620000400089076002345
003042706604789500000563924000806000301425690200307015046938250089270003700000009
186000420207040150490812760324105080500307040079000015042070601760400000903020874
002680040160490200409001865507046938200309050093008004820037006005800300306014582
480903050006500013370860029200318967890270005160000200000080591048105002519730600
457932608000051900690048003000809200000320870089005304020480135013596000548203700
470802903020400701301096008010070320892063000003104589005080097140600002280349605
921800047500700008478509160054030079700058610689000050097601020206075980015092000
003000016629814700400003200360007504910450060542000090070000901100948672296701845
800070052601209870000050931706842593005006128900310460080007005067421089290000010
032507900405060100007084635000009760976300001048176093003400010809702056520690078
900587020073200000002601800786129345020700061019356070604970180150000039007003604
209540016070062040034100052802754030005006087740008605920430500010600070056087194
090210400538004260040630570005002010073580604901470850700056008059040120310029045
201580390603109040005070206419650780030010460060092003890001000300948620104005938
900163285816000400052008000083710002700532008421089357298401500005090704040000019
000007065000418009300950847070582690809040271200791584600805000005000900148320756
600040380128900674300618000201060500064370802900501706850402137730150400002080060
160097085700600020309108047076310092203084006001900730017832060030060004602070813
008104600271060503640370801004900000090046005506738009100000954059481200062507138
600090018420501700015078043104703080309400067062109000296047300041352009573010000
958010460042003150000654800820436090769001380000090610010000970500048230286379040
000000495240080730009340218064003009013760804825094070450001362600452080002030047
918570603250043180000008500000490000107830205893050476005014962020085700631009050
308040005624050798150000000207504036465000000083671052000430527732090610500017089
800300007709014028360028501490070006070862054680001702938040275500037040040085003
120070894083409071000010003830050046506984037049063150067548300351090002000000065
610005900300420071470096053003601090100009400569207138906504012001002309820903500
037041059060007020901850034090070400750600103340198502619300207480702060000409308
601400059870960004020705106008026507502097000017500362000273905793004820250010003
796004130354098000008703009240670010930805000801302907602080300403020760509430201
061903070000086910040100000507800321082531407030792580005608003308009760406310850
000507001804209536159000020940062305012003008006084219001320007260805000305470682
906003025140206089005709300408000050709502830600834107090305210020091508561400003
296084070005706298003002060107058430900460120024900005709010042580047906040029003
000001800049238000861047030420306010900005020153970486230150704694020100005864090
030629007978041520100000930050007302702100008089264075010402080890506241047008050
040082600006570240259004108604093000900800402018420793460200807701058904002047050
302801570951007042080045319000974008060108930090500021200780090076319004010050760
007405080532690074080700905020806003053204697704003800001347560640100030370500240
670503209050009063209104700100908070894030510700410308000700850917005630506341020
641875329500032681002916047007358000034000700060720908200000003003580096708003410
290780403003024760570900100407295831002410070910000200041852307800309010709000580
509208040807345609006000025205610708100000402608472050084026931001004000960031580
000203170185000009703159064300020001078304506204096703847935600600840050001000948
170638000023009780900724035014307802002040071307200690500410967260070010041003500
092104785040090031031800946803047600900503078410200350060480190209051060004600003
009010708081900460064387002052871000073500801100003576807009135300720090940035080
760040308519000742380702960200980004078061020045273800050326089003097400000150200
678500903200003008013070520406001302050004000107360409802107045060409837030650291
234870650050000007060215038020081079517090040400750063073006980080947010940008720
058790610100200043046013007700406130410900086083075900800609001037800209061320450
003000010091320540700519038605102974000008020029064000506871390902640000178293060
745320080300076054060050720000007060436982571508040300804293000607000839010068240
307080010490605070060107453716240080030050147500019600104900025600301804903504700
003097215070002360000600970050026400000750082642380597026179803080003750907040026
095263418840005203132804657050649870008057906960000005000900564009080300000030709
984062730007004010050093408703006500840230600001405283000008100278051340509340820
000514630305007109261900050427056390080730506050040010076098420002470960034200800
302910047007000000590748263109070080030052670076480310005800004803290706920560038
006000080004936051520410063001007529290153000760094138617800340900745610002300000
032901084104086050008400016407360091320519078005000600500030047073194800801600039
089620007050700980731805426375009010026000049914060000048930270500200860203508090
090020401140050702726800953002300100980000320573410098030004007050079236210605809
290038040470010208100270095500700800708920504032480706600800003820300950340157602
000072600896040271047018003050080720670009800028751304062005980780290036030807050
840956100257003006619200050026000534780532900030640270002810009301065700078000015
010503760706810050054007380007300694895476013060001000302009048000280007581730920
587000906000604005069587130608032401300041000710005328070010203103056070805309610
693407082010500749504082031008340006305060827001070300100800060400793215030001470
090100000170308020580470603869201475000000090040085230617500002053827061008614307
001300600072461083630785201007090064080603079000807300020906008960008410008234596
900700364160000802004062190802591000309074520070308040286050039053409000091030785
587902100940170520123006700730090060000020097092037451019004280205008900874209000
067518402180000500003407061612009085070106049030280010290854100050070604740020058
679103450812007900300000100023001085060305070408670009100050792590230800286019540
739056000001070306265310090002507080008020010003184270506741930197632000300890100
065201094128497600400806002000002078002068500580009036250074080390080127017900405
090003508031080200850429160078206035000007000925340786200760354503004000760502810
100000037003150409284793600002036541401005000608401903029007164010602000840309702
036215080000000601009860520007350298095002710080170300001000935003041802652938047
030067058601080200970021046180239604090070030703005980540012063310800405060403700
079460000506083102008700496004027930985300721700095000800209064420008510690034080
200196780647030090100007023870640309390801070004003860720014906060002100430069208
319002085652318000000060023180200067240506800500001002731090208804153700065007430
935700402001089570080230090800024705100007800754063210076340900019058047008002056
107008600206714590040500108403680709025409001600070304000003900971062035034057206
005324716030000004146980300304200001600009830809136407001003269293761040400090070
239000405000950007607314209071006502063085074004091600002500840385140926100820000
006203090428000060090861724031092040000600035689304210940100052003429070062030409
034900870805206030906008102050082014080000607400730985608157293100423008500000701
574069003293700410160024095480501030730482000910600042000040000827905164049000070
408957000000046900007010006540268710890103650010090830605081093074509160009604270
470900860806507092100036005007198206068400509041060300603704900009002704704310608
098050120230809070007046309000020960529607800074108032802900053003002608705384001
370082010050610890061007203693045002500001670040026039980004701036108900700209360
640735821103609507000800000400298705208157400700000208305080000920506183800312900
407650890006009700290810460070230104104970020602100970820004630503701009040360580
500002030320050104140937208204300905010695042960020010001280006789500021050470380
002030967759600100038907200301074820000109073075200090026091080510308609080450012
900006003740002100680530007005023860326870000098000002219450638064398701830201900
078902560009036470045008030504069082010425700092000640267013954080654007050000006
690020004080901673034056090460508012810030400007014085200060130048109020056280940
080000004096507200407298365048372100163080527000010400902061803000800002851703609
870000360020380704030050281456930802310500000700206513598062100103700428040003090
700002958010967000924500107600025040250001370490038015502310794146270083000004000
203000014076930008004182036849301672030000500500297800008005020407809365025740009
037805920620349070500000083400008260983602500700104830079216450046090712050080000
900307605430510020056008073760400100500600794290781050070800201021074008840102930
407601520010007006680590017300005800070320960924016703108049600750100084006750039
000037045000000706470650001017006908056008034948300607704023009835160472192800500
906053008427060130000204706040006070090408601862170309000902003234580960089600014
860000010013675092700108304235964100070020900001050426520407009006030507307580041
076098043008300907940000582600405219000061000800037050091653020400810730085740691
863970005249050730005034962000005200307129654500046809000400021902063400034000096
200093065140802090050704201600508040009437010780010352302000008417280030890071024
200800517458009000106002000000291800920003760800657309612375084500026073390100650
000003082307296100529100063690400308458630007000850094062715039910000570030960800
190040806745009032086315009804100090530096210900500003072630005600200074050974620
075082304000600002820400706062040079004001060197526030903067800010834097740159600
726104090050920100090500732340082506281450970000300400032809050510070249007240300
405900060100620390906401702740000905059748006008109403000007020672814509013090840
002459107300028506075030040069380450207000013004000009000573900708164305510802764
070082054018605270002009080846270035700050810095360700204003107061527008907400003
038002406590600020020531078700305210080010060315206780403807190050009007870150042
067050031020130089000084006004890675090005800586073000009541008008007914641928307
009600000452037109013409200004198000730040091500306028080560912906010845040980730
035096287670830050002050300596020078080900630020681004047010906901060840060349010
106450000090806305503290010015602704400580601308740590059004120000100960271968000
100090067026087900908034015007040180360258009089700302000023098693070400840016570
509408600603705800020301000395000040782043065060850203174586029050904701908200000
034087006006103500850006437610408203500310600203060801300290000490870365180005940
070010040310059076298000301007904132061732000400081690732040019806000000100327864
402085009090100805051307402003058016160039000079001384600902750310040000025870641
695247183300000540140050276080075000960032007450680032016720390700010425000500060
573409200002060847060701003605070014300045008740810320006200109207198436910600000
058034070400010090102076854093700200620001709001692508367009005210850460000063907
070028150004000679010060042052173986009200035380096001600702504031045200040019360
603170248720860005080020300042501003001030084078940021000308750037054800815002430
907640032603005080200301046120000897090704020036892050082009375501280009300450008
086503700310080026400210058570069000148300069000450173001845602862907410900000800
049085103200060405081034600820610009065097004003500861912058006050100902006320018
700562000654081009123700085091603074307108060065400138430205897902006400000000200
081060003579020400400175009020056304740030610903001527800410906610590042000680170
020040063583967102600008070802090017004810600069470208098051700405009086006084091
030005684084010570000384120072000090040002801810560042307890406058206017096007230
410908270807200349020304000100720503370005090508013620204137960709040102030090004
000630000942857613056000074003045706507203040180700032708462005000500360615300408
058000000200609070697002183024005600813200759560070024170908306986403007300016500
085107923370900000001300674003020040054036008268000017000270485840615039537400060
256807030000602081083950006002140060048063052617508340305400000079006200801070493
026950087700823056004600290609348070000000604037260810002501700170080020548702360
005936147304215960060070002903640715200350800516890400000060039090703580032000001
000593700679010230805006094148065907700089060300700018500907042023408671480020000
105000030308021965002593004003900570071050490809467003280130750507040681010870000
021609534000050002580002010158300296432905180090001050305094008000530041809016305
709000058356097002284500697128700000003280000040009806600042103802650749491370000
023168050709000164006709008031592070004000020075604389150007090300900042908236705
900386100860002300702004865140200006300400907098571240400120659276805430500040000
900002574500090318483501020305008061296040835008003902070205083050304090000719050
089025416004010050156008200470203960200870000098000703040132690912500004600790182
007538926065100003309060010600300040023479081170080095030900068952810037040720100
008095076934706080057010392700082500405603210023059700070060803040030000391548020
005264300600308549001070208206001034093642051407000680500090026704025093009000475
000017530279000000350698427080501274402009600760032090820905001007140982094800700
405000601830461200007230908060740103043009807790012006271506084006004010080170560
100030608403007210006008407832095740000801500519043062768059100020480070040072380
000245900970000526125690040601509038009704601507008400010952380803070065052080009
090006580604000123350020409830701240706200035500963000060312098100694052920805000
570420090640510270900030041092603850430087906006001004250064089860105700300800065
000408106154200387809071000620003005590704008003082619006020051982135060010040023
070060108350127000910050237097602480035401700004070013043090000000203564561740320
075184000008060901602030748450279180080000004701450209004807360800023010537040092
492651080050008902007009450306097100071060008040012763900103000704006520018405639
900567000106000027705420968024300870801790005300804016600109082470030691210048000
900825604850060190643007250300008016068941720009370005080039002735010080206000071
400009810908400020107823450090208070800006245624017030500162700006090083749300102
005340820900518460004009050069084012040200086238006574150930048473860005000000031
085012006096300017003650082060530794037009008051780600300126805608095370504000060
001900030542603901000105082005702100630500247017090058300861705008059006006204893
004596030691830250370002689100765000060000001209048076002970068706283095080050700
852649731007030526000205804640708300300004070570103609700000000236017980084306200
657932148009000000010570093560349217700800030304020500206010050040790860085063071
105000030308021965002593004003900570071050490809467003280130750507040681010870000
908405170200003900503109604730008596850306010090507008400000000607904851305862049
071000005406278090283005740007354810508109007042607000700830054800740920014592000
301057680270610040500400103852090430006274015400300200795801000084030051000509768
895060030021300807360008500002097600970406258680030710100520906709680120000970305
500609070062070900970508316800001200291047600030260189620350790010790860740080003
005093170034010908601850200040170509358009001070530860400021695562004010007065400
210049060508600090900510020000405372302097500670000008091030250756280109423051607
316042700904706020000080649803170062507800900020560037108035096035200001009610058
206004070005260093740910802079180500500072689620400700060520307400091208852700900
500092307408100092203006000800010935169000870340970100030200548600549010750831209
901763058600048010308900400010004890003529670560007002807450100206800034150002786
000425700570901000009000300905006187740890562268017090050160034006300278302784001
007038050401007380038910007002300500010009073085674129029140600840706215000003794
080027000703000691046319280402950836390400012060032000200180369904570020610003004
005380040002045893843900020400036712750009006036401050080200001520160309309708064
100605309700400000659027148970268403460093000008000796096071830014030520030042001
030000250001582936520093100065009382089020000003001795697208003010030020350147860
502600017801320056003019040410000208078235104006084700300002501054070020607951480
894050036000060041201438500946021080010740902070003014035072090609005407100980305
820403900006708534000960872008200090000080023230514000002800340985342710374006058
460100059735000010129300004082961405570003092000020063850000620207045930690218007
006001007098052163150640008970060001281379645000010070040038712705120080810400030
007350900380600400106048573710805604050000800908134705800500046071482300540060087
051403807080000005400800030000015490005680372624937518300128059079046120000079004
075184000008060901602030748450279180080000004701450209004807360800023010537040092
007621003582009060060000009200016500009283001016057032070162000420300716690874325
876320045001004700004180690593000021600913074007058030005001308008670409469805200
540060100206097803070502406960005702100024630320086010700341265432050900050009040
040500037962130040005082091280053070007001980306870052003206514610340700504700060
200300614501070000368010000086900103425100860013000547602783490030091270190620080
960380010821590376050200004002040008605920147418000029073056490049030000080409053
900317560006985074030040100080021700402570030065834920070400000090050813053168490
040260895928040037075839410317085200000003154006102000030950021791000000562010080
319002085652318000000060023180200067240506800500001002731090208804153700065007430
120083406048602301900700800680070905050920064209065080091250048000836009862000037
015249000047800201800001354501008467700560020260097030002400080980012506056903702
009600000526043709031705800005436000760010095200509031010360587304080926080950140
602000005000106000071952400007540600160329857953680020708090501540800279210005308
307080010490605070060107453716240080030050147500019600104900025600301804903504700
270381049003024150041605070504270030000400290000009060026940580730050406400167923
902030704680421590500600080200540308074002906035068020369050070000780039028093045
290610453003402000601305090710008500302004189850069320080740201000000865120850970
210049060805600030600780040000807516108062300790000008072050680361970204584036901
010608005748510600500003819835704090200300480100980063050006300680230054302805076
008906035039001802702350400200504080850100620690280013001090206380672149026005000
840956100257003006619200050026000534780532900030640270002810009301065700078000015
052000960060090085908060143030086094009705630046020008084209050123650470507014006
710800003620073090348009760132040050080951230506000800004080009971026584850090602
076008104200903680590640327720060010169080203053100470400739501000020009905006740
625048000904070805070000041107200458280500100000781920092610080450007692836409010
005308107703195006080020030037050410209413705000000963102940350058231600046507000
000530070084290013753040902408050701060400028107983600840015230316800050000304180
020406000638529041100008600351000864006350200002801503560042089203985070090070120
534900276021000349760340810000020004642853000000060520185097063003106950090504001
190037408500816932068000000001000500450760120023195074005670049930001207240980010
007098560093050248586040003238405719001000050700012036019000087002076004074039120
050087043020000107367210980070038400002906008003040706714869350236050800089423000
568920041300408600020500097130706280706090510009035070850600130600351908903200700
004176320062903407307000006030040501700361080619020034906832045081005270020010600
046005003130004607005361904510680090090402800280100365400010700370040016950736208
026037100300801206741002803008090065000074308403005000097328004130056082500419607
300570402008002006425068903170800609002093710630014008000050261256401000017280305
013007628000210400284605090805920000600150287042006309006079014098001560450062900
530807629000903004890026375048700231050610000900030000089064712025309068070201500
072009003048537610500400709260003078004070021780952060000305000820796145659000807
030004829501200364428096705360408000142009580870002001004000007200960030080741256
250000040901200358807050020780091000190732400530046071318670294000304010075029800
001905706837004500006017304070060103365190840100570002582700030600280400090306218
000514630305007109261900050427056390080730506050040010076098420002470960034200800
400700005596004700087900042000020073032090406801037259270369018900871020300042067
008043009020900408974160530062091000500604217807030940180056724705420001006800005
100005460630401500507068301006010040005674010214090675490007056800009700750246109
950087004048900670020045108085000402402860500003524780510090046004078000039450217
670418009904520000520007403000680002200701300048209075050372010730094856010806037
603002107002008300890713620046001003300906814078504006209840001007000060081367952
960081325283004600050063940812000500046198702070420000425370800008006209007012400
026950087700861092001200460805749020000000508072380910008406700140070030567103840
625038970009200005040095302987020030150067009000019587498601053000083640016002090
789005060050130207020607580430062109097010058800750400040576030570040816063200005
007358090100000075002607380076500821010006903530180706720900068000271439090865007
054000802000614000713205469470026100080390206230001087360450008048060350007038094
500003900020601057347805201092007146700016009104908003085009600230560098600082430
010482976009003008872005010003201000026000183190638507937100005040350090050097432
176000320000913067403027080000700201701054906265109800904086700600390548530070600
410730082700006010920450306100063800802945001045000923070604250280017604504002090
000060040279041060480302951000900500904025107517403620740100098620098405008250070
503000092002005863409206751000000007046583120310792645900068200600050900807029506
106908023530400971200531004023000108000814007780090045812643009070100380300007406
017043205300900460240805030700004050103702048460108027002081093630009012091036070
150047829089060300230805406008013002501286043060004100004708600810000204673420080
806047003901083547300900600680090300012376084009800706290760031003502060108400270
572006100608172459409083060950024300201300847843060000006900030304000508005238004
600890705257001984040750000700045803804070012025180400182467300060500170003900240
840605100700002405302049806030407008960081043401006907693504001504010009000903254
021609534000050002580002010158300296432905180090001050305094008000530041809016305
900705010800900050702000690080032007000194238090687000548069371067850409109073580
060215387010780694378649200800000100026000000030062079203006741785421000001397000
941300065007060200026400031072801900095042000018590472200010007760080103180074529
395602010047310250012840700700020605000406971400950082030500020524791060170008090
600158203435209081080704605003016000700495800850300000368901050047500016090607320
630020148020800900987314000201790403006040712070060895060080300000630254349205080
028791003700800519103040080080000070070168392269304800004006020632007045800412930
040700300301590200069820070005280417080345920094010500028100745400972831010400600
059084027640090050700015906410000080067851092900402603234168500070040200001020864
500000003890012057376059241709245138023001900105060070000000084900030526608524010
300540009096830040584000736900170062700062104102008300629005010401320678073004005
058219004020340009309000821500080240930006100062174093085000960000865410617402080
017905026040610800890004057400176905103000048065038010600200079730051004250069380
693014827000002901208079500850001002400000103001057498100200760035146280000785014
800409007401070503067503904000135700132006058905800130089041075710950040004300091
821000547469170308050080000916058073300090106574300980000847001108009035207001060
506000000184030700002090054000900003060713048913204675600320491029071586841050030
704600000030800650509712438025070891018253006006008500001027004200301965893500002
840502390000400000903618405400985000306020508108004902005209800639807214284006700
005832000062051800800004203090000082520049176136270549054027938000096010700400605
020010064561300008009268130906051400102430079004900650200704306680120940410003080
204830091370000008900517034400009615610375040025400070703058409190042306040600100
701602354850930061300005200080126075015070000270048130007893040600250910039061000
840956100257003006619200050026000534780532900030640270002810009301065700078000015
401592038039000504080031700397005061000087029028360005040706050703900206905023047
400700005786009400019800073000050084058090706607083529860921057900365040200078061
103200980040906351007031200480097500030560040920048106019400030370600415050013608
608459700007020805140007902409060050270501480050740210030085104060004028584910600
009500400018049360604381900145600708096802000030405190200030670000708219957100034
020047801401802307870100090060019504208600000059403276004508000530000018980361745
920547060030000940067103052000002706580030004276914508800479621090000400741260300
350106800019300450080052130040023709093067010805090023030610200020004901761280340
145269008000507210003018900306920050254000006070856402010392600007600529692005003
040325078507108023302000400008937006900502010726004039019053004070086105065090302
860217003031894267700305010900031624200070030140608009308002096005180370000000185
050193784000000000041708629630809472090002060104576000500001347803000291419300056
000150406547300000012084539480010700000038240230000001063820050829543610004076382
860000259700985300035042008246590730500003080008260095170356024053020007080100063
100009002326801749007062003269587030070104908040000207405200070700695024032700095
000900614019540000647130529520800400008024050400710002100060205782451006060289740
058300461470050000600184790007891603010240057392000008700402300230060514104930070
903048000006200301270560894328619047000000910190704200710050402500401609604032100
587000906000604005069587130608032401300041000710005328070010203103056070805309610
530047608100300027690021005065094080900008056710035402056183200800400001021009864
906000850850360000401958020208005400005007936700409582010090008320841005084720391
408630005620057408001002730904008002100290647230065080702084060050071804049020071
813700029050903060700042510620001045045680090001520037090138270074009300230006051
004907501301800009980061307000008034438019200057203108090120050012390746043700002
060704000025038147017005860840093006700200904091507308106409502070801030580060071
709060285000240000325980164290500618563800000800026053000790430086002570037650001
001360045370150290520007030030009516015406000092031407000095802768010900250048170
040300080000026007027408001380741600500289703201030094493562178750010206002000450
800700005265081370700035018006120804108940056029006100040602083603590702502300060
900010607700908020403627805326750018150002900000361570509000106230100754041000209
690312500352706000018059236060004050830001900040600801089073610106940380520068000
500036891970821504308090670700080006063549718000067200824070060030004080090058403
070001032009470806264350009942003061050009300006514207083025670605100903090830005
030000708752300900006497520400610070091205430673940215000800100240109000519034082
090004320034562970207080060003058196071096530960010000086900200019605704700031650
492087560000002094108604200030708045647500100001906307914060002005239406300070950
501024069000760050936581240000150094000493680405000102254037008009008573780900020
876340010009070004500109673097025060601930452400600030200090746064753200710060300
006482005000310800580970302750800600600057400248100070900728034004691250020543980
020370049803649050409000807506080003302406780700590402054800316230964008007030900
087926040030040860206050170710400253300087000920035680091673528000010036653002000
604517003009403000057892601060009830875601024932784000006300009790100002010975008
706201935000709682000000714080100470357004020401070803298003007603598000500627098
475109283036705100020000000009071005000350809008902061000097340004283516580614902
253000400000690053080005010402803090007069348308471520005130080749086132000920670
160090287004000000702800060010920300083147659409030721076014890320009476940006100
020010060010006239000042851086270305003058100059063402072031040830095620405007013
006013902230469801018000600824075063000600008670304509100540007097100285580702010
601708320034050070050603180309587601100900250508010700000024017470065002215070460
082316005030080040006720013267800530500203087098500204009602408040197320000458100
008200094230546800407090025195604738800103060006080040700809210560031087081060400
205400106004102000091503482050908201140050809680230040520090004416025090000014528
000978000008204706704300289185002903240500010670030502897150000001087395356400100
060352174307000000000080590846521700193708002070903801530200608012030940680090320
005040197640730085708051300060507032280316059503000016906000008000192640432060900
004605238620003010980040060007500002500726841208439000301907520800102403002304180
003048769000270003040631208068002010030157006100060020605410982020980075894000631
000031060250970183163080005032108056689750341000300000305000010020805639810493002
070210863250960100360040002500130609080079500910652080095300200106504098820796000
104002700200007540750463082400705800003024956591030200007340600600080310312076098
602850904590003026007096005073510080008607091016900037704302009100070263309065008
006400702308067000027890463001030800790028050830046129189005204000304501450910008
680020340520007869009846000302980706070260134065070000856402073200053401400090020
602850904590003026007096005073510080008607091016900037704302009100070263309065008
403095062600020093921006405000000734792300016006500000039208601017649058860100920
176349005305001079000780013700008000050470092401006037203857900860132754500090020
609000070008070129200059006071060203590240800060381907105628094004093012026000538
300280104020040790400690300005060007706450213014379506078036420103805600000014805
051604900024019800790825041047908003038001597065270418002300060070006204613000000
260080719870905004100067500418600900030758140007090306689341050050000401700029063
900427056286050340700030900500000104307940025069215700694302001000600270802590460
070000080020438960684207051206149000031005609040070215068010704302700596400652000
907030086083020905501790400100680700348050690002019803090302017204075008030860049
002057040084290360106300920053009800041830792090076030360014280029060050010082603
860504179050190800401600005005019630608345090109000084726401950000750002510900708
089003000020504198041609270135806947008300600090740300002460701817030406060150009
160920530350801709000375600075482301408050200002000085093540172040018000501039006
080967512021050090506002040100230608800006050365709420007094035908021760054003080
005300089903180420206074001760010050028430907009058042600800190037090004490623870
060104095040003000819027634026305817384010200000208003401009508000871040638002901
040000806050364001963801450078620005500087023306100048700506089239010500005049307
040000500930526401081073029476095203005031764200007000759000142020954300004710008
007504209529010300030809570050187493708000050910405007170043080004078105860900034
020410060814039507600000413003000004467192805050043690031528006700304159000070082
603040700705100340010700965081594002270016500540087100107028003902470006408950010
695403820480192000231008974072650080840020507050807460000705046008209010020300008
840270003600040108379608250016700482004800710790400500063190825007504301000360040
007300458814000970093000610000620097900175000675839000056012049780000260420068735
920143508503000004800750206380090020002314097097006450205430089408970002009800105
240010060610390002005042817100560004520008671480701090050200940802004030304156720
000003700186520409073690082308000590050036807092185003900000054605749208820350070
001072560000040001060350000010520970097068423080039615356200804079083256802000107
251980040680001900000360200004590308819030004365814029978200056100608497000070030
390801057207300091501029400000080045030045070705206000408002713912403508600510024
217058903003900008060210570430090802070030609805162300701340280609780431080001000
000213067120796040370004090051009000083140000204560080030470618800001034417038952
805403106910207543030001000040809260701300000028504391207035014304006005050740032
605390017000700062417605800040009308950187600780460000030001046074930180561840003
134060578900380060680150203003510000069003124800900357006700812700421605010600040
500309004003700005879540326608400000350826401004070658720690103400007500930054870
300905024920084060045070830160203958030510400402800006003028640706459080204000097
000906000609783240537000689208010507400000910071020468064890720003160850700430096
867500400401872506002106800008050162050063780076008900025394608900000047684020005
030907001780314925014000300000052090657001230890430107370500010001270580028069703
004600820063478590079010300730205109081037050050100740108304670325709408000050030
634578102500000000710290064365907401000321856200460037040006370050040010876100005
000600000074300809230570100361295487057430000080100900840010502190702048720846390
894051067503400091010038040471800003000000780308004000137095420085342100900087635
630018000200435618840000520008700000923541860060009251002600085406073102309102400
001003080790804003305109647920005074057490020010302065036040852540006000200518406
620098007830700409090031580100200750462087190070069800007025000308976205206000978
028791003700800519103040080080000070070168392269304800004006020632007045800412930
380090576600327804410600000200079160009031050173500208006903740900060305738410020
120083406048602301900700800680070905050920064209065080091250048000836009862000037
670080940000406107914570003001960800897053026300800019562708300000039061039600208
428130000700264050650790000960813570340509180085400920210000498803000610500600037
007063020801029374253710090428030007000040060009058000190305682700092501530086740
806102000147500089503807460039050008071084502408023006705318000300069870080470003
309450008608900375010738690001073542703540006065180709000000903280300000930200867
167032900009080041005016302524609003000340509903008064301094050090107438408060090
073400000014006035090783241020040950507931002906008073069802317000070806738069000
300840910068005407104706500027684390010520804480000005650070180800063709709108002
540007930302095064010064080401080273800002040709431006008070410604019300105048607
061239745005080000490010820037050004600900071104376590300521680080000100712063409
040082709076409230902500800004305108059000000083294657037821964401006082600900000
000870100067051430912004708100000907035089041209416005308620004040090603506140809
500027031206000875310605204005060000001234756000050043768042010103870400904306580
007912060152063497060000008430706901021039870900100003290301000080004719710098032
907320100003095200480600593094010800305780900070049635008057016016800450509160080
423800759000200300100900026004093217300108504002547900800050100290310470701482095
481500023030201800200840907809400000004185769160007208700300406600014005543608072
072030000103000070008710936010204003894100520300950180407095261250876049609400008
015490270987300140000170800509780010041600587020510030800007900472900300006835724
107864032000009700568030049250978060003120075601000098010653807006000053835092004
402089070790205003083760940608010359007832461340500728800100206205008094000000500
587000906000604005069587130608032401300041000710005328070010203103056070805309610
800000009060198300950402108390860510086531497170004806012003050049000083030040271
003097215070002360000600970050026400000750082642380597026179803080003750907040026
702500143138246000045007860350002604006800705480675309600920078023700001809000200
819004075352900000000003080236049758470005921005872436500030090023401067080006500
004900006029006840863700002000000284906508731380007059007295008201863470600170920
020604070000130096060200400200500739900420100086019520002740681070061052631850947
801302079003500012027904300165700200300890650400250701034008005018405903006109840
000209580981576030072048000063950074290007860705860020107480693608700240430000000
564098730200170064001006800000010678800650003710809045029083506187504000650920080
040090815601450300078203006700140500089030620205860740007085034854320000003070158
800061025046300819050028000028100003604093002700852106975004638082039400400507090
872605091000029600036007802741582360093400020000006704005208907209054030460010280
618250703093000025507104908280070050045001080000045012030506071102000806870310594
093608401801090030050130608005700000079215384410060250087301060040520803032800140
003512970506093010701000023100008009234075061900036250089027105407609002300400690
108056203530402070400070095610008407002507000705103962890620100260004589050810700
562040107010065840080701200731602409058470010000100605806900031020800960490516700
006038750201970340030002910067210094340007600109004000900385007604029005503461089
492087560000002094108604200030708045647500100001906307914060002005239406300070950
008104600271060503640370801004900000090046005506738009100000954059481200062507138
090002080460730209320059064570940300043000690080173502010300806950080430037614005
502008640380260000967103200093614000000037096648950030406380905051020060009076810
020690517608015903105040000037809400069100832001304600003470120710500300802031705
402790100075080032800301750007008049084216375306007000000450816591003007608170090
007098560093050248586040003238405719001000050700012036019000087002076004074039120
030002081209601730780034500040519270695000040070068000068007419007106800304095627
051078460908602071700300008004795020580100940097003150870501009000069780429007605
704095326193028074020700091362014080050000410409280000075860243040350107001000900
049070650050960041100200007492035106031006500006100080604580703025413860983027000
376014000000530407509002813904000081067983005050140079485390020700060104010407930
438100056070456003015080209860007032050200080029860501186940320590001008243600000
092568047400009800000234195300905084985000703000301906720050439600097521040000670
089076000402830560070100893700403058803700021504081030000360942930050100246018070
900006570170020804300040691000050010250061700860470050030105407709084320548207169
307008002500402370024705106402063000150074260090001547006007809901006700730289604
009860001408010520071045860002950630035420170046300005180604002200570316650100080
016400000000010436984326705047000060520034008060782594005260080090000352231859600
000600205006790138900100004090580013007014580800230946405021009028009351139860400
008203500009670408346050702430010059967005001000496203280034067703500904004107020
970000643003640002604139500000400080805073004467810359058304196209500807006098000
003250078056080031820307090470813950085006120600005003507132809104000002030604705
019463500050070061600005973031080240200001007967300008490108720020940805178052300
006120350300509000925003176560048200290300087100092530609230040452900003000850962
030067058601080200970021046180239604090070030703005980540012063310800405060403700
030060710504713009108004053025609148000040305491035000003406970912050480700901030
539246107610503904000000030305000609007630810086957002853702090020005763060301008
304095706206107048000008932841063007002804000530020684020300000713580400065012870
200530600570098132038040500790004015001270300860310904985423700040006800020080459
627003100040507090058126003001008320064352000800001065270804600400019032019205874
940030001300104079105028640052001390700092060804370120080009406019603708063057010
504369120610247050020001403835020094270400030401700002700512008340070905108930000
100800004604300520023050080709425318000030900835001742070000895406500270510279460
456283000120095003793416802070048100614907200000620000047062300030800001860039704
106029000059084602400670500570910000003000198914060250300046820847031905620805070
098530602200090830306820090002763950560008703103900008001070006804350009037180524
639487100128560740050120609840030962002804071071090000596072018003010000000000536
804091620090706008020430059150209870900007204400063591600315982200980063000000410
002040608140800302360729004895204000007960051030008249214080930050030087080495020
031009420005346891409521030900157000006030109803064052164002000208410000307085200
300401050405093186162875009840000700057930010203600000981300574730004901020719000
010094830079082061408060009701040386830021000006370042047800013980216574060400000
017008042600471809803020070500140396134690080060003004005004027021735900706010053
500708316263010807180903025030000260002680109001032708304050901000007082008291603
700000000020304910594178362200007859809021030053096001905743120107600590002010006
003095004012600035540720106006340057350079018027006300230400001400930560608012470
082130047036082000709650800050063004067541200940807056000275400604398175000006030
580060040009054061407190052170630080026470500040010627600740200804300170750901406
080640500700328490009050683090261000561080240802400030235016000600900815900574360
008001200415290003030046519820603095500970060093080701350109047074008930009704100
250148907094503821803000405142036058387005200065702304600000002009801070008620000
670901800015030769008027400560078203492360000700100040040010025307589610056003970
400693170690500400102080950070038000846209315200005890001802040724016530005300620
005308107102574009030010050081090430306247801000000765608150270013726900079403000
032460789640100300900320006304081907590070640007640030703056094009710503250004001
040830509009064700805002004300020978192000403507000200978006040453008697621049830
860409517709001000500037206912706000007003102300014978070300600608905401290160053
014080902600413700080602013040006080968231500075008230000820090820379605039065800
007350900380600400106048573710805604050000800908134705800500046071482300540060087
010800000070096850859210634598100307000678009740050108902043010107902405005700093
390801057708300091501097400000030012030042060902608000203005986475906103600120045
580910000204605719010700503600300002045092867801076300490561270150200906700009400
450610809013095200060300701084509360790060514006071000648907120000040003301206408
000009402062100000945823761006080007073465210520300608290506870000794003734000096
401005203370021405006483009583694700000030508120000090730050914805000630610340850
708932400502080039006050802469508300007614080001000264683091547900060020100043600
070028150004000679010060042052173986009200035380096001600702504031045200040019360
060352174307000000000080590846521700193708002070903801530200608012030940680090320
004007901912030075537001208005002793170080560020005000050018400208709016091206857
300100900128607503005304081583000200910872306000043190060038705031050462057201000
061475903700090154904318000640000508580267010070050032406503720800700006010906045
100700206400086013693402700500604800060170309271008560002051608018060050950840102
000014070000729103701005020935006081820190435107058090070000248580403900604082057
920300586360800007000090004142905000608071352730200491470020063003000845506143020
562010003087325694034000205750001036016073900300049500801000062643802050200130800
090002080460730209320059064570940300043000690080173502010300806950080430037614005
607108000300640270105030608000000862709800004860401097904570020573206400206084753
148007300760200908093080745537609401402038097009004050000000800024890070806472109
501360820208051603009002700102970580784630910000008007093100005600403108807026430
000010080000870906080246305450000638617300409098065100504620890000038501801054762
005012704406003200210075003890264300607150408002738009120807040900000871700501902
001020839003610000749803012390176045005008706470090300002931407034705020107000063
670040580902008406400265900367001005000437621104080009845092760703650208000800050
008003701902147005103009062410002006000070123327961500609034010700506204204008609
100000750467305908030978006000080205601203470925047300010060500076502804250830690
410506072507001680200038500080459010704600805350800064075002030043075296006084007
043109080798602403000008790087061954009200007530907200906014005014520870002090041
005860093912700804300014070090540200254000701100278940680305427500020000023087059
380050001102009876007182003700000002060290700215378649540020010900564320820010064
270008316800961742000070950905106000036009521401037000012080600048290073090604280
000257308027008009485900071843160702062084010000020086034071005010590824908002030
001359000956470301740020908675942080004600070038005609510034290062097004000060730
409680572620001000030240906153906248780300090000120007378469020000700489204005003
925700036814609020703125000200000740059803012000462058007310089002080301138097000
064020700100087605000631489000009163000376050600158004952864307340002590710000048
218300509374509800905418207000285190000031082020004350000003470046050000593147020
206193400800065103130000709358040970020079030090038504912056300504307090000010256
000950630654708290300260408002007010503002709147000580731009800490800170825100940
091405320350081000070030581705100800180500402060829105900004050648300910007698203
700192084023000009908730520019620000402070938500084012600019270071240006205060140
050000482007032090024658713285040000470860025693025001069307050032014000500290100
060830000082504076945760801654903020270000593100000684437100065509000318000300049
080200403350847260410030080061580327023796010040000050230460109806003540100950008
932604871560713049700900600890541030470090500201800904007000106005060400009170385
058040060240081305070065204030207000701600523402053091800030406594026037010078900
079025346624083001000467029000600004095304680300812795060001050003008260002030418
783150206506270408000638751071003960400900875000000140307000080608097014049065007
072190000004285967508000041357609408020500076001402500200007610010840730746320050
006490003801607920309020460610980004054700831008150006480075019160000307700816002
560408700307002059001057630890700160100094080270806905005201006010503094738040510
208190740605340020400500068910075203007630004304800609083060092040053000062081437
010050894250406700780390050030024070527938106001000028075812460042063500060000230
000000860170208430806350007005083209690005000783020054041500728967000501258071390
130206748680000009500198006050314070763000410200560803000900004890030501425681930
058000040009760081102843096814630905200470803700050002007026054020090730341580009
710480062890050070004730908070040090080300020639218745900500000027061459560970201
904570628106089354002006007300100070001042000407950061053014700700395246000800135
897156043002040900050900801008007009710069480260804037000670320574280100603400708
400980100015020000029301567067508409090200073030790625701052090940063001003179008
987100425431050009600070813200041300060080041140039057000506000090310604816497002
017490230025310478048700961200073049730569082060000000000635800080007006576001024
003000460009048300841637502917056000408001607000072819004905726782164900500000004
270381049008072310036405080302540090000100460000007050021850970740010508800724136
305008090780560043090130805450000060170025309020786104804390510030801006210007408
987562410250017908316080000002875100700290006805140237000001680020038501000704002
004030000360570012028600000603459271907106804002003506001865329005304760030097005
020906003800030010613085942100568070306090824970200005400050090581620407030870650
800257009015006403209400087021045630300860200058030094197508340002091075006300900
006814790900530000150000203501203974740006580029075631405700068600308000087001029
486000950000980624901546300070408090040600800069053072350710200018205040290860035
106200530070869120820003600240001709057420800600708450400375081583900070010080045
036215080000000601009860520007350298095002710080170300001000935003041802652938047
800709036950026017030180090041208975000400008280597341003851600068900004000674003
028000059753080002004605300902500070831074596540300000309061700010037960406950831
760328014405090230010040008090760000604030952031904087040280309906400005803079401
003072019705030008081059607450008100008160790016340850832006470060084305004203006
004100037310407500890530041070005209059804170103270080040050010030028704685740302
804179350000050980295300007506908020030700095709032406041000038050813000028490671
194005023028910056650832194006328900870451002030790000000043080083500201002100400
020510080503840009840009725060170902037000140015426800080000090790201560150394270
000698005805074000940500082280106750000025004090480126458702090070040068039851047
105800609400600002760250143037146008006785004850923701000090820070460000089510430
000000005680407209302801704417086050009000670265370008726045380000708500598163400
406080090700260158018530060500406800971058620600002015097803006305041782002005030
070180096095700040063904508030509402047060050082340067356408029000007605720053010
037000001400107020910264873800000107140702009570918204002370040701406392304020700
700560100940010276010470003060100300304096501591308407639280715470050000002600840
046937251029006000703250000060470510094001703070690824031720040050300192402060005
096100300358200701002370865043000600070038109901062500004610953137904086060003007
190500406047896001300020905400602000208910654065400120759240800810069502000005709
800027400507040091094310708400001976603502104109064000018256309350000600006170805
350007109040038027710049600004300058800052016635901400270000030081093260500824701
460050183850301000007680504600204300000900648304068712900020060748030095026807031
060807210041300070028604905200701069814903050600002301082070600056098027007230508
095008021700029500801703940509304100000010807218605490040207600682001009050036214
430068579076930000008010230350001002107020304800753690710090000623580917000076420
051802000030504012260039080086003127040021009100708054000906501094307268018000973
503001040241700068980000205009042706000318029402060001354689000700100890198203054
030089025268030079090720030079602003180957206050000017300090058025008164807165000
309502000482137690571098002840310500053029046290004300014000708608005010025400060
408030769096004300300962080083009005040508603560270094730891500604307910800000230
060310900040597020750600341090053608185409000600070504513940782904820003000701009
025986007040007005690010832780002600910403208003078019160800720008040300032769580
827954030100068250305200840208706310406023070000589004504091060000035001080002593
002014078500708309798003200830197624027080035040030000089340050001002083670809410
416703050008000027002586430049000500201860790007935140890607210020041960104200300
000096050756000800902851746800000375079325060063180004008512037047008501310900002
000078903005900401200146075762403589001860700050000000146729308020381690300654000
890100200504370869003096001078510900065000100030629785100730624347200508002048000
080390142042005000169002308821050003904000000003847091098001600207960015410508729
000106003900082476030950810209030058083421769761500020100000205050700981098000647
542678000309125080871034025200813050007542018100700000725400391400001500013000004
009702600470690201620050093007105984804920305096300000945206017080570026700080500
643800005001650374020340090108095002007130058034007901302518049406020507050060200
250960873006020000470510260032006508005182007608003940309075004127649305000000790
800090726005000080040708351000072100500040600084006203396587012752060839418039060
219050306700410800845362700092800014007001235100625070050296480008570009070004003
319002085652318000000060023180200067240506800500001002731090208804153700065007430
104962500059071002060000189975608310020304096003007020490785000030000957510039460
500764020020030970714002306630000090078596043040021087200840700380057460057010802
208070005059318640600050380542900063100003400300645019005100006821500904003892501
000613400460200015819500203200106904380009027604072001935761802040000036006084500
130405002850032716920010040000050024742080951503009087400800230260004078370020409
821000547463870102050010000974031025300090401215700630000187003508009016107006080
034029050062008974500401600810750000006290718320100560080000020603942100240065397
030002081209601730780034500040519270695000040070068000068007419007106800304095627
706002001529480600318967500100600094673249000094108307402090700900000020060720439
087650001100072548092400030024580309870360012030700006209106704310007900700890103
501279300003040210270003504004130970300052061915004003409580702052300048008407600
028005070500124306610007590900603005463002809200801460830000200050076930709238051
054602300063010742070340050509100270320050004040293086400026039698530420007080100
180040903402910008900602410730004280010820300240079061000091030361400002890036145
003408750021350906074010080340200619150940000060031570980062400706504190400090805
008230651200185090310009400500712006080400019020960745002091574850347062400006000
420300060300086704689704500910630800200875149500010632006540070702060395000200480
400200386000540079000803145870010003060702090200634058509067812708100564600408007
083017940010920008290400307741200853000084009830501400008042031102800790074096080
700100080492380061183546902630059047279008000500673290841060009357000800020030000
924000057070000308035001042403752960697130825002009400009600704000423019041597000
051002000408571302070900158200600030900213547713080090504100003860304915100750020
609508437354092816071403590000031000500980003983050004000000301168070040430126700
500003196963150800100260003047021380059630407008500009700016948806092050401080030
700380100850671300030429807500743000980050604401908030008000093290536001305890026
003470090804392160000050234000580402085120609190000080240038956008960001709005348
514200803207900600000854102703601000059400761020000930008026309900340207132579080
980070105102390004700085029097630502200800006608209340070520060021064703504003098
019080270836040510000195600087069103064510007090020806450900360620054700900230480
097050430000980000514230689470325890026010005300700240650103024039040068002809100
904570628106089354002006007300100070001042000407950061053014700700395246000800135
890070206005802009072069085159034820003008560004057900546301798008045002010900400
302910047007000000590748263109070080030052670076480310005800004803290706920560038
000301420040897150195000783000000000937018002284006915013002508576000094820605370
000906570789002031053708020075301894001870000840500703560190080037080946008043050
504319200800740513103000900600000702480063009059187604365924800040001026700800490
008503297609874130030190000045000081062400009183000460874325006000607024056041800
060309108807000635403800200300607812102000064586400970908746020630280000000593406
205081906916300800000609710052000601009746028607205003001803204398520060500007089
105000090840362057000950403004020035503478210271009846608704000010205004490600570
070001908002507000300408076200070693910650482400902710725806349039000807800709050
160700050398265007400183096006317500230004861510800000620500784001070005050038902
105840036940370501000195074080010000007003102210057389706031058400768090839500000
000060740649100205078294060302405690001026038760080010910072800030050174057340020
270381049003024150041605070504270030000400290000009060026940580730050406400167923
043908056025130080800050302080019070710003529390605040430700065208300097900584030
806025007001007054000004368670231080010400572200078031700140800109800003402763915
790630258800020469006000000264093805050280630000065027049002183500308790378000540
246908001701004208000017406630142085510009043800006007003475860460800032078020500
100200005495378016020100980940500027286007000000632849674000001030916408010704302
030150007027980030601400289076504390203007060040301802002000008104209750095618403
007328100003006287281004006700080003430070098059463702105009070070240960094017320
824050003005091408100380026490008732080147900650003004000010687748030050506872040
103090806409003010020140030701860403040519700856437090010070320937024185080000070
580060003020598176710430859835600002690257000200009001142975038900000015008006020
073908052100407000029003471002084710710002005506170203008700100057240908201890037
000075204097210800254008076075041000800900417410730580589407301000100060061520908
060007020708301060091802374105603092802019635030004000089000753610935040200408006
609043080015820009080050246750930068160270090900010702030001907200507810871092600
008230651100967020320008700700543006060700039040690587005019872890376045400005000
000591020975000001018604359040280090003407208582100470800905702057360080029008065
894051067503400091010038040471800003000000780308004000137095420085342100900087635
820346059706005408005900006209051080000620504543700610054862001608097203900000065
305018040000235070102060539056004903910706420200090001000041006601079250094052317
698021503002670008400090102009280050037500201520710039064800910080150600051046087
604279003978300200000800497007010000100438075835007614009060508501780340082590060
608200400054603082009018630090061004061300759042790008080100503403586007720900806
060048009105002873082001054008000090000029341400300086314000560076180930029653417
300052697670800104095071000240100973507983062003700000020590306730006800106308029
480010723035067100017034800520106487000375206000008359160700902000980001790601500
130750408640103972028000000304560029007000306802090040401205697906074201000019580
040026700968040503570308046309804071000030000207159364806070410025000900700485602
905304010807001405600590032080020604540038009790105028051970203208450060060002540
907080130150097000082413905005000200200750043700301089579048360836005402000936008
057802000106049307900070215010087090500023801748900032670230900435108720000005043
685402301070850046004370598010064783840000910030500402000040057307180600401005809
649710003000309060310500924005260040201437590430000078000075030573004610960103705
080479160060500090794600058547263981030004070009080600950307406600001020410906807
060103028240000060081652740073004286820375004400020050104007032002430870038061005
000072600896040271047018003050080720670009800028751304062005980780290036030807050
003750001807014602041080509000605793406200000395108046030800905720531004018009307
729306108304180009080000406000600800148750020072800590016597300005203781237008900
390020070070030620600007904007452301805001090201098000080240710413905062720803549
090010085040275901000908000570026048200450093030000526320590804980103050157040639
930750006016804500705631080400079600300506012561003700023047800094210060107060024
500304769607090002904627800108040500356089247709000000460072083290000070875001620
680413725010057369000020001106009548094001000208534910905002870867345090000700000
562010003094378562073000901310005027028097400700032800406000098251809070900240100
502078190017002008030160072301007600400009810750621039100205700003086251285010900
068340005070961020913280706340600801129758634000010270490000000005100400682530010
000000608840000005016804230438726590205430067000500423009068150680905002520073906
680351472170420860004070090800504000016980037532716900900040351040105020000000749
739006001620300007148250603203009758050602009910830240496003800301004002002910004
006070349005060870078020000040010560752083914610450203591000600004136090007095421
013000062020609008085214730204006053500100870801547090092380640050470980740900005
080090025296000001031408096170980600052603040063270019625801970018000000740062150
073954001061030074040106325930028506682500003000460090108640237050291000020000059
100900003208730910059206084970000032502347060600092405801069357705803600006001090
032006100700320068506710230360971802890200671001040000908467005040100709057090406
160000007035742000040196358304015900980007010006230004403581760001073082098024005
700200091904760302038140060006050709503901026097306100082403070301607208070500610
000406120010520007020107000680273459305819672000005013102900780069052041054001006
306001008915827630804093210000380579007900302290005400439078056058006003000039800
104526087850030020003870540205397610740000900000142758010980000078260401932010000
206035194100902050059004003460097005005100300308046972603850029000070068827409030
010050894250406700780390050030024070527938106001000028075812460042063500060000230
098054600600021580013070409082400030100800702304215960865140207030700850020580300
387504600000100084510680703890206005600003129402015800700350201203061050150008306
931564007070002054004080610080706130306009072709103008007600045260490080045078306
070190408806300100045082306060023504580000263430615089004560070009200805708030640
938027064400569300501008092302604100004703605090200843070300008100970050649850030
649710003000309060310500924005260040201437590430000078000075030573004610960103705
005100804403205007290804603030007200026508009910032578067029100100080740042750096
503010260090746510601003000410830070906000305700562901300627150007090820269005730
604500210017800400002413870070004030009638547438700600791250304060001002200307109
704095326352068091090300057479013080010000940203480000021870534030250109005000200
948062375000900008056780010060518090200007580485090701631420807000003004804601023
009001300301690852405830100013250480940180023002900001104708005730025918020010060
020406000638529041100008600351000864006350200002801503560042089203985070090070120
000410908196050040804092503450036180280040300003570420061009204740005800008124075
412006058067350090903080007020700613736100900109000275308510006005247031200063009
905300001100064057067180309059210008300040010680570492014650903506030020800490570
004000120013298000702451380070023460030089010206704953548070630061000207920036000
207891060049600002030070000000500620000130057805724039471065098596348201080910500
087453910005170060421090007100700203043005100000900746304089605060017428078004091
601025403520341080400000150000090020205867009938002746104000075807516200300074860
352084100980070025741200300008916034004350902500407601697500810020060709005709000
710009203290457610800200047605300102109020570020091800368945020001080069070100085
243910008080500009150030024478023956000095847605704000960058002800001405012070680
280430590007850203501200800072048030050020087803096150715682040000970608908000720
048701052102046079900300100070284930205000400430605807800407516710500290024109000
092014870670023904001070020007300000960080201208146597700208106013409700806700309
200000085904085021853000600000900140020630907079412806095041760042809513100503200
010020480060005079900087160087513602001804530350092840600000308548030010132608050
200930600570416800906000531030604092460301050810070063057209300690040075300750016
139872400680053290500006037090000700061784952000921600018230500040500029203600078
046937251029006000703250000060470510094001703070690824031720040050300192402060005
096780201278164950001009870005020719932507080000690002104002005020350068850040100
380041095905820060060003280570936002000208030238000619800060001650109328709302050
160070090975030240000915078590760800080049003640001759016304080359608407000007530
006482005000530600480160902860300200900024100271600090500246071007813520020975360
308409007070832090209001068400005006865143209023008541000320910790000003104986002
005030000369708105100520439096005381030900070840613500600000013713894250002301008
067050031020130089000084006004890675090005800586073000009541008008007914641928307
140900000873501020500407631019078000407000918208194006020805703061049500005230190
974025006100490502005300104836004019700010308400832050390060405001950703068740900
030000500582019036016032008065124780273985010000603050000250067057461890600000105
071938425030702090052000070497010500005820943008094007006140059003089006219070034
130490850020700001098530420012800079070903214409017000900050702006320048283104005
270051840401809507006004090700502006652307089004060025925010078047086052000075004
230709500000360271675400090083054009502100307009207085850902704307046908004800050
040700085006580347705030602402100006007060090009408271390210768200643050560009420
012903806040067012706800009090185064005000103124096008950034687268709001000600020
000004100617805049028039057700008462002410700964502030040907286586240003009080500
004702810060030020700580600690010002007048350008025090203894165986103274041000930
057409012401075896908001074100006208006928001200317049064003020500060983090050007
300920058900004032182350600700030081805400270041278005068043017503700064090801003
208067549090032070670080002007620800800790054423800706005210467042576003709000100
216340090700010803090502160930000080508924371007830900601280009089001630050490018
900080040765340008004029715150092003800130960203060107620003574031470029070056000
804072619016340008007106000041900865700008104058413007000005281100260793900830050
901004786860370000200069501400010863106002050093586200370190605520640100600020309
600945007020630940849070003000513280430762509152090730001009460290106008060087000
050062700027000085940587620100409006030050070764031598478305060090610300010700852
209106030701325860500080170060954013010038907000010006078241090600803041190007320
080562140040003607206400850060130574730000201058024390009010065600045010410290708
490065170012007890080109060030400007270001530806973201060004008900506720325790406
002180704090500263760900100900705380205010070387020405603400921001290006020361540
090870206278000401000300907762043895140258700583907104000080300900025600806701500
892643057400010083001090006045009802020401509980506010509100008034807601010960230
903100005200057980058304102045800006801003407700541390032908004480706520060005039
080403005040270036379050140067100000230095614050306078026940307700000400810537209
028063100016200930005140702590824070602059010004000529200030081843690007100480306
040830269820094731039260084304012605072050000915600307058300000060089003090105800
001438029905601840048000100000020718713809065860017000209700001000060982186293400
049750031003196004506000907001600072035009100460821059304007005152980046000510203
300106805215030074007024090870005130030069200920380706452800903003092587700650000
589201004100403208300006105620130009000697520973000640090040800430705902056810430
625038970009200005040095302987020030150067009000019587498601053000083640016002090
785023196460198003001050080000700800508042031026000709297501408000874025054200300
104790200765023001320005000270408695900260700006070182602304000800052010510980426
560008010032690070478000060004950300097862000201703008040219506026537009915400730
017043205300900460240805030700004050103702048460108027002081093630009012091036070
000085020582010063410026905073060204094030500600274830000740008765091302048600097
560008010032690070478000060004950300097862000201703008040219506026537009915400730
420780695008034072057060000204000500035907210090825407042390060380002950700406820
070010058060508042005320076037050000006283507501746203024895000190067025058000460
072045080004300070309201465206050004700120530910063028860900057400500093503782001
203918540050034020104000309800370400007800203321049860768125900030000015010603780
001900030542603901000105082005702100630500247017090058300861705008059006006204893
300410800074060059620059041480006192005800070260193080806702400040680037031900208
700004500090207346003051207900000120306125409412079653000390010050746800037502004
009006043206001070048307612691700205853100497724589000900010064002000908060048700
700030046290046708460705301040570832315000600807900010109000003530600180674310025
043691502000000009000328076530810700874002001900430058451209863080063140067000025
070040009058703020914052008000430610300217090092506374469000080837900056001308047
798640015350017080000800027006429073109070560403500800230180750907254030800000240
050870640700190030002360090398047016025081074470006289537009100809050000040710053
006031504107208069934070010802513000379402108040090206415700083628050000003004020
490000150065781034010594206053070009080406300670039820800000003529000781730015490
030004057608935001450200306016050724023400008007126005085340079762090400000760510
094000630001970240503416800108759060035200170200040058459032006080507413010080500
309010200000420053080000091795108420064970305823000700548090132200005078930081064
070400503506780910421003706389640050067091048100208670810000007090170830050809060
000820590708000006040657310800001940104032065605090700582009070903275000401386259
932500081408093002000048059806021530070800096301605040783410905060350074004009010
023056791706009580159307460218645370000000025097103000070832050000060000460791030
010528000054096018068407950600080004901700865483600170807060401090034680140009020
570010406940062080020403109010609830200084615685200000058190203300020540102340090
080004935053002070049563010500030401017940506420605090271050060005726140900001207
897305162100029070062010900280070030003580021500030804425008613700062409610003080
970003254080670193000094807830060005005007302709002648603750480048026009090040506
704230580001760023830050700300085604410090050508602037100826040640010008085400361
708060021400001008610875490307082614080006900160507030076423000021008306003009257
007900015038506700029407860290085600053064028006002034002001097061079302970043080
460093005010800249270150003920307051001060394034018000050031062603005000102680537
005000480891600052302581600006800004420910067008060235080153740007008500034796028
857000002094082735010500040400720058170358004380009027538200400720930580940860000
143807000080040910020051784490000305600913208802460007050020600204039871310670050
976008500080095607030067180320504890059003401800906070010700908768309210200601050
700240503021003900048059021070002800030578260285006104010020056050860400462035098
400980100018030000039106847027304908060500021050810763601093070390048006002651009
600800070083401259490720060800190020027540006530002417075316800208050701004070605
300001540000002170020450300918370050067005803502849617005620401103580026200093700
730500009500480012210360740409106530027000600060748920900603008050091073873050096
049300002001060573056827040010796800002040716674002300460908030007004908208031057
004070093137900006960305400879031004040069008012480000206700901450000672701624380
410908203803026090900700804080007009047089002350041687534000710060134005002805406
349520780080703960067018000704009002000032470012457093000000107190870326400261009
013000062020609008085214730204006053500100870801547090092380640050470980740900005
000504800493068205700000634016807003000006900534921060040083057158470090067105082
482067053916053000030040000600324517207516830050080026529000300160005070800032960
306270800042900703007403209078310090005700481460890300003180040059640008180009627
750094100040165029091000045820010604000006018916458002039570080500600201204081057
703520109000019300129300084800240600372000498004987030401090703200854910906030800
920870605084036079006001008510709020300012087402300960007253100005048702231000804
520006087017238506008007001046821003805060102001090708050082070072009800609104325
304185067058603002617209300406000203532000041100032685240360009700000020895004006
009410268040260000862070043038140000000920380621080794094052810200600030710034509
120085007904020850080947012857009003206800079000002005010406230060518790040290561
060050704153790020007608310006005038920073400801460570009007250014930087302086009
502873600718650430090104508480067900900040701200010064079002040300401290824096000
934020600002003074078000902056004087040081090019062400421350060795016340600079021
000391054036000100951064028640800507318605000000019863200106735560900000087502046
502601743000278060067304018300100024800703150146002037200030671008400305703000402
008596004109007020047020369680019503004050290905203080070080150006075030251360908
090640357050900602007000089080090736740865921016000508004309105870054060135070800
740610083016040072900720010875200030204030008000587294100072309600051840437900020
310006908500013740920048030200367815781050600030001070806109420400080001170604580
800000009060198300950402108390860510086531497170004806012003050049000083030040271
070180052261003049500409007716048095005007400300205608058032704130004520002071900
830420190900007084014095060002503600061902450509080032603008000028169573005004820
513000280070530900006142053859260001002719500007000329340801690790604800600007045
620870349030009807970240000217064938300701200040030700704008501080096002102450083
468900003000348701073002409215003800030459020009020375700105030390080510520730940
083002069901705030002096087010864923006030004834500006040053270325008001008041390
605400003074050120082007564000100040000002305813005297700200036460008952209564871
076008104500709230190360578210070040769040301035100920600837409000020003803005710
084005370760904210050013400075090040026008507001576092390450680600230004047800023
000037045000000809270480003092008306068004097537600408806043002925810734743200600
398000070006080540410762980203000065080654000057030019060329754530470190000810630
007063020801029374253710090428030007000040060009058000190305682700092501530086740
032407081004109027708200900003690010129074653500001700200730140091008206407902800
570912004231068705408500600023741006105030907704859100002090000000124009600380270
080700600079041580502096107003205090025030010067018253008100920104907308290580400
030067940406905800005420100609074013050386790740001682507003000800050371060040258
502000190980240073067193582700800400008007015016900020870509041000021758125008300
539246107610503904000000030305000609007630810086957002853702090020005763060301008
670001509100050067905070402009008700016097280820600195080060324094030678063700051
400359007059004630280006500100005470976401005040000916020073149014002068690108053
095406020607052940100008603062009430009270005078063102043620089080940006950300210
050040890693205004400710506300020600820130940140908025200051080938007201010092460
080000090007153008530906702905010370826305941713460800378604050000800030469000280
490078036057036402060050009500081907639007050100605043000069004786502391940010070
000000250026015348305028076004060027261749035050080461410800090603092504000600702
312000904857930106604215000503000678070620000086053210030590001200400580045300792
092003600016002470003460921000089700045731862087006000209017306034605190060300250
702500143138246000045007860350002604006800705480675309600920078023700001809000200
780093650040000003930108740010002035809010200273680094500009360060037510307561420
357820149681004050040000803509600421408900000000742905700281530205469700000500602
806000300700305286350602109000004032502136400093827000008003901941208500600491720
609000800000000045050380160105870320007460518048200096900048001086031972500926483
925700036387206040604539000800000420031804097000921083003670019008090702792085000
070103284321040500500206003038605720705300041060904005900001300010408907853709402
002005381310890000706310902901030800200048705807069410008450039030006540524083060
500260090082001603071309024350006740460025931007904000040503270713090085090807300
070685130000003000001792860010320685283000019046918203060209040002401956007850300
095406020607052940100008603062009430009270005078063102043620089080940006950300210
000410287618050300407380005235097041800020030001830520002008400080900062146273950
796003145034006902002074003320768419080500320400302006008405090150600204043200050
407806020090020600206037458904270500750610204002500803520060040009142005340080962
708030240516020078000876005604290030071304009080500624800940760340601002069700480
000841000890062003010000050060000700930058261781320045300610524020483179149005306
251980040390006700000130500003620408615040002482395076146800035500204867000060010
002040306694387020300090074028761053040900002706002180489603210200004030100820640
080403005040270036379050140067100000230095614050306078026940307700000400810537209
003780560150000008006009002300265174060431829041000653508097246007800000024516007
018007050706003048200684017500172690360800000920300581039060700600051839075230100
846010092001208400700069018167504900208607150000100860680352700310906200070000639
090020401740080306268300795003400600950000840426870013030007008070018934810604207
195000034670010050328004671060005100001782960200036407000008042583200710700360598
040007900039015006280039417450802790300090061607051080000073600870020350563940102
500400030429500081300892470850009320010036807036058900680014702102007040003920160
706930840015800007400520610602708391801290050003010400290000008100482069560170230
302080009001205400580039217420003806100820040073094150200108605018306000604070381
200500819390010674108040502953870000072136045016020000680050007001092458009400061
500038420800204059740009081437002105908341002026070834090007500005100040674500908
100005460630401500507068301006010040005674010214090675490007056800009700750246109
907802031085403206030500900703205010001089762098070400319050628800620300006930007
085064037049008005371529408504083070806712594920000300008031050100090000063000219
970030204605004701040871095800063079003407160706900400260040907159080046007019050
256807030000602081083950006002140060048063052617508340305400000079006200801070493
786000015512000403394010860027450030005002000003901504009024051230597000408136290
300600089070950143009380265008170036704826591001043802002000004083400620490065000
007840100100900002540310769790600250436005010080001306072084601009123400814060503
001025078000678400070001265207063500140500006000794300830019647700306050624807039
300048009584060037020350401065004100041092650090510024408621070009000310052073046
400005390320400007907260400805002674012846053609350120083000745200030019004080036
875104009041760580000080107500972000068031974097000203650007090402693015700400306
030150007027980030601400289076504390203007060040301802002000008104209750095618403
100090067026087900908034015007040180360258009089700302000023098693070400840016570
006030401700001006045206300900078132321500060670002049080054090463027015019803204
070401005086070214405603800907008001002067059601250703090830070768014032020090508
009071403010300700637240000001054030426003975003907601002480106165739080940000307
063019080045080219018005306100908453006030090000050162594020600800673900630090821
060800000850001009490060570304050917910487200672913485129000004748520006530000090
938640071000238409420000080260001035801327946040900000584102300100500028070093150
106950008054007902002480150645130729007509804901000530509873000200000305013290080
095263418840005203132804657050649870008057906960000005000900564009080300000030709
010076900607009103029308760275690831106820000000001506082907314394002600000403008
568137009020800070003050861004780600007300095156290038015679320002010050640500087
206000051918650327000910080690503100520170800180200600071405060050368709069020048
502109604010740820740002300020608590870093140601005003904320750050900031107580060
020010064561300008009268130906051400102430079004900650200704306680120940410003080
009010580016298307048006001620047150005103624401005000007032465360079010850001900
060209470204800900080730602003908200049027005827051304008000540506480720412070830
041500600760092130300170980107804069520630008009020403470010802210908070005067340
045386792302910000098040130000138070873000014509274000050890641600721005900400020
026950087100368052004200690801679030000000901092130740007501300910020070238706510
700645108509010037006039540310080056690057081258061309073000865800090700020006003
635000729000536008801090000160087205503401086980650147350040070016070004097260050
070020009040009210219867034702100040400798300308600791920503080685014970000900405
000040108405908260820160000700804036080293705309070821070351080690027513031000002
102000070795813000483267090051600907906000210047008056000705104310020705078301609
004080307810740900607105802206400100080609073940510206720304590359870600000900031
407325890385901462910846053020000106700000040106008927009703000000050678871060030
090100000850704060470860501268401395000000020030028610643200009087946053009317806
