014800950800309274709005068082704036540030809000080017900670000403921085620053700
006003570090510840500649302600050701845701603970306400000962185200175000050800207
976008500080095607030067180320504890059003401800906070010700908768309210200601050
017036240250000090403297500601020980870940160500600372195002407064300020028001600
056208010702006485890451020001004500580962371020135040348510206100020004005040000
000960001090380705603175400807600042340520608006000913730050890002800350985407120
060980500823457169709002804070130008300560497085024300090301040007000900146090780
004500060920006730076382590013740089500060002708021340002638900037100400690004853
708020006001436708690001504076300089400802150802910060065108900007690005904200671
423800759000200300100900026004093217300108504002547900800050100290310470701482095
408029063075800002003610084309000007500402396064398100806031009107000058040785031
920005060763410920000620073040900602502106089690250004089070240050802090270094510
070280001005703082206541073043008210000302048000057396691004507830070060400126009
400003000186090573002607000010975084870000360249800157358720096001060005764300820
170400003005002600046837951800015097064320005501040036930260540650900312400503000
410000920020060000590004007260801079703209006081076040630410802840095760079082354
170465800000700040456300971605003407810940050003850106930004560084631020002090304
631000900805310060700009830567208100900071003000956728450190280200085004180740590
184000050000153894509780010090001020417096580200370041605007130000030260923615400
604008793207935086300000050000506200985024600462701930579000014003400867846003000
825040900030810576701300004083200109590003062140905730910020040074000205250400691
500402806060100034942803100097618540106000308400037900851709003030000719070321400
649710003000309060310500924005260040201437590430000078000075030573004610960103705
090080004084072015560340098935128400010030050400500231703010082600807100840093506
046075120910240065305610970000500406002860010600304200090450030074132698200789000
103208500500379200720006083000723900674981020032465000051690730490000150080052004
930108400800006321621400980500092013062000598090081042000860034000004870409017256
093580060004300825580420100009270080045860002620005794936008201071640050000013078
527863091189000763000017508905702310200050087004100002701206835432500000600300009
502403600100702409470080301051396042020000073304120500900200710017059230203801005
980100400600254790407309050008900610100000934009001070810592060006813549590647001
008300941000050670760080350800426090679010280430790000046070139051002867007630420
903160847106040003007020106705931680008502400030400579069318000370600018004200065
030006502479203100050801073500000347700385060913047200305028610120500809600109005
150083279702900360000700584375200046008000190960400700413809007800007405520104038
610298754520600100700300200400701928986003500002059040300047002060532491241000005
000096372239005864000020000001057200700038451304602098403080120892000500017243680
407800000103029087800301495005600740321700068700938020639000054000140030014593870
347285001690300085805490703081040006070800539030900014008730642000604008069008057
001648523400000060362590008850109234120050009003027050010003480570906300038015607
000005040301497605854006017040700809089043060507960230400239000030004096978600423
020000540400306078708504312000039087000852031000167000080073150070205863035648029
506021800780039006400500732290380007000270950357090408075043080600002300023807694
100950060030760900796080534947005300000039257250078040680520403310047092400090800
700960200095081346608400070502074001081006700009208654054802067820000030030157480
040067003805120009020849050060002095002031070000970021218754906900016540056308012
000374106310908740640020938400510000056800400801490500560743091793001000120600803
200357000600000853395804012800600075701030080052478106003910527006042000529003401
312600804008390106094028500020079081900810670187530942000203700200905000039701050
005000007800035900103700200078010500359482601216009083000043165590207804600851702
970000643003640002604139500000400080805073004467810359058304196209500807006098000
000700431230050000147398206051080020460530017300407069094001003073045092010063740
307000500409103800006459000070520638032008957865000020093010005520700093748390216
840160900000708020000403710712309500650001409480570100024937060960085347070010095
050073126001000500063010974008249605639708012002300700925034007006580240407000051
803154207400027859027906400109040325004003198000010604231090006675800001000001530
600090018420501700015078043104703080309400067062109000296047300041352009573010000
000920705007510020600740309840207531035004090920605047003009004069071280104352070
087040500040085610105603408204800001300704906750390804531462780000007045079010003
410000920020060000590004007260801079703209006081076040630410802840095760079082354
082540970006980040905167820500436002020059000094021360059010037000005084801270059
502037406709865231610000700056074082137608900420501603005000309000900507001056800
008005790060439008932800640046091837079000020300742500604103000090074106107900384
800430050500090004143026987400873095009000700785609430607081003014365809900000061
005900381091040000370561092780390614500078020904200050103000260020654037607130040
290483010004970283803000400020134900140050708630800042056740001070018350980005670
500012009423000610010486230000100360068704090194650820940560083057800042800207006
063090100918006307000010695150300200020081004607500930096102453005640719071930020
004000020010000836685123700058000000192700340060948002537094281000582673806007450
070139042904702180120000050049318070250007360300060019090070536716003004005896700
010740009402000003759210406008095760005801904290470805820030697004900301030102048
601092030403105902002004510716903040004057103020008709060209350030071080547030201
702508640480062750100400200003805074804006005590047830208309067950084012040600090
918570603250043180000008500000490000107830205893050476005014962020085700631009050
209006704008470002034502806007028401482100900300045078970083100120750609800600027
004906050620007098109850740002508037063091004908070021090100260340629870206005400
084205067203060405001097030402370016037100020009506074306940050008053602040002983
021089406003027009906500203102800000030090120840162397304951680509008000010700935
904056710600098004073002650507009300160080470030671905040915820308004500290007046
607230500045060920090405610004910072706308040930002806079503201002090405103620700
028039650004625010705184030857002469046570100003490008070863200080900001530200700
506497010901002704070005620157023080008706090600040537003009805015270900709038201
654807190290000305000952004000601740069020531718340000170280460906074013040060200
480902607790050801030108020210406579900001400870503200120060705067245008009007302
509320000801074250060001943074035800395080701286009534003148002410060000000093410
610240890403007001080905603900030085040659030352400910060300108104580279520701000
025439106046000802070026003500062908063018450098040020402300065051270009030605014
036500709000100030574398061020705890357086100009004350002850670760400900803670502
007900015038506700029407860290085600053064028006002034002001097061079302970043080
450928736080000004070005080005060103149002805863500070530186907690050041017300650
056007040300025607024310980830040056409752100005008409073894000080000790902071863
945130702820700504000250800302001400000083921198420030036090045409500070070346209
849300056021465893000700000603809020070630400490007631064150270107204065500006004
019853000030000150605071398073500021062340900080902703320000000090634572407028630
934020600002003074078000902056004087040081090019062400421350060795016340600079021
003042706802765900000839524000304000308216450600507012026971840087620005100000007
892600001003970802050210096000065043006092007030741000005100960921506730607439210
745901832001250947023070050200607009150092000469500200014705300000489120500036004
000048007475030082320709106504820670060170050780060210907012068100380005850090320
763815402000640300081002607100008009020439000300076045204981500679200014815000023
805093102704500098900041050000018073178050029203970800301405067080000001609137204
001004090500000100004100570807501030460020780903867025748310259100200048256409307
841052006605090800090687140408260079069010004003074010120048960080000527500729080
030905008025167400040280060604801072218509300079024851760050004002706080503002007
300905024920084060045070830160203958030510400402800006003028640706459080204000097
409570862008062503265390470003700086092815047004000005321900004506020030000603028
078543062032060080400800093003175006860000570015406309001930054540210600320600910
842007310500100024003000706057000903429730080060954072081305097000876000005419268
040700085006580347705030602402100006007060090009408271390210768200643050560009420
095004006002907100087620954050000740610475023703208010900082407500700301874103002
060038104120607803503409267017502409030000600400080700671300048308090501205001306
080401000170000428004007156297000080400002701810500302021690847748210630060048015
803029765720086100004100002000302008306800520287940016561003200070250031030018907
500300809379048020080095310704001230600704158208530000906053071107209580030010900
405280960106054307000070005753009006900701053001045089804037592007410630632008000
079008401214090080085641000006007000451080907800410563500000894700854602148060705
700600008309502170016000002695030000800076430400085260278460903064009027903720614
010027690900050437507309081190070026300810749670940100069004010780005360400000972
000906570789002031053708020075301894001870000840500703560190080037080946008043050
500739000001040600048615207780000016215860934460591780657000029090450001100900800
640735821701402503000900000900281304402576900500000207207040000150607489800153600
000506001604000089250080400045702800802439700000050624918674352473020060000308147
268134709000690284504080163906000402003028005000900831050010320812000907030072018
800070052705902310000050947103746895008001473500380120010007009087615034350000060
078902560009036470045008030504069082010425700092000640267013954080654007050000006
203819700160004039090200104020030506005926073386007002930600450672480000000301627
038506029067392001002810000680005290240169300970020605019047560024051980000980000
401009762900001003380576001014605300806000190090318620000900200620157439549060007
000950630654708290300260408002007010503002709147000580731009800490800170825100940
000007168007926504034108972001034095053000801000010640070091256020503480040680310
002680040160490200409001865507046938200309050093008004820037006005800300306014582
670020093003946087405003200009860005081259060046000829032105600004600370160430950
200093065360504010040706903700408020004365070810070546401000007682930050590041038
148007300370800501092010478924708103705094086003005040000000600061580030409276805
805240061200100000419876032700005006054610300163080907040000280591320670328004090
083010007070850630150070289067501940025048006000700000012007508048935160096082370
503091700071320540049807100000100207705069010008705063000904870050082394904573020
560107308000806500012543706020710003009382047000000009293461070045208060106075032
900400076702005310041637080609210758005300109410058000000503800278100435350780600
080401260026035740403600005004157600600000074597046021040009850760018002850304910
160002800950407010020065930509031026400906583030000790306850209090670154740010008
012096053700104008409500600008413027074820130320000080140258369080009005090600842
506021800780039006400500732290380007000270950357090408075043080600002300023807694
006009400008013026000625800840200700000906502650730189360500070497100350285047691
004000120013298000702451380070023460030089010206704953548070630061000207920036000
053460079704005638082007000008390460305804000010070803906103004837649152001080300
006031504107208069934070010802513000379402108040090206415700083628050000003004020
740900000060802540200340679000590203309087456014620000098065030637410000052730804
076008150014036007005270680091750268762010005000402700680020091520180300100095870
059108000041279835700000102036795000002004573507080960025407018004850020078003450
301028594908540000405009186093850260000012043204763059050090400630480005040100007
046937251097004000102850000070640890085001406060780125018460030050300987903070004
701306509530720600800900704000500291305601040194078005486007002000409103910850076
060903070385001092090026501003082005006109720872060910624300100038047259000210300
402790100075080032800301750007008049084216375306007000000450816591003007608170090
013040070647080100500170093090768035700205001052410086864090000239000014075804360
025008100014073025300012604063020400081050267070186009030290000009007832246830701
001036002080527910472000503049603058108074006030050091914085627300700080007109300
281300907005760002300029054009032075560000021420651008090500086100276009652090703
860027159200605074000001236325706048080502300900008625602070083034000000758003490
006200000021065409900080060478032916230070054605000320067950203580700601302400578
782016340000080726406002080528100439300204078004090102840020000063500210015309064
052010308000853410831040600009180240070509801185300900010498023003200080728005094
587902100340150780916003500230080070000020054074019263053008410408001600791405000
149002580000030904060804271007500819006300005010720436251000300694200150730450602
419006780207500304650074010100000807875300692960000031000600103706003520320485970
730248195491005802005003004002700040359460001040350006028190000500820419014507200
938504120400000960000091430024730091001640753073180240300978604080050000746003080
709864302100000056306059008007000695860027000903516027078240500500783204032000081
071360245056071030403058001180730006630182090007000000018000304340510860905803012
106805072243960005000010039062000000900620547057189026508071004039040050010096283
570849361900507000604000795000670432203054006467000510040706128000418003008320040
870360910590008002200075460062704590907056020050009870625800047049520600000041250
070025008204096007508700329050960081391008065600401002723049056006002100800607204
490200307000700001871563490008321070012000983037806010056030048080057620120084005
020500007190270506706180402305791604001600070072030015400010009017904368530802040
012003040000629051869001300358200000027140509091300682076534290080007060934800070
000789642879400500024003008190560380008040069460098020236015497080004000900072053
001483207392000041004210050400502076015096024023100500900000705207901068150647030
104500200290030450570020013000018500981057042657940800003005000860090704719280365
063100920020906070710405308590010086107692000006800719601203090000700650978061430
860490023403850619952100070000070005306500200510028360090000706035700842704080931
050073000300980461189006057600800512530019706021067000900302605063708009045001803
930108400800006321621400980500092013062000598090081042000860034000004870409017256
005704301048209005270500490009000067701962500062370180024008036350097010800620054
006753490030642005007019230000965042695204183070008600903020507700380000402500310
058790610100200043046013007700406130410900086083075900800609001037800209061320450
720600009904072006600804257209580713000017000167003502400050028502309071071028900
038160009950070360040302705071200090800016007065980134329700058000029010504608902
000020500901063807538041690003605204704082060286014070009000000870406951410200736
309720506020005173107063809900030018765189034000000005008640091206300457410050002
048007200000300570025009036072415683003920700400038920054001097030094160610073402
752001000080730160600490728100008630027963504305070009270009046543820971000047000
006520138142903500300010200019030704060750910037109050700860001680401027490002805
040058700107430809509200340001004030890600017034517960078102504406089102010005080
007038050401007380038910007002300500010009073085674129029140600840706215000003794
960082001003649825040000700020971630000800500806035207430158970189260050057000180
098060501200150800057904306600012000815406730002005619940638005083020960700500083
730006002540000009690040783850670231900130560306000974105490007289001046003802100
904032785058046001020800400092401053810903204400500009140305090209007540006290310
100000439970103080204859007027910563403080000600027801040508006781006304500430028
000007340683941205097003060708409520309560007500010036230176804070004053806005700
257380060068400500941005000004713006600890703002540010406107900000234680023968075
058140230100807900927060080710090052239501040485076009004012003302954000500708020
600158203384206017050403906006085000500627300920300000492701060013500079060809130
009513480305040670000786095260301008890072510450000230910020750700905024004137000
000017530279000000350698427080501274402009600760032090820905001007140982094800700
354096781000080400097043002009800104700064050423705806902658300000300045635070920
001904703580673209739502408000490502000000106005026384357000000246050907090040625
049020600780601020001904387100086792608700430520093000052070006006200073073165240
580060720123807056000205008204076080790002630008510240031750802872000095000928003
900386100860002300702004865140200006300400907098571240400120659276805430500040000
540010020060900730309567810003020160910804072075096040650400090000280650792601083
219050306500130200873462500098300054004006972600594030030981760001670003060003009
300570402008002006425068903170800609002093710630014008000050261256401000017280305
590100284820400000070289305000900600369508070085047932032004510050001023608352009
690020004080901673034056090460508012810030400007014085200060130048109020056280940
080010240632540709400709080090050002020307068563280071258060097300970850070035100
985004021100025030020108506306280910207009308800540007601850403002001600570406102
090700601073069800861305790300451200109030408540290060038500006950026010612000084
400200386000430012000805794270010003080609070500374029801053467703100258600702001
802095000000038526065071893906540300051000042284010609590104007020057130040026005
200008700503160948460059300329500407004087013010320009140290005082605130700001092
908104360672093410000060900400037120700910043319200050260380570097400608001706004
010706500567300841009085020604903012102408005300001408740819050056030104001060903
830405002620309070759261030305708000008900003000513809003054296500192007082600501
051403807080000005400800030000015490005680372624937518300128059079046120000079004
056200900200061480130708602300680007008100305917304068790400830003906714640807000
000300052480257006253001480034719060007003840609400071305170098190030720700094500
497521360000000702068037400586402100010300540040605087800060070601290853034750600
008302197200050460430070208051063820603284519042590006000015900720030080000820045
010000703250890014067400290728009051006005409490300806001070060000032048582964137
006030401700001006045206300900078132321500060670002049080054090463027015019803204
908042760407065082600007900540670390700038205013200600086704021104026809005800070
008501007604092008107006429016300200280410530003069801390684710000020680862003900
036590700580760009940002050260073890090825006708910300004159260020047008010230940
200039007035247096097800430000000703472010000356004200708420005043905028529086074
030500047600041509025739168063072451007610092200495000350007000000056014716080020
600040380128900674300618000201060500064370802900501706850402137730150400002080060
601025403520341080400000150000090020205867009938002746104000075807516200300074860
000540320003908017120070950208700030417003589000489071750104802300800060982000143
091600070506704309240953100750869000008200000620500700964105032805020917100390406
210804036840069002600001540401692750560130480090000600970513064126000090000906810
406000070087136409329784000000000905103208000745010302001005207074921008850073691
006814790900530000150000203501203974740006580029075631405700068600308000087001029
251080094403900000000614325510890043084027509700100200090000032007209801825431006
475109283012803600080000000001026008000980104004307025000031850006548379350792406
426007008008064320501200746800006400100502030090718062080003900043801257709420680
002470908378090520004203010706029401103007000005801376569708140000600790430012005
052001870309807020400092510000473281801020060273100900500710400100005008798204156
030001070482976305005003609850190200017000498004867030561730002700049153300002006
378692050462108730900040800000207980780904020240586000600300070820070693007860240
104590830700040026960027400200003740090270100347850602019032504400700068670480200
070500402205847600190060087846100275500074800020058300481903056900780043007005008
001020098089401002600900510068143029900670040070892100007000285230080900895017634
032010045960245007500030069004092071107486002206000504405708000073900406600350718
270048005840060290065072004700801400008096570006200180092713600600080920184620053
309040526006001080048632010027013800860200049100860302600300250730004600405926701
700010605508006409093040000074693581801720306936050004000100060009430052085069147
094278560730649020000001000417090208089030007620800945050720189972083000800065002
071584260460000050059672301984705000010000430620841970008267090007190006106008003
806420109013870020004009607260130708100067050390080016001700002002691875759040300
003460000084035716051007340097800204038004670006379008460053081005090403310640020
042387956380000010009140030931570042204960180000400009093052801007004090510830407
030409810900500074146078090460053902820090430009204600600010709018907500094605120
460080105003009462050641039040897200901502004002300000508426001106978500090130608
560000890904800025281050403040195267000782934729034510006000749000410006470000100
047901008301604050900300412750096004106040580004510206009102805018060920023409070
080009053500306247060500918002803009010005324609124000370250490100400030945031702
167032900009080041005016302524609003000340509903008064301094050090107438408060090
306001078700080001510697042230075816065008200800260004003020760647859100100700409
706000000901040856208900040500100900879035604120609730680490073005807460417056090
280974361000002090193060070010080040476010829300749005007001000830097104051403987
870019026090020800304065701040102070100536940032900608000657430009001005453208067
004053001900070050650001493579100000400329567263547080705402300102830740040015000
400879300308104600710000428240098001000041070871200943930002056082016730100037009
500096080800712409090853000200160345450007098300540107005000074973080501140605902
300910420159082706420635908578260109600000500940700860290000001700129380010000207
730001068006208510080004200673400001805706300294080605308500102427319006050860700
003157098015980000070000040004073012762010034138025907040398701007561420950040000
412006058093480060806010002050600213961300800204000976107890004009231087300064009
923001854001908007006504300089100706704089120100206008098610472000490500342800009
005301029638005710020076008006109472049207080702060050067090340504603200100740805
006520138142903500300010200019030704060750910037109050700860001680401027490002805
340500019690427508800030600007094201086003457104705000419856370000000805058079100
040082709076409230902500800004305108059000000083294657037821964401006082600900000
609075000003040600028001540486023100901006028257104306800507203100032080362408010
702603100005004382001850760000430296503009078400008000004000025679501843250306917
300004005400608210268075043700506301034092076906010008600009700827400109040781032
908042376070800000026701904460008120802007409007423005741089053005010008080305240
300920400261540830090008026020071345753004100008390070019453207600010084405600003
008027903052309460019008070067230009180700006090680147000802090924000085801956304
009024000710906250208003491507260080800009012140038560083600900000042030621390845
010083700834527091070000803508790316100035400360008050053804162701200900006310070
083010007020340680710080932096704320072038009000900000067003805058462170041075290
502008640380260000967103200093614000000037096648950030406380905051020060009076810
009700180102589076780302900015246037360075040000138690203001508050003700001600403
043000156106040907290106400500430091010560748904701532020005300030090060480600279
053087409090420031108030050510608200000310600436070198800200006905761300301004527
500096080400185602090723000300860549820004017900370806003000064765040108140608205
040520800300017506050830040591600280403208061002091075285003000739142000604005309
061009832470302100300508700003076520010904008645080017030805090890401675150600080
960007513034906027001000040203570480600428390809163750470005130000030065000600274
006890072004700100030400900760952014009001205100384700983267540421500090005049023
500040670006107085200800934903070010704618390000900756492785060830400509000309807
008000064326409010014200803000010958003092146001056372000608709067901085049007031
680200005049105823020807010004396002012080967906700040460023501000051096195008030
538000740691007000700653090904570000005380070080060001859036200120795483470128500
000100300084903600230806491370004509042009170059300206068435712407091830000000960
900163285235000700086002000059670002300524008421098657648907500003080409090000016
040500703105007894708640000800003907924070080073002415000021530580300241310804609
025400036009537281708010000040863109903000605017920800200154390851300007090600502
058034070400010090102076854093700200620001709001692508367009005210850460000063907
100960050760005208259738014000173040410006300008200176000349500602807931305620000
640001580020460091035029004090603017856007430300940006081072603562094178000006000
093004008708903150500108703820005400030041200054079381316597840400300016009400007
005400300096730200031092578900020045673584092200100800009841703102900000047200981
000506720564000018170438600207640531050087000096003207603800095019065002700920063
006480531045001000087305064804079300023004095009650028002038600008540103431090052
007980620609000847308467000001070050860510309730029480100705062204096030590002710
003100065945020700106857003217604090090702006060590470470008350030405807802073600
780010503600570010045390602406001790050760084810450030300942807098000021204180009
005380040002045893843900020400036712750009006036401050080200001520160309309708064
020430601038010005094605307903108560200006034506270008009801470067304010012007803
205607908068040100007809602002700450040080001759421086826304007090070063001502804
600010900015680300873000610041000750050041803768935104190063078007158090500070401
104608900960400020300970461000083090630510842289040003093104076412360589000800000
072043000000150078159080234085600041400837600207004089540070800008305416910460500
805401060030200104104560920469732810000040006308009470083020541047106030200054007
184902630005600000067800201030000542000210009740350000520097400008023957479568123
014062870860910020300008061209040750003527189075030000096150200508000417001783500
802569704943107005000000910436900800100405390050038140305700261204010003001352009
456100080200009015719045203805000790090000348370698501947506032080902000500004109
108060700760503891340000050907000410006037005005419607091020060273601549684300002
105600002260781503800002160700890010094007825310504070980070000500130496031209708
081005630024030708693070401160000304870309206340861005438600500207904063000023000
000801090983060010000395286519030062030506140400109700074050620056402078208600051
604752389580000270090013000047238016800104702026000003009000050260587904450390620
049080270007095600260034910002350064006000800854967021090603000681579432700000096
005020831908003460340876925603284059504601278000097043289000010000040080030700002
002650090069817500015000476590706048004300765036405000940170053050900217120503000
409570862001036405567480910006100024023764059004000006142800007305010040000203091
820003040001040805590861270038020014670154300010900027750280401106005902009016050
249000500830200040716409320981003000503190680074082000307800060460935071092040830
030900120201070034460312080004090200623050798007623010908065342012840000006200801
219050306700410800845362700092800014007001235100625070050296480008570009070004003
500027008482003070001840629945730086800051940060009300200574063308010004074008210
060807210041300070028604905200701069814903050600002301082070600056098027007230508
807060159015907000060250073000100000140590360678320591406009730003705618081630000
437205610082060050000301028091807000703950186040006207200798045004003072379002060
053069478480700069060540000000097031816004000709810642672001980000400207108972006
102740003300820605095100704030070040071698002520003867210980050054001398900054070
060000341809631750037405000906087415780540000003006207302164008500070906078050130
204650910058000630316007000005180360100200070032745800521904080060301549090570120
000000860170208430806350007005083209690005000783020054041500728967000501258071390
091547382340000006805360700700496031002135970030000604083900165000208400010603807
005139086981046250006020001600402019170090000800650702307014500504983100218500090
069370200730409605400006307013794020076080940050010803340861759680005130090030000
060023010041007200703109846070238401294001308010090060002070150087900023650312700
810500406590020300004671980000960032652300040370042560140253097023000050060804210
568920041300408600020500097130706280706090510009035070850600130600351908903200700
006287050978005012005040860060309108049000030301428790124063509503072604000004001
070280001005703082206541073043008210000302048000057396691004507830070060400126009
675090013002000070080702940120340069834619720056078031509000102700026050003501600
100063007005100436369054002600002904900501600584609270090380060016900300803406729
810097204094010050705204031027009500009600043000001029900170306586903170070862490
071450009630978012080000560062703105508609023700001006850067930320004600100035074
600409080749080003005230790060800000498000135250103046500308019183020060924017058
040806007806301500510002638030000002080237019279018065923100740108720003000690201
000425700570901000009000300905006187740890562268017090050160034006300278302784001
053706102000400930724310060500800074348970650007034009170640520430098000200100493
067321804040809062000005003035906008604500030800437609008760915900204306006100427
018027060006001428203069001002975810001004396409603700104708030860530100000146007
692500000805300006374600050507128600908070020001906700103249507240005981759800300
690007530357019048000530700903700800004006053205943610740090085009305060530860079
005072419023510007709060030238000750000758320570103008000600905351940080960085103
902000060060219705070005294098371652735020040216950070503040006120090483000080020
205600309068530040003902610400100030871003520090825074607009000184356792000700460
651074800389006005400005001930701000004908057872040916510430789090180064008050020
200430080380100204604082910002700058450918300036005091100000009760301005508697132
039021046200603900480070032900305064060097300543002098008214605074000820620730400
002030967759600100038907200301074820000109073075200090026091080510308609080450012
070809006009060700106537890050190040018370905497652138023900401000003509980710000
620900800090065420507820109860102054209048670040600080400290508052700340301406090
500890623023650800960003040602705419741080300000016080004570000806241935209000104
600801970300900800879603504210570000096000247003296108900010406102069705065082090
090100000850704060470860501268401395000000020030028610643200009087946053009317806
400957000590201043010034002372500680000008130009060520065102370847005201201870405
408003179300761480071090000205907308010600007037420091703142006904500800006009724
390615702402078690010240538049020000563107409001004000204751060006400205900062004
803002590750034100009501072120093060064100020070806941501607238407008009080350007
409003015060810007170402806501200604642500170000146050906000000704658320050904761
020098500754261839060070001000615000800032054037049162000954207140027098000000345
300600405050087102200530079000450007768029543500700820000096318010345796006800204
704693020230478000008015007000306080076980051800000006659800274000509013083724695
250000040809200513704030080480076000390421600620089034172860459000102060036094800
217369840050010600040008730000030208105842970832005010601703084704106390003200060
090456078001008394040000520000074005913000067754690283070810000235060801086500739
005264300200705986007030405109002053078596042502000870800020094406057038003000561
704510860000028104001704002005846000463975018900030005800102006192400583040389001
200357000600000853395804012800600075701030080052478106003910527006042000529003401
007038050401009320093120007005200600070001032026983574048760100610805743000004268
000017530279000000350698427080501274402009600760032090820905001007140982094800700
040700018360805000087130654800000046090367580652401090000090005035008070928573461
053600704607904008000370506000890400098137205571246903000063007360701000005489602
109270065600913028032568009907000400013820506008149037801700600304605000200081070
100600937004009521297100846030920014006005300012300700021080493509031208080206005
208509710057000600010327580300902006070034095591080032740095260029041350100070040
890100200504370869003096001078510900065000100030629785100730624347200508002048000
910000780000007921206908300009300207784091605532740809025804190090500072347100000
400700005567009200081500074000060057015020403309054126290371048100245060700098012
200600507390517064650002090703904600902000340004361072006240710429003006100890420
036004825075201039920030104000300201041562398250098000397800402010029500500400060
517032006640001387000607200850790023060580071074200850790028060080065000426070530
103200980040906351007031200480097500030560040920048106019400030370600415050013608
005301029638005710020076008006109472049207080702060050067090340504603200100740805
001200049432080607806100250960518002100007536700000198000849060304760925610300080
007050002546003009030179546000500600351060080902837415605348921003600700820700300
021405609395107004400302100849001003003608090506000720630209840084000902902874300
200359670910762403063000002134096008092403105650018009079000200526130097001900000
310008407400072109062049300050823976006000010938061050020036040043207090690500732
030400200091625034620300071007009610960102450052046003209050106086204790400907300
070960082030802054682045937290504800841600300053281000408019000360400010000306240
501048792409670058700200000940852060012007845050100009130526907205009031008003500
000695078790108050528704016302416709600872035187050000000000507070060390205000861
090310804123009005040025103000890040950200368487036002205068439074050200030140006
839200007506070928004986030000104080003097015060000049700630150691008302345701096
007500036030026015685034200803007129000809503569013000016000070350971604700460051
500904071940700603870021400004270000708090204025840719617589300080030100400600987
040057310051300076607190500200010740489700052100942800508400607306270085700086030
400200386000780045000304927120070003040103050700465019504037892208500631600802004
004067009501040306602035107000612805256003700910050630385006920400321070100090460
043081090100400080809057413904002105320016070010048309600793240497025631200000000
605890301700600080200000000570324090803009040924106007100908400497263805308541720
806007510025100740040562030093206004467090120000403650084709060179020305000380407
005431870071002340604080900167040530200307061050810009049008007700503104510970280
908507462300040010760902003450026300200000840006394050100053024630480795547060008
090738541508000030304560020047300065800140092023850100080000013731084900005913207
005139086831046290006080005100304078450010000300950104504071600607493800293800040
900073501020805000070009082432081790897040005150702830080004027764100903200037640
056007040300025607024310980830040056409752100005008409073894000080000790902071863
100605309700400000659027148970268403460093000008000796096071830014030520030042001
510004906790502038002906070630479015005100800401005093107250300304090180009340607
010740009402000003759210406008095760005801904290470805820030697004900301030102048
462078950001254080800000340010065739903001000087902015038029000006500804540607123
056803002800701054140090060790314006324689017600520009060008700403100000580476301
107090800504210309000000100493072580812056090600084013946020000050400601230768954
040026700968040503570308046309804071000030000207159364806070410025000900700485602
307906200160830050000000300001003824904080017805041000206370490543209678098465100
104002700200007540750463082400705800003024956591030200007340600600080310312076098
006800095593201000002509413010325800008010652254600009420083907000700340837096020
605408700839002600024095803400950076597260000002001950208000109100020038943816007
030500047800097605067324891078012354001850026300746000480005000000039078793080060
530000916000531402024769030912000043000910600006307120301094257005100894400280060
806102000147500089503807460039050008071084502408023006705318000300069870080470003
301057680270610040500400103852090430006274015400300200795801000084030051000509768
060502190238019006100030840001060430540108607026043010680320500002004060304906281
020360000800214000016809407158900740902706080640185930081492653203071000000008001
406092508070380140350600000900560201103070985020010000541827693037409800800006450
800405020010003004254700061689257040005000287102300500530840072400500608728936005
040097300603050490180630025060700943051480072407260000504901067908306014010500200
370968140021300805080005007456871003802000576000052400003700620168290050007510380
069014050000930064300500100080005300053028040100700502725369410698471205001850906
973140502005879600046352010351008027000501390002030850030495000509083104068000030
874120360200036080006008021910075830507802090008090570100600007425080010700214958
104030005300870290280064031960400018500700046408156007020005000743600852090247160
200079004064028900917050600083006001420783009506012073039840020005000006142065738
675090013002000070080702940120340069834619720056078031509000102700026050003501600
540900060018065309639041500350400090200800170800609005900187403420506817007020906
501000829280953601009208000105302060800000053023584107018409576046800000050031084
002003010903206078706940203061730504095068730030005006050327041079000820120089060
020094865046105020380007190271600539400719000698032000704023900000400270562900040
582030604700050000906742508010086945804010062090420780300594027100003050405061030
372860500509302764000007200268090140057480003000701806401078690800630470096005002
508000090200691508069084032070059203021408057390020001150860309480013020900200016
004501062358920074010003090581670240030050910200130700100805027095060801820310009
000107205035692810412035700360000001007060040089574600608019302000200107501783096
652070031000302097009610080003280100064105078871430059006900000925701040310048026
091405320350081000070030581705100800180500402060829105900004050648300910007698203
270008316800763295000010870607801000085009123301024000058040900043290068060305740
040006105501047630079053080790480300106730950030090028854360017000504803910200040
408630005620057408001002730904008002100290647230065080702084060050071804049020071
000600053605318900319400087024500098093720500060901402400030879900107060736890040
009245100760300009150700328026007400300496800085003976003604090208900035601530704
050048360897006500403005298070054036608100470300867029004603050500470013732001000
570369000030008746610200093900470058407105002103080074000006010742901680061750230
601298050082065190504000028200006840060920015050031276026543700147009000805100900
090738541508000030304560020047300065800140092023850100080000013731084900005913207
008000064326409010014200803000010958003092146001056372000608709067901085049007031
230619540800320000090458002073000004402003870008002315640805900080274650725190080
050209006032004870096170240248030760001420008500610920380750100015390480009040053
000208715018300692005076080160002374000931500500700109830027901901083246002010800
007300458814000970093000610000620097900175000675839000056012049780000260420068735
800751234731006005005380700104000600596000047203400809002573198307090006000624570
900400076702005310041637080609210758005300109410058000000503800278100435350780600
960502070027914356100000009301705002500620801092001047719200060000103720208406905
500800162406201000019650408652074381304100906000560000025300004000425809841006023
724615093009070000500900726058096204040520070970030605415280007260107489000400100
016904030005208901900160002190002680003489125052010794029000308081025000300091056
501230008700608921260100500024763090380000016050041370830015607600087053470006080
000090040070480593400007006326870901500020600904160002105048070709036128002719465
700380100850671300030429807500743000980050604401908030008000093290536001305890026
751009042309240800000503069008000010140380975970154080295708630014000720000426500
002817596100560002600002014201009385050140007006253040700906453500480200900700168
908500060200004801706182903601459300580006049090800506070040605002915038859003004
009780500084600019076094803200970400035018672017006030891340267700069005050020100
000593700679010230805006094148065907700089060300700018500907042023408671480020000
060390000259600731800051096983264510500100004001003680690420173040017060012030400
059200008302940750078306094017500940095460000634879000023105400506034120000000385
980026004243195600650700002020007965400901800009258400830070106716840250000012008
091620870408000091003981004207039406800065107130008050005090712612003000900512068
709000058356097002284500697128700000003280000040009806600042103802650749491370000
040030019980064023306092050007006200068023007053910864020085100010009385835640070
100009680840007253020000004900813740370052809058706301014000506290530078500671400
009530800031740090870060320790400185410056730000910062023600018100090643064381000
009500400018049360604381900145600708096802000030405190200030670000708219957100034
800536000907010563560070120650407091002059080019600750290365810300000006076802930
902047305001060204304092700607080002005073940240015870473051629520009080000406007
730500009500480012210360740409106530027000600060748920900603008050091073873050096
905007060700123859820900307516002038000651000049008500057089420003204000480516903
800709036950026017030180090041208975000400008280597341003851600068900004000674003
002000179047159000309762800408070000960520300005096214073905068506247001190008700
058790610100200043046013007700406130410900086083075900800609001037800209061320450
908002705610007003020465081400056800001020507572380690390540026180070050004610308
980030720674950000530080490097240060420000159006390047069714508045060002008500074
102703500000450108009100000501800970024607310397041206940070031730010000210384697
370548019018320000205610040187435926000100804640870135050060081000001603060083000
800000124206403000041852360004600073380097006069130280002576831630040050510008600
095074002730105649420906087006000923300090168200003400910560000003709250040301796
060038104340107809105906237094503706010000900600010300276300091408090603901002508
938027064200695800706004029309401700005203908040500316080300005600750080523940070
630800004097340580140259030729065003503000060461000700956700108810604370004081020
600071500720040016051306409086000704905407002010263950308504097100090340094730001
890706450025080706007103020970000062030209040012475089350090074746312005000500603
709068020520009600000040703157026040348750000062480057080607405491035006005214030
604517003009403000057892601060009830875601024932784000006300009790100002010975008
050081402240090730097032500905208300802307900700006128329500007070820040006109253
007500900008090706692173048750008061401629057006010800905061020104050689003940100
200006018061000025389152067408000201007903540635004700900007050576328000842001073
030004057608935001450200306016050724023400008007126005085340079762090400000760510
690250017408107590001904028809700361360000002000093004105026730040079085000581240
750094100040165029091000045820010604000006018916458002039570080500600201204081057
001730000306000971074050800700610200528300164163284500010003750407520306635000082
320010450107054003000620780674005230932080517010372906049001070261530804000009000
976000450541060802000704691005400030134890020807035109069500017410006380708203000
168030072790010634402500900501900060009725040040100200800607325206381000973050806
670040580902008406400265900367001005000437621104080009845092760703650208000800050
940605000760009042001000809020034008385170920400890056850060000276950403190703685
086030041009450008504608037061503892200800170097240000610320059940086210070100400
020108350537040002040250706900401060450320081308500207095700038760800020100962470
164000000579026104200041760002010490091875036603204817005062908010450000020907040
609023571030560092700819000005000003010005486800371000528104067940706020176052300
080132796071000300002004801410007903208319670093046085039405010000800409047020530
090640357050900602007000089080090736740865921016000508004309105870054060135070800
741000200398600015006810097070480060132796004600005900400268039059001640063509700
200385704700000080185407309829734051651000003070061090008003927000970100917040508
591630000040057981008049350086090000930060174150000869014382690065070018009500030
069740510310850200005010048492100056037468192000900000901207060040690700670004921
200930061071800090630401807413678052002310006060000083027500430040023605350180009
003906052057028900290050006720500109308700045549001000865000094002800361034260578
761025840200186307058740600004007102190030000800602030400001003516090470020874516
061300009800067201402910037078000003036089120100536908309604002607001305200073096
290150630607200040008406021071680050005003914920014006042860390730900100009370405
049100008083000419156489007004070092900302870800005060607230140401006783538700900
841052006903060200050197380605230071012080003009071020520049130060000549300715060
002093010105020079094087560047050901900702053063910200039401805020005790056270100
400700005567009200081500074000060057015020403309054126290371048100245060700098012
870692450040080700035040029000460007453078961790001080024953670500004002089020045
007538926065100003309060010600300040023479081170080095030900068952810037040720100
000003700186520409073690082308000590050036807092185003900000054605749208820350070
001043092027900410408520070740380500610409728080600040856094130100870904070100006
470802903020400701301096008010070320892063000003104589005080097140600002280349605
000514630305007109261900050427056390080730506050040010076098420002470960034200800
012800054008450012057901008009670843705008200804190070980064027570200089040780300
907584106010609830640130705070300012286051379103200400760000003009040061054010007
921700060078005402000239087080350710593070806600920500830647950045800070060010240
806400019030729084209100300600840020128067090007300861085030076060910030310075940
050000007080720654967514003800470000105860479076030805700300048640007502503248060
842007310500100024003000706057000903429730080060954072081305097000876000005419268
005032600079106304206800051750420063620073005003600402082507036001300207067209500
040009052750203496069540000000362001613900007504700963000830009136407820980006074
650100493104009008700000561596028014873000600402530089007905840040207000201064057
002740809045090023809235417017054980986027040520008000001003200003070568050000371
040796185098531000650408003026904300304102000000653470085047600100805020460019007
000864000008072300007935168310000089020509013890041002072400801009703526163250040
001080709700102380598073002030208590900700403472530060009350806803907200057001034
000000106960170502135268004329087041800940200010030950700026005640703820580400360
460001020190003847805000690583420010200005039700316250908060004601530080024798100
281300907005760002300029054009032075560000021420651008090500086100276009652090703
080970010040205789079140520901507002430000671708406930304729060016300090000001304
201600530008021400069430120300290005025080040804706392402009050107042060090510284
890043000371600594605907823100004000700008042400390167004806009060051070287430601
012090860069087010050604203093020674800340009240906008020450301134060002080102706
570400803130007406040563001620100070907380210010204960005702039061900002302605087
140060308390085760685710900403600120009300085006052037708120593000007200900506870
905800462600072100201094080027400093004928005059007820002789350090100078783050001
002085310906071084013090070509000060600912058108706032760509803090003100304107605
980542361230000000100063097073416029010009506620300010791200008008074150400081073
210090347400087000009100850860359471301000080090410036935860720124730008080920000
097005408500001300003000562950100006832609045671004009700018020168030950320496801
000521038010360520025470169600000045984100206030706000843010050250604010167030980
420650010065097204900002085590073821002006090170209003651000370000031006709865140
306800000970246538080300210107060820802701060050082041508604903039008050004509180
700062908648030502001508670410600290562900381830201007920005030174006000380000120
005701000070493250003852967004000829738109506500640073450380710087000095260000400
070010058060508042005320076037050000006283507501746203024895000190067025058000460
040000500930526401081073029476095203005031764200007000759000142020954300004710008
005049023324005891908310405201400000087001054000000208540290137079100540130704006
020008157400007298798002034810703046065420009970000012247000800100200973509070401
900806020210409008075100469090008740460791005720040690342500900007910302100023804
090034060104090030703605849840000350650349081010056020200470608470000510901563002
384056091000204500005008073020001000541000732090072800407095628802460059050823047
397040002841630507000978001705000804280050013016403720008195206659304000003007400
020165040450070163816090020072053089040007001690481702700816200080540300265700000
740020105036071200080560370100052703403000602072900008327800001860205937905004806
836500700090260304400708690185026430904300160000804020201080970049602851050190000
096200100800045703054170862009450670160937024047026000402060037000012480083004001
009480070020000461546712800008005004073160259250049700062054107180030005005601048
800904006017050280640201950090507860085602790706009030060420100031060520270190043
530047026007900340420350100093704602068001704040032010672419583001000090004803001
003068054150304609046500800480001736092680400001053008010830902830000061520196007
060000052052740600709065100927510436508600270003072580200407065096001320800320004
105003040730564019400080703072815360006300100013040905601058000307492680200000597
796003145034006902002074003320768419080500320400302006008405090150600204043200050
923000050750300840086157032048592700695014200000036090000470605004285079070063010
035200608100907052270035004020050090596300841001896030302400007010020503607513409
061239745005080000490010820037050004600900071104376590300521680080000100712063409
408630005620057408001002730904008002100290647230065080702084060050071804049020071
200000890087900106904006002730021065501067000628500300870210643063058070490673001
010003520006000301040850607087405260400702813093180000570008102800307950631029740
786000015143000802529060430074310050008009000001604309007026083390851000805437290
800000050107500489000002060560279843079038025080000070050020790004985236092347518
685402301070850046004370598010064783840000910030500402000040057307180600401005809
070240060310506090605070328050008132204031600190025040030012086420360905061800200
040007902910054000250960147000706015475080036103042009084020090530401608001390074
080050063920130507403706002260907300300000628015623004748062139000800006092370080
908140030074082005516030002149806003702391004683020970031060050060018009000253010
007009500015762300860000200072890104080450792030207800193028407048075010750040028
400032008361009200800706001210590830589301407670200150700000610136005082905010740
070082054018504960005009020143950082900010640067240100306005408021468009504300006
687952104035600097000070005000067008046080013879023406398206571500790080010800600
103078605056020809072005304960013057705902130001000900600030792000167083307009501
450230089730006012060401700645719820000063900103000067506378004080100306027090058
060400507503001040947206810700869035304105008000300070078640109009000026635912704
041832060052700108007010094080470509015200040079180603028000300093028470060351082
041500289030206070209801006810420007004070812702160040027300060003610708906052034
214653007070190230903020105807006003640009801130740052400301008001070509026005014
830027951097360482540009070050200168083600004619054720470000030005706810001008040
700168524050000800648032100006451390417090058300800400500089740063710000074600931
000000135120095000054037290070000046061740320000950007716520903045089761308071052
150003008004950623306028100460039210000010030813702906571004309200067001030105740
907052084001348706084000020739010860040603907008209400073896245802001070400020100
948002075000067080027089014500270906794003128060890000800016502405020063076340800
932500081408093002000048059806021530070800096301605040783410905060350074004009010
004007906936108004800960105740009600300001872081572400200490018408210507160700040
805240061900100000172863095700004008028790600456010209090000530543970180681002040
489760000000013860603008297071620038090085700830100620305090010140206080020401376
084000607901763200002048035208607459009005060506019800693004120000806000027091546
003065170004019000000380295650900028091028650208576931009000510035892046060050009
486012000012700906930000010608479100090020684124036795861000509009008401040690200
864001000000470865503890042435908600007000009010637458040009501702165000058300976
045978031701630258600002009070401503020350004500200076019020060050106807067805012
010360040940180536260004900508001673670500400004697800306010080700240160450076309
750032600096800123130694070600780030879063002045900068903570006080046901000009087
800001230360050970029734001700020083903147506102800090095300740007400002408572609
097065000000470915025090680004350196031904050580716402010000503002631049003580200
967140300000952706500376890203007001106804030405030209030210008821405903000780002
502600017801320056003019040410000208078235104006084700300002501054070020607951480
800950601903206504056007003080394160360020040091070025048702006002140750709060032
289100350005302006060490120408207690970054280002030010810069532320001009500820040
006480531045001000087305064804079300023004095009650028002038600008540103431090052
058093607260018040170540320500082090806475102700001056942300000307150260600009400
450000007062701549090645008020010400503079062014802790801500924070030001940128300
480603512039500600002018300000056403603900750754032006006005130340209800870301209
007009160105807923049360070726900340084603790013020586658090000002508000300006250
706042305042035900003001027100370040597064230600020170001006794400010602265497000
140523608800407103730000500204039756307005009500608040650902400008054001012080935
839000106500130800420090000207900684604000501300405297962300708040580912000029463
350002007004173205807005903610750394005306000038009056100900520209504061506081030
173850020060903750900010036086195042412008090000004078800532407037000280604709003
800300126010005000436218709760801503092006870080590060001604900947002630020903017
001800964823060070469001382008200603000319020037080000305602108100405736706038040
009000040810709063000631080798210356006305479003900802000060001001897624602150790
860410709000708030472003105215060890900257301030080200590802010000500048648031502
357820149681004050040000803509600421408900000000742905700281530205469700000500602
870092140004381700612470008095047836060000271730800050006704000029508417040000680
507849230020300005840050760204063508070510002056700013095187300030090100601002957
450000063090053000001479825175034690006591030983060401504026080020310006360740000
806007510025100740040562030093206004467090120000403650084709060179020305000380407
051030002962580014073201950100090280030008100720413000200879000097106820084350701
002510790470390500539072001108000300750003819304000270085400930217009605903706020
704510860000028104001704002005846000463975018900030005800102006192400583040389001
060050704153790020007608310006005038920073400801460570009007250014930087302086009
050081402240090730097032500905208300802307900700006128329500007070820040006109253
395602010047310250012840700700020605000406971400950082030500020524791060170008090
015073209000802145048009063000030596903607800801905307184356000090080001020001438
050940603903100740047650080695021407000504100081006520309008050804760390010230074
095670041432500876000083000904006000758240630000098425500004210240930008083120950
094000006703506900106800003867341529240600007019050468058473000002010075071205004
050010349760020108009380067647038001080290030902000805074162590005003486396000002
905400607704090103006715008140869530069000800030054706402086301603020409800307060
068140070002800000490700001000438067037016290000009538014907600380624715706381002
167020340504079001203106000700560820040281507852794610071652900000400100008910000
100703802020006501054821907400060790270400608698000403081390200902600170006072380
930750006052601300601839070300015400400203065529006800063097200094560030105020098
708200056002567380503184907080409003100600400090310705800741602000036009070902841
310026704204903058060004001809070460002360009056098073093607510620530007080200036
300012080001000079258947036934085027000006003065309018000034001483090062120708045
400027036203680409650003070100508094029700100580910063830051047010309608940070020
280690015001502600064003709098060000670309102002780963046907001003006097720038056
100960724050082030200470805090720000812650073005048001708506109041097002036014080
740680900060100080012054736307800120008401570490720060209500040500069308106047205
053048007029750860800003540000020650206080714518674000965800401000406305034012080
904000061020401900308097254430000109065300740001820506040200010150060423283040697
400680030910324785850019260700032406005800900000541802504190020090253608300006001
007034068524001039300905001070593084100007926849002000460029057030100090290750410
004807015170600800092140036009062083408309620306008500003750004540006198201904007
640001080082549760050600340490200010720005096100894250870400120034910570009702030
521400000307529801489730000006010008130904027000208160043002985010805604005640012
207940100108526073030000502001070030760830240304205706009162300013400620640300081
004367020203005967065009800620051300507003019040790605002970100170530400908100756
080000090007518006450603801305020680174306259268970300746209030000100060513000940
010003608003201000609804310030029487108730009927600153060590000070006501495317006
007098010012706843480002005724900136060204000005103027031640098000009060679021304
053470800079302640040800035095083010018000273030761009320040000064128357500007920
005012037002080019613790008008350790009070800274068150530049200007030905980507064
670902413041007028009400756060000004000509037913700062100094600700016289006805341
070010058060508042005320076037050000006283507501746203024895000190067025058000460
016902570049503600005060092098050000000708964427190380004039056502010009960480207
080390142042005000169002308821050003904000000003847091098001600207960015410508729
050062700027000085940587620100409006030050070764031598478305060090610300010700852
700903200090810700841007369050031400680402970024009053030160020218000096070298130
700908061016740000208006574950837642630100000800004910162009430500471206009200080
910560700042810063080002015409078520127905040000001079650040097201700004004289106
030000259009003010005049036100080327307420060652937000008152403940006002523890670
820003040001040805590861270038020014670154300010900027750280401106005902009016050
056839107130600049020001600080090400394100270070243091003520010009300782712980006
400200386000430012000805794270010003080609070500374029801053467703100258600702001
050000460902400300463000892607002000194637020200041609009160040826574013041029080
100430080598017460300080510005001826600020709927568000800653204064070005053100098
000960408359807621408200000940178060070002809803400705500780096701029030690030180
003060010486132070010400326040023067350870104907500002091647250200000601604201009
005001070097053216000000859078090004900032100213584600156070932809065000702019560
486012000023700401750000090602391700070060139139057624218000903007008506060130800
000080720903502004800049563300250017051000046409001050504630298798420031000918005
972006013010537800003200064004763050105002437039005600390058200608001075020370906
085107923710900000006400187004070060061029008873000095000290514250714039149500070
070493006069058300483621005732065010090037560051000037006209000300500690900376250
804103627630080000010704390089607150170508200400001076060805412040302060521090700
780016090000040801001800056610325908000070305504198020040003069170460283069280570
061007832395001400000364050240036180103500706600018003902640370070820600036070504
050063048381070500600180309874630000030590280005800736503408697490010000060709410
600170538400850061508320047905037000000200050130900004250608410894503670361002005
300100900128607503005304081583000200910872306000043190060038705031050462057201000
507600400090487352804002006369800507008093620010570030900015803200009700143068290
007038050401009320093120007005200600070001032026983574048760100610805743000004268
003489200070256903200031008410623895008940130006000407049108002302504610060302000
710800003280013070356007890931020060070496130602000900003050009897032645420080307
001082060360700900204000810610327408483061070700840031037008106090074305846003002
007001000045287106602030798309708024580304600070060081708003005403056910050902043
801007023063280107020000096637005982405026701210000504000370648140052300078400005
708002160003107405150480070004070206072091043801034007000540021289700600410026708
701463908002510374309080001034201650965348000020956800010607005070800190590000200
384056091000203600002009053070005000218000975090072400607098312801360049030421067
003810400005700182007002390759300040801500673004178920092005714516900230070000509
007089100648100090090340768070800020081052076209704013925478601010500204800001050
100027580402360070056008304908042605007900200043086097605873019091200000004010852
105000030308021965002593004003900570071050490809467003280130750507040681010870000
902047305001060204304092700607080002005073940240015870473051629520009080000406007
019860000082030000470259006000000293035920041021600508100476305200300167367510980
056400120239600800801070500483205000190030450007004231004067905010529074005340610
280703401009482007043000208308640570005020034027350100970065040534270619000900020
057903102018007040009850607003090501490010070061572403500100026906705014032604700
506840200800390060903050487058903700200004908140085306301060509000530040495170630
105000090840362057000950403004020035503478210271009846608704000010205004490600570
542736890000001607106002050090345700805100400730600512907860045010079080608004970
000010080000870906080246305450000638617300409098065100504620890000038501801054762
386104050400730108070050460600508790758691000001000586510063809000410602264080005
823700090406053728907060140009800002301600050248130900104090076002087431705406000
086030041009450008504608037061503892200800170097240000610320059940086210070100400
305007218080520030907031005008650094090300027254710080010008473649103800800240900
730248195491005802005003004002700040359460001040350006028190000500820419014507200
295700000047600520008520040051060002362005070009002465013296850500001290906458017
806405170004271580701008402607302914502040600009000720290703040063010050008524300
500026301703015480106007050074060003000590047365042910230684195600200030081300002
009302106015790032000501987006030570050010040004850009021480765460170208578006300
031509604075020000400306257097102540004000901102943700048600312903258076020030000
092014870670023904001070020007300000960080201208146597700208106013409700806700309
782049051300057420001002700190600082807403016006201070613020890040930160070506040
000007000108495632692030750019802060380570401004010809905780203800054090201900087
015079823080102070073000061900060007060057200527904086702481600090300758036095100
050203040390706580807590006002830001089600420036000000415078209963421708208060010
040500703607004182801260000700003509913050070065001238000036840380700691170409305
050740100043960058092080406376000000020693781080207064435826910060070800010009640
609532007070010659001096830010043005900600023823050746100005070207009060564107308
095380014412050600000610950079460008030705140120800506000106290261090037907043001
004035017000000500100427960489562070326010009500300006901270684200601735003850092
310058460009003502047061003700000894096782100801340200900034708170806059208500040
102008740900603100307021860010095407090140030543800091401089025805006010020510078
000000860876145923921003704048961070200000409319070685790002040100400030050307208
008010000400530978572409603860300021023800400040621809307054006204060790001908302
812950734537814026940000100784020300000000518600389470008100003270603040093008007
340050821007329605265040739900076002470080090508400000004910060091830050802065014
000508409509147600427000501300001860790065040806270905070304056104950030205080094
050010700971203460020590108013078654800302000507600203109004520042030019700129040
730248195491005802005003004002700040359460001040350006028190000500820419014507200
200430080380100204604082910002700058450918300036005091100000009760301005508697132
080124037029803064410000080004510600256907013090040052060000820508291300930708501
410506072507001680200038500080459010704600805350800064075002030043075296006084007
060390000259600731800051096983264510500100004001003680690420173040017060012030400
360719852981520047005040010102000006840000570703065080027453198510090003400200005
390801057708300091501097400000030012030042060902608000203005986475906103600120045
000006905956300081180259006361092500008540010400100397010007820870405060602980053
690005041010907368730401000045702009071800402060094507009608073380270054107040006
508031400009004002402905731000060014043518920186400300230846105600100270890002003
907856030024900070050040819701604320468235090000000068009068140602500080180409650
932604871560713049700900600890541030470090500201800904007000106005060400009170385
803400006605079030200503817907084060020605009150200384062040051094750008080920703
320670489009342010400198032504900063098403100130006000000810096006207548840509000
140723050320801040800000231780235106600000300950086470030014700071398564096000010
073004906089012075450790108008023769030600012010870500390401280000930650060208004
146905300009734086700000054034020760820070490005493010390057600060001009410360527
052907104009062080630080520083005000020703698046208015005800200004056830178304056
398000070006090450750268190401000082080174000075030014040387621820410530000920840
010702853080100409397000260630874900501020648040050032103000500708203190004507306
004085120508120439031900000010032980307004610902650300840270000070003048605018793
349500081710080506000791400608430910920810005001060037034200060100003059290158370
160008500300020067970536410026000130019362045030809070680450200540090086007601054
860432507100000800750098430020081700073965182081000050040803900395010270010720340
700003150034010962209465000025300071000059036368170009050001248492630010800042600
000402630045069127629037040067300085500000096090685700908200401056910802700540900
040300080000026007027408001380741600500289703201030094493562178750010206002000450
003040762700230010428600500000560200245700936816090450604020100501087020072106340
060054803000271456007806920405310692030425010701689530003700009000003060270160300
230001854009208003014506007065080100007102005102307496600873009570004068908005701
006705080709800012803410607280060340400100068605284070368549700000070930074300806
900082700607395104805000029002900310306240007091850240009008432473120005008034001
002085310906071084013090070509000060600912058108706032760509803090003100304107605
907250048085931760020047900008060001304502680201798005803420006519070000002005079
003010089050934160917020004639058710701200400504000003002000645095040301146075920
009103040300207510158400730800020103930815200720300085000040300497531826680070400
608740109405109320900080040250304061107000530080651900096035017002017080730006490
538000740691007000700653090904570000005380070080060001859036200120795483470128500
530249010002007030100500000008750420065000893320986170870060901601395780259800060
700863902003090701894070500970531004300680295580000300027318450000206100158000620
014309520030875010650210380369048002000000106501020048286031075040780090000050861
836021540070308009020467003000080900192530786308019050600070290000800160019605378
030600005900208630624053017402009051300040008810726093280067549046005300500480006
001003950560980000079016382038040200600807030105309678050130724387200019004095000
230001854009208003014506007065080100007102005102307496600873009570004068908005701
902173500008000043310580209004038010060005324137062005075000031000357680283640007
910200470070010093405970218042801507501430026700005080120060709809002000067159040
234870650050000007060215038020081079517090040400750063073006980080947010940008720
008500097096307081340089020280003905901046030070205048800401003032900604015032870
002640091040308000178200436004800723280050060790432008830904610020170309960003040
408726305030005002510080760050860437804900050600000208207603540009500023360201879
120800569003000008900604700096078305530209804072003006347500912605790480009341000
080640019120007060096105804001960072067080051230701040910478230072009480300006007
070000004056010002290730005804590026567041090900368540680072401709050068010006759
486000950000610872207589600060805030040200500029031086390150400054703090170940065
481500023030201800200840907809400000004185769160007208700300406600014005543608072
306750104070630059051002673730265001012890060080004090103020740040000502008473910
036501020589000017024030508200098450358246701407003600600800070072360105910000830
901002080070160020203079164706300900030605801105087406047036200028401793300008040
006025070015709306402100508160053007008002109097081650780004910000097005529018704
107008004005041032049026850000410503504007010791230068970080140050092080803670905
900006003680003700370840009007082530816530000023000004165390247048261305230407100
900024310310985602080100795640097003800402001072300000428073050000001836103050427
631700950050860030040001720712495863009010275080200001305080017104650302000003540
319008067000309085025170400603297518108000040500804070081063054057480023006002800
705034809400798005090215074002080950819006207537400000006003400004060001203941786
004070009007401085608253714005007000001302857703900460852030040140008973009014520
002571843087004000340060072058003290000205600723046150034652709000030405275400010
014058020000174869879032500700096402042007950060005371000001040020569138100740200
000900800531782609089400702206390085710026930090008200127004590004015320050270001
000659017957001006046200508081900000070820960209140873013700605028504039090068100
005760000903800167086103502400038009327014085050020430170400053030290004590370026
094060100300900705015837069003408007140500090076390254087150042009042001021700530
034900870501807090809002501020058014010000705400360928103429657600573009700000203
000905310009301062000004900006518243002493076354062890800009025001056700400207189
076800045320754006050020380002930600934070518005480002600000429501208000047369850
402037090010506048090400137238000610941600700567810920074060000359070860100385000
610000000049017605008650091900060302052030700100502040724000169530194200801726534
819004075352900000000003080236049758470005921005872436500030090023401067080006500
092104785040050039075800614109063800400708051720900340010580460504076090007300008
095006200042089510030250049403568020001000460026043085580007302069835100007900806
853090106060815009009600580032000408906381005007029601400063207670042010320050904
170020043600130897438760015040200500590001002260040700010407320080693150054802900
050000072600513090398420051080054020045076010903200547406000180800135064510048700
009080007702540008018270645004062503096053010230010760400105200653420070020030854
700041390013027400509006107670400509302010700050679830067050080930708201100203075
020100046540300000901246875004037108073901600052004730089763512260010900005800400
206000051918650327000910080690503100520170800180200600071405060050368709069020048
892600001001940206040210085000076023006089004080321000008100540174805360205734190
500000006702610950460500073120005739945030260807062000019300000058197642604050301
900010537500090421001005080400306712106052000380179005000027050007541809815960204
900308200420100050630092178784200690009006007003579480107004060006701500302085714
068409207700861009409000106501706093280100050006580012810907400694200370000048021
830000425295140687476258000603804002509620310004501000102080570000470000057300840
002846790914070085007500400006450100095703064048010057620087000400260918501030076
462078950001254080800000340010065739903001000087902015038029000006500804540607123
070809006009060700106537890050190040018370905497652138023900401000003509980710000
859610024207980630000200009026097805001008070570130402904701200710002943080309100
020360000700954000065802904583700190604108050170593480041275639207039000000001005
048109070307520041050400908010000256470210800029385010931042507000950102062070030
984517623030084000007000804058472306670150000003000571390000207802039040005621930
850007300304051820200804059609072400480190075002080601936045700700008062100069530
401927835307000090900601070046093052012780043003004100675010329280300010000572008
903704165064050802080610000415829006009360410008000509000006900392047600750190243
300506890054290003096010750078000000500071608109483275081700536040065900025039400
629150400058076210107002000370000801894207630516800007060403050003029108205061090
058031000203574180400892065500067004000400712001000850190005270020709643370206590
870046091200050007410903806931780200604009178000160400090400602380590014540017080
070210863650790100810030007900460508060053400140987020096800200301509084580326000
350046902000300780741082060500400201024178000017200498030690007190020640076034109
100600030380900576504387900001430607093050201806071300410503009900040060038102754
057190004408206051310040007926410500180305200503082146760000035005000618801054000
200800517568009000407002000000941700950003140700685209172398054300056071680400390
210834700400092508089000320340957080960010035008003470801006900090070063620589140
057840003823015004004632587100500048000360051530400062006104205245970800701000030
415360700703081095098007630004923850536470209080006047821000900050090102600710000
302609501900102036400080700197030600640200310083716904861000049509000170034921000
210049060306700010900150030000403751103075600570000009081060520735280106629031408
608501239500000408002604507900240100060819305050067080005028093039150024706093800
082604530635079420000003800820040063160930750050026004206490310093102670008007200
160004000043600705008173649054260008800030270036807094480500007001706450075042980
600703580504290061809050007093587002750001038100030750380000070960074120007315096
024100005583740921109002040370200019408905002095060004040630157050010208031520090
270496100300570062504000708600900300482005610003681054020300870147009023800257001
004938670307000108850106400020700380590004000078361259705492806902010040600080902
000826035503104708098705014752900080800260457046587201607000000900018572005009000
021405609395107004400302100849001003003608090506000720630209840084000902902874300
409003156060529004803040070576430009004208067002007041015074693600015008308900010
001004090500000100004100570807501030460020780903867025748310259100200048256409307
700601835103050900605320010009002681210069700076083050067800124304016008050047006
702000035006453002053706490200079050670280043018600920000047260861092004420060380
700090600590870024260150790000015067306007015157204030620500070400720986071609040
001500800030010004876342591307050018405028370060701050702164005090085107150000280
000008700346021985700350000904087000020016097600904010208145379007002851590803604
950200300100003209083000007730140682501702403800900715008001506600509834375460900
014936200320100790080007061960700002402809500005042179653204008240000657000568003
800010004641309205020704108038040700016905832090208600074891026000500083582003010
020760085689000040005490036014006090350009060902074051290040873030980514540037600
746058002300700905091423067402600000657039020000040001100074583870315090005896004
805609000703148200010035076000061000600080190301457600174893562030000007958720410
649105002170008395800097416000529081516873240008600507080000700200006153700040020
290860051810279436070310290367102004089700002001506070700600903952030067000000805
924700006105003798378600005000090000692074001080026379009430562000902413240105007
006000004280493071304680920800740006700001590691530048030150207008000103167328009
060003502925610000734502810312460908080901205009087040208000059000000083193854600
290005083000007090040000215016203079709800506580900042060780351158034900372019400
200817000713605048500423601400050809387901000659302017030160095100279000006008020
050080000136792845200500017093650024048123609600000500070305200360210450025060031
605370040012495080794010023459800702100024008200560001501000230067043900023150004
014058020000467198897023600200045801041009560080001439000002050070394286400580900
003060010486132070010400326040023067350870104907500002091647250200000601604201009
080506013690001700210840509076400001058703040020609378801200490702968005060004820
080907320056320400723000105300500014142703009600412008519208603064035000000040851
120085007904020850080947012857009003206800079000002005010406230060518790040290561
095061023200040760104320005402198536906004100010700004547089312030070000009403850
090104600480906021036070490004300016860409200370620049040001708053802160608740050
043290005570806090009000007204970610006120700307600259008051002421780030795362040
603040700805900340040200985078356004430091200510028600904072003702130009301680070
260057019508900070009480305305000040602034751800561900400198230900703080783000094
892643057400010083001090006045009802020401509980506010509100008034807601010960230
000063084709180320384070100073000250006752030052038960017096040900800012640301509
400589006560070049910002305390400018201863050004090630009054007042038091705010420
020010064561300008009268130906051400102430079004900650200704306680120940410003080
700014003040070051612350904100400632800605400436701009578002306000500740094867005
920300586360800007000090004142905000608071352730200491470020063003000845506143020
001438029905601840048000100000020718713809065860017000209700001000060982186293400
081005630049070508235080409590000203410508907370269005123600800907804051000013000
450801090003070012708029506025037000900008251806502730580706023069180070300200068
204090051019200047060451002920000010856049720000827560035004076008570104402610090
037495681805060000609021035024000170700002943100008006050270810482019007301600590
201030908900081200063095701420100803080973402107800009016029080040068097508007620
813040050200530600546070080320807506600050420900000037700385904409721805085400370
972050840056040000080201650729005160013060524400000039608500012240600375500120906
084609175502048030006070800030200408029750016065013007207480500640530091100060280
083060005745009030000351784007540310012690500036070049004705060058016097601030802
020760085689000040005490036014006090350009060902074051290040873030980514540037600
009100408180200000002800761870019042014026870206407000005041307630702104741038050
900705010800900050702000690080032007000194238090687000548069371067850409109073580
450128603019006085006070004061890540070004029920350060700960008690081052105003076
450906300390128040018000020043701200000050794520649830170860050635407102000310009
630480000710050829005270046927008001000932650560004082409620013006005098201093700
004367020203005967065009800620051300507003019040790605002970100170530400908100756
830065200296710054540080763084001025700906400650004170470638902020500080000190007
284360071007250306003000924001432860400605703006071402600583200845020030700040100
700000004603849501040030060160028430030500706000603819015082693070096008986351200
000000010370140862261879040010230706920080153607901000846703020090506078050090031
040726180100090460700104532830907004062000708457002391209000005513200040680500073
700192084023000009908730520019620000402070938500084012600019270071240006205060140
009400650540681092032090010063970020020030940095208730050060103980347000306002489
040300080000026007027408001380741600500289703201030094493562178750010206002000450
305094008007810093018006504709238016801070305030040700070950800203400050580102937
020360000500948000087205609943500760201709050750426190032854971104093000000002006
702500143138246000045007860350002604006800705480675309600920078023700001809000200
008039005901570680507040901756408003083901057000050806079210060460005710010097302
906003025140206089005709300408000050709502830600834107090305210020091508561400003
