034062501006803002082594607258601740309408006060050308003100074000386020020047003
930070801145309006076000900004000689007192543300400710708203000003007108521846307
401823690908160200002000810054089026320651008080000701800070100743206580006508407
009740062072083059061900070250304701780500204090807005007265300328000546005038900
047003001051807036060510480082731000603008702010020843008065120026004090034089670
508031400009004002402905731000060014043518920186400300230846105600100270890002003
040809765800524319105030800027001004010002576400780100032078690900165030060003408
290073164015490000700060089040620015060040903587130020876904052000006090350702041
302609501900102036400080700197030600640200310083716904861000049509000170034921000
010680457048100329500240008705460980094000000826907140200030061360000890081790205
040083759390040806082079000120030908708592104030006200904307582270008390800021000
307500021025400083004382007800103009501000046970846305200638054750010002460020108
327958060000320897690000300056071043010005208702049010070400086089062004063580109
890461007140507020003290461000070190201080536460300270384050000917020600600049780
534900276072000849960270510000050007427836000000020680781092035005703190090501008
073400000014006035090783241020040950507931002906008073069802317000070806738069000
600005827080320004245760900700480069401009378039017000590130700008002416024076500
208016049015093800009070035570024063300100004086059017054900670903702450100640300
706029031500618040910000605600300100354861900007050364009280007870430290260007403
253000400000690053080005010402803090007069348308471520005130080749086132000920670
078205031960107082005003400520789014001052609390000005002908100130470208680020093
005706804608100509401890006802573961059000070060410200003901042926047005010002390
120085007504030210090241065351002006206900073000003002070304580030817620010590734
067321804040809062000005003035906008604500030800437609008760915900204306006100427
901763058600028090702400300060007580007684130890001002408910600306800045250006871
907584106010609830640130705070300012286051379103200400760000003009040061054010007
590100284820400000070289305000900600369508070085047932032004510050001023608352009
503001040241700068980000205009042706000318029402060001354689000700100890198203054
602394705048050203005008040060030510030586027857009030983100472000802009024970001
805604910042100053007035020070001000390040761560789204003210009406953100109000385
070000020840703105091806734068071053720530090135004870019007300687010009400080207
080562140040003607206400850060130574730000201058024390009010065600045010410290708
010702853020400601735000940350289700907060238060040019504000300102806490003504107
302801570951007042080045319000974008060108930090500021200780090076319004010050760
200359670190876302073000008357062004024107905960085007086000100739510026002600000
532904800610807900009501004001076090850140030920300040005492780400050216270618400
003408750021350906074010080340200619150940000060031570980062400706504190400090805
000916300709050000100708002356280470071030568094005201000890723400063095930027140
009301760005620000736005812812049006907203481040168097000504300070012009050900170
587902100940170520123006700730090060000020097092037451019004280205008900874209000
102050043605000901793010068854370009026501480017024356230048670060000090079060000
420050831150402090008073005005600910040500670769318500070261380310800000082005164
003100065945020700106857003217604090090702006060590470470008350030405807802073600
500081060680057403703009105030170900809043700075006834340095002917030040000804379
304027068012060000700059312629000087500780200040291603400310020276045030100002594
015080706004170203207560080500010369340052108190036000403007502009601004820340097
970600021016008409004391760035007080800254030602810075000570090000000810263189547
071005000938764025254900736300197082100600473706000019000009804009016350860503000
305018040000235070102060539056004903910706420200090001000041006601079250094052317
870092140004381700612470008095047836060000271730800050006704000029508417040000680
000056931093001052500002680016008040234905170007030290360520410720019063000680027
903760012760185930010000060600050301035041090401076025209503086150098273008007000
824050003005091408100380026490008732080147900650003004000010687748030050506872040
080640019120007060096105804001960072067080051230701040910478230072009480300006007
709038501600701300301600820503400018406103070090805406937046100000012049210900603
002076900749015680061802050906721803104608500820050106000563090207100460690200000
080970010090408253046250980801305002630000179409607530708542090014700060000006704
043908056025130080800050302080019070710003529390605040430700065208300097900584030
098530602200090830306820090002763950560008703103900008001070006804350009037180524
890503016600090375570206000950741680140030020080060501700020809400100700269387054
007024300496010270000007614700563400605080093380009560530701020100036845960258000
169030705425007630300054000847501060591003007200478009000000916604789520053006004
200070040074000219983124567040600091090000000007891620319207008720405030005389102
174025600020100970090073520032010000015834062400007153081750306300602007607300205
563002814704060005000541000130025906256800143940013520009080600670009402401200700
098731040300004900460050132736040825004380000080207304140503089003002017809016050
028006400040720056601043092000409025290037108384200900002570000509060281036190570
093200180002960300051703620000410096816097402240006010100370900070609041964020503
938027064400569300501008092302604100004703605090200843070300008100970050649850030
423109070005370490100004302714030009300061048080207053530426017609005204001003005
809100650500804003130205407057400391200059700304016020780600109063081070001570840
046300280158000000000800140504080006091020478682940013430296050209500734805730600
080907320039860700657000408500600034196302005300571002765409203014036000000010649
786000902009061008140879000900605020200317890867000050320090061401506000695128370
400001000908725143031009207043507000100300675750908430020094056095070300610053709
795280006004590007008070159030918645810056372400730018080040003000305890000867500
402089070790205003083760940608010359007832461340500728800100206205008094000000500
105300007400720851082041006200903064950802070073100089500207638806030700307610040
500304769607090002904627800108040500356089247709000000460072083290000070875001620
657400180108050702320107450430006900802000600000320540504018307200703095780065204
000000608410000007038609510169724850507960021000100976005076130690205004370091205
009001300301690852405830100013250480940180023002900001104708005730025918020010060
059200008302940750078306094017500940095460000634879000023105400506034120000000385
391400720008090630007513090010639007600000014729140063100320540583960072040700080
340915006009000002068702419275680041090007263006201000100309720057028030023004108
005907800309100560048360071500204689480509007920070003050491026704003105190700040
030000708826400100007698320500380010072106850481950673000800200290704000743015086
009021380100003069623890010207048091094507603050900070070039802008200100512780930
058300010301746090700005623970520401085960230100008050507009100804107360200084509
000801394004560000000049508500976802089054036640230900060017003372005401415380600
271945030003800740004060021720581400015700268008009100080070610130450080460190052
563002814108050002000318000630024109874500326210063540007030400350009207406100900
305007218080520030907031005008650094090300027254710080010008473649103800800240900
002913075103005006807004309040300600306001520201568904719006000004057193008109062
209106030701325860500080170060954013010038907000010006078241090600803041190007320
000009473000000920000203006625084031083150609190706582800097150907040268001820097
706930840015800007400520610602708391801290050003010400290000008100482069560170230
015080072009245300800317059000170506976503801050090720694851007000009000530760904
260493510053860900849000603500078002790145386600320000006000837301006059485000200
040090065753681940600007300507210490061058007004900506005800670096730100370064850
740009800390805400250670003019527004020308710570006028907452630160080040405901000
010094830079082061408060009701040386830021000006370042047800013980216574060400000
751032800004800251208601470982000000470018500130024680013009726600003900049076300
987100425541020003200050179300096800060040097120075046000607000010930508693582004
000080396580023007316704008008005000020107865651802730402006081065210473003078000
090030501480012009061089004845190023602000910079320408300008170916073045020400300
378692050162507980400080600000708540680201030730469000500800010240010897007920360
050870093039000070680439025061080204904312000820064010298140350005090060016700902
841052006903060200050197380605230071012080003009071020520049130060000549300715060
305000412046005000870409005004096003952371800630250900020010080100080034583647129
000462703020000580163058900450100600207600035036520040071240308680379451040000290
450000063090053000001479825175034690006591030983060401504026080020310006360740000
038005904502978130006003050280007605057860003600052780020030060375080401001549072
028091000531840679000300102974500801050160930003980020215478300700005210006200057
004760800006109243521008600108200590400500300035817062000900100847620035609085704
450000063010039000009674581186057420003946050945020706701093040030710002890460000
002030087087290510610840900039418000104020038050070491920780305503162049006000070
180973005050002700602001349030648007410020096508009034306007050095080103040536970
039680700008507309700003650150030847400178005070056103901000032005810976607004501
903000060040063580506871304300090250260310978809057000650780030400030020730540816
005603480809052006307080209732014905900200801004065003690100070070520030520306194
021000650064951023090608040450830200670090035002405086206509378180260500030700060
509040600861573940207000000983005204172009306000301700320810070790034165604007020
400980100018030000039106847027304908060500021050810763601093070390048006002651009
009000164063148529001050387090000875608000032537002016102689053980030200000014600
060050914584960020700204800040500076952608140007140080000000452316425090420780030
700804360800625170006710090063007000490382016000900732010408650070260401084501907
407095028080003016530802070000900045394526080650100203045000837002359060063087050
024908570905600084831040002300080065500436007000502318457001030260374850183000000
584000603006480750020956080005807100009001004132049867051600970090308240240790006
002701050578392400031050092000020080057480620800615300004270030760139208283006900
007120603605030200042690150009701065850209307470006002590460730760008904020970080
450906300390128040018000020043701200000050794520649830170860050635407102000310009
205000700000051208183472069900504180056000027830729006062107090004206810310005602
002000657635040018800569234763020501010000062008601400300807049087914306190030000
473000009012000375560080012294008506607030001080605704705063908130450067046000150
015003700607058031300000405506091800032086109001072056059004602104025903083610007
405280960106054307000070005753009006900701053001045089804037592007410630632008000
052908030380105946600700800501492683020680000860000079106000458208306107700841000
830050106120403080007089230010094023980006504073501009300070490700910050291305608
058093607260018040170540320500082090806475102700001056942300000307150260600009400
650090870043780000070360124000047308184000765067158000900804007720016439035009600
500940071000078500170605493206001047019704025004592106080450019900017000040209708
083062501500009063016530700070103289200007006398250070809001425100624930032090000
073004906026019075450760801005027614060100098010640200690805140000490580040201009
009260007500934680862000940048070510300080420910425008720300094680597231090002000
056400120239600800801070500483205000190030450007004231004067905010529074005340610
700601835103050900605320010009002681210069700076083050067800124304016008050047006
030700081587034092100905004456010837000058006820640900208406050300570268015020040
946850731210070658850610020000308010574900000081507006020034869709200045060005200
261098030503026008000030462706215049405009000010003675157302804300980150600004003
501480009800005026603970510070028045950740102410600080139000250060097801080231004
390105080010080793074036001007800000908750162053260804025090600080020349409618020
064810050100002460503640270010700390032190600908320710845973106000060009609001507
009504010142006930600091470904617503710000680020408100060009800091805062530062049
305008090780560043090130805450000060170025309020786104804390510030801006210007408
000716009971052308052000047300507006069000470580649230090200814046080000025174690
160020340080301007340960051536289170090100060001050032903010780020006003608573420
020530600490006200061209754004693570503007090906800430009062041102958067608000020
041259070060100850502070940020901036317062009006004025094007008008420090073890214
049020600780601020001904387100086792608700430520093000052070006006200073073165240
000609103870000906903010540080107009706348205002950780608074302009200857507090460
030247900540063700607000342000701204728400030304602507250804670479320050000070403
062403817010006003038710002040960270087030500106074089800201700050007904274650130
308527040107630800004000637980102300001400580042850970873290016006740090009006058
581037240000005073970820050205309400000008306738402190100043568350000902096251000
704095326352068091090300057479013080010000940203480000021870534030250109005000200
048296005907080120005300908409062300302108600001003572090800260210430007580607409
642093007050601008100040263010300809807206005025409071560032700030700510074150930
820060431060000500005304689200609103017500200503142870400090310931000708780403065
100702800960580073078900025024067008096450010700800564057604080300200650680015047
001250940095100708074609500429800315003090006007321400040960850008010604736540100
080300200072019080340027169520401738710603000003200640050008406038046570069702800
100007689000500401047619000635872010294350760010096253080000000321965000076120090
003204950027830146640000803234080095078400601005900482001300008402510379006090200
040090267091057408070063010036570102900014080000320000104035800369082574780040320
085064037049008005371529408504083070806712594920000300008031050100090000063000219
058902060001350009049060852402076090570400208800210640600193020127500036030600085
000607032062043090731002450180705040070260381043008700427809003000071004019400578
437060890000340006560097402004052170305908260610700080200470300740080529108520007
008230651100967020320008700700543006060700039040690587005019872890376045400005000
200000000083060974910350206400021050050740160120605498700006009090510047631074825
000007065000418009300950847070582690809040271200791584600805000005000900148320756
500027031206000875310605204005060000001234756000050043768042010103870400904306580
026513004081070036004090710450020100070340609069701405205037908000150240847002050
072308659635749120090600300040203086000560034006480090028976400003020005010835900
420780695008034072057060000204000500035907210090825407042390060380002950700406820
890200540347060082000184070073450020504706390100020450058371069000040005632090014
065000102007153064403096700096874200800000076170560089500309600030027001729600843
100300502400902816652400903520700468048020059930004720014090680005143097007060000
509360081000050320312780006100630890603045010084001035008420070270013948031008500
000301600060972314019640052003209007985100420627430198732006041006700030000020900
100060250043158000058900341000400070570890603369027804406000105031245700005603092
080700500403608901120930068340009015050103009016405280894307100000891307031000802
400980100015020000029301567067508409090200073030790625701052090940063001003179008
021469075705012903009000600004086130080034500213005406070040019198023700400071250
048950070061007380300680052079062518052008004100094060905806703006400005024705601
300097048890040060504130029759280406130064870000005900000420000603750204245010397
704095326193028074020700091362014080050000410409280000075860243040350107001000900
502000000080053610600248009000376005356821974008400060745630021003000596100582307
639487100725190380080350709340020571002804036076030000153068092007040000000000657
004008500260035704085017602730001000059870126002094370098146207040302001023000460
602007804018632007007080210865203900070091025900060048086904003200008460049306180
104970200253800097009000043346105908710069025592700401060204009000690582020080600
800012690021690040906500012192756384500030100030004005460900008309845060008300459
005080920360504001910302640200108050501703092740050108004015076020800504157406800
000037045000000809270480003092008306068004097537600408806043002925810734743200600
008501790607498532090700081200870103000350070703160050005603928020080010800215640
070438000208905047460000589500706030839002706006301820090600408652870190300059600
000350218243000000180276304300081706061435980890000500010023470029047160037010800
061875930000146080807000000013008409509030006470900510000327651100580240052614098
078001239140002065902086004289030040007090306300100900000060493534019078790843100
003097215070002360000600970050026400000750082642380597026179803080003750907040026
030004829801700546254096301120608000968007130540003002005000007400360010080471953
592000803010269070040350910160002007920706004800490526200604038007020050631870240
387504600000100084510680703890206005600003129402015800700350201203061050150008306
001250940095100708074609500429800315003090006007321400040960850008010604736540100
002040015003007420741000093317650280009120000026070139035201047274800361000004950
064050001020809360370160280006541708017980032950000006700005009601297053092030140
070405060906700104504096028090207840850300007047680510280903071700041030403500980
300014289450000100210863005600051302503026871901070000032609407005742003760000908
524900613710500840380402759007090280000700060402150937935870020000639000000240301
790053006106080390003910708001807604082060930067302080604008279005609100309071800
100539460926140083005000700804970105760050930500310600270003801600705390053890070
002180006076509830039072010385067001001308004040001003708210340900836020003794068
280063475090502813050081620000800042127004008300215000914020036000000291600159704
580060720123807056000205008204076080790002630008510240031750802872000095000928003
140723050320801040800000231780235106600000300950086470030014700071398564096000010
510396807000004000300578006400107002860900130921603000180762340000459080249830705
700423010310050008200801930609534027072000503103097806501042700046000350907005460
009085140083040050000003600807009002631528070490317005320001704018270030570036291
860050901902036400400078602503009200040715306086003190378600520104500000000384719
870019026090020800304065701040102070100536940032900608000657430009001005453208067
001205903058000000027961485079152346105004092400800000004326010003019064216000709
009030804400089306368470900093107040007000293024693001045960130000014080981002067
500012009423000610010486230000100360068704090194650820940560083057800042800207006
840270003600040108379608250016700482004800710790400500063190825007504301000360040
200000000083050472150370908700034050030680710560701384800003005020810047691047823
190320060080056140040807000300401007060793002007062094978605230236079405400030076
300410800074060059620059041480006192005800070260193080806702400040680037031900208
170080600000309010962740538640003050097815060010004827700408096829056470030007100
018230045600040839530890701000001900060002003109304058396450102452010080780003590
060204700720091086801300420050000014210946800049810072406120537130400000002053108
060020078017605000840701356920007003050963040604200795080152907076039000095000832
900500800230084567608210300704802013809030056005049200002006700103405602506320049
040070035380609410065340800673018040009007083500093701150034208090085370807020050
008203500009670408346050702430010059967005001000496203280034067703500904004107020
409003015060810007170402806501200604642500170000146050906000000704658320050904761
002305407430070201057021863820056100301094600509030048000680504005013986018040000
681300740200061080005807620300009076450736910790008050047095100000084590529100804
806405170003617290109003605305204869907050400004000350640709010031060080002148700
705000320080420100042397805000901050956802401320004970010700600037649012560010703
250807401470250903009010500008600714104970056026105000002580607045001800807320045
809005006405091280060408079030040010148753092700002430000280950054000807987564300
140050680680124035002008004790280500800405790064700308010570400036040857075063010
048091060700860104901005230000012903509006002423950016007004000095078301034120785
500304769607090002904627800108040500356089247709000000460072083290000070875001620
700163405010489002390005168600002900039006820000007051870054009400308716903071504
981500304700934002200080609012600000009008045805349216020095460534160800600400520
047060089060039570980057002039000207075021630006378005020094803390005406054083700
820500004009208765460709002000001900302687041618900230971865023000000109503092070
080470006320800091640100800000000143001040968460081725870095010932608504516000380
070000004056010002290730005804590026567041090900368540680072401709050068010006759
005010300173900502004537108308621050090000401207409036000090613760085200439160700
007805406850010700064027805690104200400209071102080904908051047700398050506000180
807254936400390008009067214104030805000015340900002160601548790008620001005100002
609020371231097500857300200006900703000200684308400912182000069700062830503800020
032407081004109027708200900003690010129074653500001700200730140091008206407902800
360857942900000860087206000096041238040039170013700000074300010050124780130900604
125700089038605000690001350001470032000500406049106070050004063406302090283967501
746390080035700910000540630004107009071003028590460370083209706067805042100600090
010000420304600071070241030541002000802710594730084200400800063186437052250100008
708002160003107405150480070004070206072091043801034007000540021289700600410026708
036001049089045016020960500072638100310000004060074823690000058800357000207890431
800509400463712809901003002005070024104006785207154063500001307320640010000930006
020760085689000040005490036014006090350009060902074051290040873030980514540037600
006284091158379426290105730000000157460000302030007600709000010600490273000712960
690174520840500310005080004109802053504000600700956401058761209301405867006000000
000209580981576030072048000063950074290007860705860020107480693608700240430000000
020307061430610509160400070698174320002900708300008090903041007206739810040000902
003000010091320540700519038605102974000008020029064000506871390902640000178293060
800509400913874506406003008004050087107008659605917042500001203320780060000430005
542009060307500800008463270685907400403000029000604000009248156816070040204096038
690200080000807300283140975709360051030025040025400093308519020002004039960002508
786000015143000802529060430074310050008009000001604309007026083390851000805437290
403000765860079000500634208008000341630148002150093070306400020000006107719352084
708002160003107405150480070004070206072091043801034007000540021289700600410026708
730200408080509271000084635001970543040053010309421867203005000504007320008000106
493800005201000008805002107954100073100340500706080210640218350582400701300060402
200010570097240080800006009109452706502900014034081025628003007470068392000700160
000084109014090005239750084500000806726849500040506702352000017900123400001905260
200500819360010475901040602493680000026195048015070000670030004004056297009400063
650032890102690005003800201008754006047000982061028700076409500400206179210500040
270048005690050840045016002900704100002089470007500920068495200100070630724630089
945030278700040030800900065090200003087613004260450817610700000372864590050301006
300805100640012079718090002070500613093786200006030907900100038587260490030950006
268900304071040596045003001807521643120736000500804000712300408000100005653000910
003021409050000200004763008500390001390684725600152394000470032417030050230010840
070020945001985670592040000106700804004090510087451006800070061400260703765014009
380007650070500843000830100900702015815003270047165090500000930798301004400650782
800634570503800041790100008105009002406200190928700400281070930340001020659300017
000000417304071020761092530406200000050000243103980765500149070907300102618005390
890017305314260780000300400089706030250030648001840500043108020020500804908620053
209400178300270400840016200908060013031095007500032094700640950004020300652380740
025840000087010420004920185019002800003089650850760901000038004530490076496070308
090100000850704060470860501268401395000000020030028610643200009087946053009317806
503071890007048053804300007308526941209007500010400008700913082902700010430050609
046075120710420089205180760000200308001830090300507600080710030032659817100348000
070010300820075496530690002208049603450703080007001045700000004600134800143027569
046210590820070100010089072031006800008154329902007060200040015093502700084091206
412006058093480060806010002050600213961300800204000976107890004009231087300064009
031068200005103096680005410340580729098607040100009008000004002824916005510070964
001043087400179205957000100806405312310080000002031048603054720009027056705800003
006350280900400706030678009059104070620790148007002903068000391001506027072003065
005074069703906120601008500002480006870009431904603007009860710107005802508041003
690312500352706000018059236060004050830001900040600801089073610106940380520068000
907040135106007002500912600080260010069080524710504060050090076294670301070025090
405210098010800702902035040098020400061487039700600201040570610057060024120903070
345600108928500006600489052000000000730205081402096007207050013003021809104368720
918000007000089100604312859090823016400060020862001703059076080700200040046130975
010003608003201000609804310030029487108730009927600153060590000070006501495317006
200500368046320501035018200000802140324900807189470602502046700010753006000009400
000100090030009204829463000045200008700800501308607040271005063600302710583716429
967140300000726809200395640603001002405907060109060704030610008546809201000570006
651074800389006005400005001930701000004908057872040916510430789090180064008050020
001008645007300100600100370000560297050942801962001450005600000876000912410287536
020496007004053290935000041306000509040689023079310400690500132413902070000730900
864000000007042380500060074678010402250496008349208560000927805782004010000103027
061475903900020467807369000470000502650732010010050079106203790700500008020907046
002100000090562107160748309009601704001070830476080012913050048658019200040830000
501006809796584210000010007810207930300048072260050004938070021040020796002491000
149000708800146000500780142975260000001000509080591627410800396650900000090613204
070082054028503960001004020843210075900040210052630400204006109095421006706300002
382004060607020900000107823421009530593640000000000400050302004074516389109478650
469108005000003407708000009953806000874301250601050900002705094106280570507604810
876340010009070004500109673097025060601930452400600030200090746064753200710060300
740803205080610304306050008052309687007000000608725410205930701800260903013004006
109804062400130057037050040024517009076008031800600570218300006900760803060082015
010502060500480200248601500600710945000845020051296000075068012026100379090320600
030001047060794000475003192003472806210800700708010023680000001590327068004108570
651074800389006005400005001930701000004908057872040916510430789090180064008050020
400700005567009200081500074000060057015020403309054126290371048100245060700098012
080400300327901540005730980091500000508097034003802195030608400854019063002004059
900150407700080301561307002870401600420005138009208070057903006104506793600070005
043081090100400080809057413904002105320016070010048309600793240497025631200000000
080340609000120407240700051906812300400063100018079062020604000800901200104237985
305001070040608350607005004703169040490520000120483700072030608030006009964802537
500092140240010005078034209016080007002470630730051802305148706420900503600020900
605000471800014530040703682021006008900280060700149005004800910308061007517092046
040009052750203496069540000000362001613900007504700963000830009136407820980006074
920300586360800007000090004142905000608071352730200491470020063003000845506143020
007030002504009086230618074360002040401057039008340250076000020902063710040271065
052010308000853410831040600009180240070509801185300900010498023003200080728005094
005130674076490002034700008017600000020900140690841527062017090059000761700369005
003906052019052600260030004670300508901700026832005000597000061006500239028690475
000078049185309062400012000706193058000725000000800271040087625500230804008450317
300147000060003075781600234816920043090060012070014009150406320030070001240031096
120000948690450007473000050000590403084030100369120800736980524001006730002370601
040002305123060407960430802080009501030180976009000080650004008298701643300020159
390020750708501000010907842803102405000804003249300068087253019901700230030009500
006834527207900408084200000632478015405009200000005604763541802500003041008700006
642190508010285004085040107000804751053000849070000000004376015026050080531028970
800005216045862007670009500769204030020001765001670009004096800907400601306107940
500010072020780603710000590360158004891060030000097001630501080008902356275006149
729130068006092100010006502190004835080573001054001700001320654035609080260400300
894051067503400091010038040471800003000000780308004000137095420085342100900087635
070360100016078245408005006804700020050480013021039860003241900902600430140800650
902706584040020006605390002873640205100005003004907610410002300350479820200100057
403900002670050940090324106705002098061038700800097305040765081080003509256080030
693014827000007103801029500940006008700000609006098254400200780028975460000841032
304510079581470003270800401645000008023005090700603125050320017907160002412000080
905007060700123859820900307516002038000651000049008500057089420003204000480516903
000840020000350070803192540050009164602500000309074050037908415596403287180000039
460705300798310200310090680926571030143000760000643000051007940009150800070008512
050843200700102359300790184800927000004581930075034000036010748290050613001000002
003045000478006510900702463090654130056200940034800020509008076301060090007329850
130080620600050378009236451080305090060000200403702005350004902016020804942003567
009513480502080970000297061160309008920051630850000190380020740700106029006748000
005470001760510902301009607604730125082001700070902008037804510400107090019005270
600049027230065000054020613040280060763091285008600009000034196396012050410900800
007098010012706843480002005724900136060204000005103027031640098000009060679021304
090560042370810590045002300204609130010040085507108020006080270029306804750401003
001008940830790610904160800058410069100050200740680350003570108217003090006021073
100705040002008059546019308083451002400007080059002413065100804030504900204086507
000056290007410300639827150806092000072605010005000802420963570098501603063208000
504016023820705614169342057351960402007020036006000598090000700600280000008050201
480036070532790468000008050001020035254003010700815604040357100905000307310902046
001009765609100802500042391300004019804090620910360487103020008060970000795418000
401823690908160200002000810054089026320651008080000701800070100743206580006508407
004500060920006730076382590013740089500060002708021340002638900037100400690004853
007805406850010700064027805690104200400209071102080904908051047700398050506000180
900024310410835706080600524640082003500107002078900000125078030000006285803050147
760051928942300017000900043124706300600010492389000760036000800895632070000009206
705642001206197345000530072000300059370850406009204107010000004600920518500406093
384007059900043782700890000103900067060730500840065203400000078590471020602089015
106504908902306400400010207010057640005401070647090501760040082001030700530782190
200001950019547200000820004760200490132054600090780120920408560580060300041395800
002507491057049280910080000261094705090300602003016040700060024146003008009451307
005701920800290306927003004690350742570120000002600051000030005253480097089012460
705090380093571060001040970407005009286907504000460708160750893530600007900103006
640392005700005090150040362007651028481000057060480001015003006976520103000810570
800920175070001006921670400530040810090700600206198057009432061004000080652809043
190003067006970130703640200070390810360180070580200049007456920005010080612800054
080000502700290008300000017824961370007040291093572080201650000648109003905804120
513700000000400197704126035008000400075864309430072518689043050040500960350690000
082700900500009410109654208695800040030190720001045809010070500247038001900401372
356009072127000400084600501708094000400706089269000307091063704602080903500941600
918000007000089100604312859090823016400060020862001703059076080700200040046130975
000006100062059803598401200086905070004060015900307620420678501010500736075003082
008943057054000960307601002780092640021400079040360001475819030900504010002000594
907801035003745008860000710509108040408603092010070083380090026604310809002480050
015079823060208090092000074500030008030082900928406017301897400040300189089064700
600904385080206900001538627000029763030061000769050102000382090095647001300095070
100690087063708294709400003008375001007246850000001730070504010000820040854169302
082140690090786025005900000030008019976201804010390570849517062601009050000002980
850347901094580720100000005008000010315270094007136580720010400500704230036950078
000150406547300000012084539480010700000038240230000001063820050829543610004076382
140060308890075460365480200209800140006700039003094072904610583000008900600903710
173850020060903750900010036086195042412008090000004078800532407037000280604709003
184750263000002054500006070060024030740083605320075481090048316410007008000301702
006200073032091054089703020040900030070546009291007465310000002004379601960105307
270000810635001020198076040501790263729613000306582079003060700400028690002100000
345600108197400003200319054000000000580104076401063002802040039004056807706938420
207105063400000510503970200904030875730004601050800342805460020002000706396012408
700052091102090800405810073523140060007360002010007534270908150359020480000074020
020495180058003004409800025564239001001080263800600009285901706600050008100760950
507809164100346780640000000370294801210600003005001092800970006964100027700065018
203891047500060030140500902970053080800024070014700256400906020701048095680070403
000000250026015348305028076004060027261749035050080461410800090603092504000600702
010702853020400601735000940350289700907060238060040019504000300102806490003504107
000700096016392400395600270079230810480079605001005007257008143000027009908510700
036004825075201039920030104000300201041562398250098000397800402010029500500400060
640300712520678030937002060063040080189063074450107390300000000800930627090001803
725648030000070025083050470057020690309010200800796503006180054078000009031964082
390801057805300019106095400000050094030076020902408000203007941519604702700120063
020495180058003004409800025564239001001080263800600009285901706600050008100760950
900752800036900075780400019600010702500040001413267058069073504000694080174000603
009600000452037109013409200004198000730040091500306028080560912906010845040980730
000309821209005036603720009001053200000901073530206000108002307927104085306587100
021389046030000200604107905002040018160802073340701600407000092096214307050908100
065007094384090700170050286000308005003040100546920803000582409930004508458009027
150976020000010405893005670309047200040360910062090530630201800405039062020004703
003245087200000065754908100130094206000000004842536091300400010405100002970623548
106029000059084602400670500570910000003000198914060250300046820847031905620805070
040830509001079300203006007400010798537000201109000400924008070315007984678093150
397806010005302000402019805500190600089034201036527940671005020058400090900260500
027000608680057200094000000056200893839006421100900506063105084008743000075689032
201905000040018200308007009035470682024639700106800004410500803092703416003020590
600317958750060032083090000035100080002640073906503401000750300048901267397020005
026950087700823056004600290609348070000000604037260810002501700170080020548702360
009342000236750400547908002000500806083020005760090003950617038028030091301209064
020500097710038500036207480104780206080000904092354008041900020263845719000001040
058004021060853007039020805800041006503700210106082504670200180900400050085916702
070400503605890470124007608243570080091083047800104350380000002010960730050201060
700030400803690170100080563201940000680005210970012000592000781418729630067000024
040058700107430809509200340001004030890600017034517960078102504406089102010005080
040120030951064827800500004370091406098006350100035200089400013010080002420613590
007358090100000075002607380076500821010006903530180706720900068000271439090865007
207004010400700903150692408070106504310009060086203107625318709000060081801007050
601708320034050070050603180309587601100900250508010700000024017470065002215070460
010609785600000019005371462740560021050800900823904006200706094561090037097030000
004038090060974002093010780157086049326040800008750160710463908002800410489000000
000005040301497605854006017040700809089043060507960230400239000030004096978600423
004620897809070000207091430600107040043250008701008356010062970392700100400310580
130750408640103972028000000304560029007000306802090040401205697906074201000019580
070000800916300205348600007069745302425801976001290400000529604000183700003407500
009740062072083059061900070250304701780500204090807005007265300328000546005038900
219607348030810600007400200320049801901308070008005063845000130090534080700980024
038146020010500603652893714003065498007904302000000160486001500001408070070039800
390801057708300091501097400000030012030042060902608000203005986475906103600120045
071003849002010703345907601038106205006002900297405180020360000000741002004509308
500007389010950060470068000095680000038079020704521008907030010382705694051200870
001082060230500100504000290180764905759028010400910037045009301090051602812003009
040201500907004261215309748050700000826915300704620180402097850370580006000400000
140236570925700836030050042080000093004829651591003700010502300867300200000607080
098123007136500029000090031050060740761300005800975210305009608900030102610258090
031500482094380005085000900460100809010040376058076201846031500009750030573608000
009300046200941080054008210520030090743090008918500003400683050835009401092405037
070180052261003049500409007716048095005007400300205608058032704130004520002071900
140060308890075460365480200209800140006700039003094072904610583000008900600903710
020784030750326009306005827580007000060008000090561783009102075600873204400609308
240071950051460700070002410037080005402015360060304170090208601304009807806107090
280647093036800420090002006062050307005280600840106250600530048407008100308704905
001740002059612080082000617017904800005800340830260170140027908503189200020000701
072805406300741800810090003430017650020069040000003700067028004200374065143956080
490567801050000670061930200830050160004006007609473502200040053043690700905380016
600090000085062940907450316506204001030916254014000090402670109370800065009540030
005247981800096305901085040060038104100000730400671590010804000786003019000019863
800436705607820001502700830000208369080054210291600584000567008150089070060100050
073001820145000030862037490000800214608400509004019300286100953401060782709000100
170540008000003109362108045530207490006001300207039801015974200008000067790026510
068310597250740000300600210020530809006007430935860020602170053500906100180050072
840956100269008004715400080054000269970245800080690470008760003601089700097000018
045978031701630258600002009070401503020350004500200076019020060050106807067805012
500940016193002480026815009052300704007259060961407003209004001630020947000000830
640930805109540067758026000010700902290481003003209001000090050460300098907615304
000008950001563047350020106514632079789045002023000500100290368000056000968301020
060014803001908000039056470070009036106000759903000200018302567600845300325107084
903052067804300102620000490590007000247035609006001574050019700730060081109703045
629307481070201690580900320250076130090002040810493062005030200040025970002040050
562010003087325694034000205750001036016073900300049500801000062643802050200130800
701004092030215406062090500075120930340050201010048007607400005520079163003062040
150083279702900360000700584375200046008000190960400700413809007800007405520104038
061870203700090500408203760000006910249187035130020070000300120872041350310702800
590270130041300692600910000276030049000547806480002300034009000007428903902050487
280974361000002090193060070010080040476010829300749005007001000830097104051403987
040700300301250700057830020006310875020687490078090200014500982700126534030900600
003080040607931025081060703032010054160090302090327008209648530800100060076050480
010938760302600090806400350201364005900000426047059100000096240529700010064102530
520008097008900010009632084207064031084329765930050020845000300372506000001703800
804100306020743500307008420030064002046001703180530690200305007491876205500000908
005260090008931056690407000200090010060310240007000369900672804340180605706503921
005701900070098531106030800348129057500007210017503490003950106000072309904006020
013587649080100370047003000006051407005070903471038006090700068168045700002860104
209000004687240395005800201000614039400953082000028040720400010000392057594100623
504000672026470019070628000060050290745206108200830700198560027407080050000047081
260050309805073021100029800050064712432517900001000005780001064016745290020080003
007410053526890000001500829083940007109600402004025901602050100405209070070106245
400020805008900420261845003657090040040050300300614752035400087816270504000083010
002180704090500263760900100900705380205010070387020405603400921001290006020361540
000209580981576030072048000063950074290007860705860020107480693608700240430000000
000049203973002504004830916039214807000005040541378092002086035006900000380020760
603002107002008300890713620046001003300906814078504006209840001007000060081367952
500096080400357106070821000200160857690004031700280609003000068145030902860902305
067321804030408075000009002045102003703600020100934507009210748800503206006800359
236105700040207001571908060800570400627804000004690800700300608389456002002001395
860432507100000800750098430020081700073965182081000050040803900395010270010720340
423109070005370490100004302714030009300061048080207053530426017609005204001003005
678051000405097000030204760384010007002003089090026453243569801000400530706038090
602080705850670901009340060008230659060054078591800000080020097026700080307598210
910560700042810063080002015409078520127905040000001079650040097201700004004289106
700500420008274003452009078564008231000001080807352006340067800009825064206000097
009106470300408026641200800024560030056009240900840057067084312098005004400017080
412006058093480060806010002050600213961300800204000976107890004009231087300064009
840032006002000010073194825705040360400051000018607549184063057050208130200400600
607030508050007963098265000004006302060040071973821005530670100040500036820310709
160400007090700008725980140680039014079000052000067839200108070037605200810372405
102670004480000013009184056000750600025068190678001405200000301043016079801937002
300400206870362941642001350250740100009010765716950408000500010007089600003004509
401930500375108400000004163640000000258410937000853240500601700900007051714305690
160920530240608701000137200016392807308010400009000063031470682070083000902061004
000700431230050000147398206051080020460530017300407069094001003073045092010063740
150026093263980410000050002029371540470008030800500706082040300390600280010832054
900730180710006350803509700098070030420163590500900604076308905305601800009200063
000014070000976304904005060547002018180750643609048050020000736390407100706083095
120680040580100970700905081360879002007260830018000760690308010400002608071096503
062095780005642930104000020010406850908051003506080072081360500050010306609504210
367590801490001203012843790629004005000720084000060900700006020200007569050218437
847150900290008034000000800008796045000502600605800379050910068016284053704365002
800000090402069300050083412200450701765900824034020906080670040620004570007508269
037096001801030069406812500000473805104658390083001074940007100315280040068000000
980402150034807260007010004300098406500643810648000090793104620800075001400009038
102930056603050020500602308050093001026081907809400530031070000060049283908026710
900705010800900050702000690080032007000194238090687000548069371067850409109073580
006810030014000006352076000061004098008009125900158460675300809000687352003091640
752001000080730160600490728100008630027963504305070009270009046543820971000047000
372080010901370000685000037020010000798026001160739000050003108217948603036100492
205390140013060052008105090647902805090038207800006900020000070756041380009573420
402070356937051842560300019170400000004500900200103400700900208826004593305280004
349800600100270893800690001700006380002500000936748215008057400204309158503400006
024100005583740921109002040370200019408905002095060004040630157050010208031520090
200430080380100204604082910002700058450918300036005091100000009760301005508697132
501089670009601580086070002607820051020007040150930027000002730312098460740360010
493001528702400930050030017000290084240085009080004300070120805869073241001006790
004051000086970530025006819070000301048510902560293008800130290692700140400620005
003460000084035716051007340097800204038004670006379008460053081005090403310640020
040970800028000590309581602830710900050803016061400780280300170010058009093047250
120070894067908012000020006680010057702635089051084620079853200238060005000000078
034620051208014096006000240040976008600050020095201674100043002400807165580002037
210750900090040600607903512180024759402100300050807200034502006920608430060400820
520006030040309058630705240405030702007640005260507480070150904980073506150900070
502000190980240073067193582700800400008007015016900020870509041000021758125008300
037028041018705060005300908040170020280540697750006100504007312170900400002431700
002100000040562908650874302006401507004050630517030084971040026325087100060210000
205039608904170352007020000040701086650082003709003501100065290028007160096204030
300018002009040016165903408050080601241306890008102700902004187407230500500807003
320670489009824030400319062802400016037908200560002000000540073003206854940703000
030000259009003010005049036100080327307420060652937000008152403940006002523890670
900002574800090632273604010507001048194070365008009107010906053050403080000725090
090700601073069800861305790300451200109030408540290060038500006950026010612000084
501000000307005809200679100450907081039120060006538942700342090923050017040001208
002005381310890000706310902901030800200048705807069410008450039030006540524083060
907803501002900080580014790096500013170306005005140067061030059039400670004692008
050740100043960058092080406376000000020693781080207064435826910060070800010009640
900405061830091250140300900003908140590002080208603590051800709020509010609017405
058000000100508070372009815034001600289700143760080029910803206645902008800075400
020496318904008020083500009200900187738140090090705200352070041000601850016054003
009530800021760090580010230170200369460097180000680054012800047700020518056174000
009210530100035074325004008701320805068400092002806700010007629097002053250693000
029367010500400620180050043802001406704532890090040005210003904048105300005790180
078543062032060080400800093003175006860000570015406309001930054540210600320600910
040010002005004917093250648758390406902060083304080091801900260539006804020000009
180590000923687150756021398861009037500100000070005801007032405040000782208704000
056903140970000002200487095005000008009054723428731060587642031040190806600000004
006790004001400076794102580015007040309240065007580130003600400902874350408300607
706809501040506790205400008007048100581090004400051836070184025012300480850070003
004506000000983205000214760001830020709000354260490007600348000417659032308701096
010702853030100406578000190320546700601020935080010024103000200804205310007301509
002100000050862109190475308008304701005010280941080036264030017517028900030740000
000072061802910007147063005079008102080000034020057609000609413230780096906504078
820500004009208765460709002000001900302687041618900230971865023000000109503092070
805007400410985037700060081301650002046020903070340806137590008000073095058010074
040852001180090026302001075801004030034010608070638140000189560916000200708046013
903004205014900078070031406100523764507096820020080900080050009340010587609700130
049206578006509320052001000020390706900007100437062980600825410810003250270004003
230001854009208003014506007065080100007102005102307496600873009570004068908005701
280603741560007820030400090658010472003046908002570300046701009305904007920800060
008300000100000732204600900469002158710058200802190070341075096925860007687003500
080970010040205789079140520901507002430000671708406930304729060016300090000001304
380041095905820060060003280570936002000208030238000619800060001650109328709302050
024608179000090000691074530030056000715040086060380795078003014140809050006407803
375801090080070650900034078060120400190050700034690815040219080819700006700080941
000301600060429375039870014007102006825700930916580427481005062003200090000010500
801640039004037012507009008046500900270900004900483627400050103003204806789310005
170090260295786001000003507418070050530864170000500980341600029050309040900047310
900058401400900802518602003095003140030490508604105300007061209309784015106000004
040900072908320005021704960739008000010630280200470359100002530054193706302040008
490010050082069407100840209903758040700030980840900570638402190000306024204100008
263071589510009070000306001091040826640902050050108900020610398906003400035804002
801640039004037012507009008046500900270900004900483627400050103003204806789310005
010090085394025100500071490001537008250009004903200751175002809000014506460058010
390801057708300091501097400000030012030042060902608000203005986475906103600120045
600700250300615400759002086836070001901350800000081637298000300100029008500863912
005247981800096305901085040060038104100000730400671590010804000786003019000019863
206813450074960038008000060400600712981075040600130080809750300062008004005420891
060000052057430600802056900429860531106200890005091260200503076071004380600970005
400009702098247061060803504800095003956002017743006025004500009000064058085921400
902867305800000910045031700009108020051200478260304050004603500706400800503019264
020360000700954000065802904583700190604108050170593480041275639207039000000001005
725648030000070025083050470057020690309010200800796503006180054078000009031964082
306750104040910037071003956120569003039140080060002010902030760050000308003675290
057618200091000645006059010000960570965003000042085369600500031500200900319876402
200300614308060000164070000031700509726500140045000372403915720010024980690830050
394120000000064219610005408089603005201809046060200093000082070928007601043510082
490105682800092704020480000000046001230507069060328400902761503000000006645230178
918054067072680490006020510629013874851006329000892600204000900100009000300460100
700204061002900000401305900100402700347150096820096140564029000978013425000047600
785023196140965007006010020000700500609051084023000901961508302000149058054200700
007358090100000075002607380076500821010006903530180706720900068000271439090865007
046937251092004000503820000010780690085003107020610438067250010050300789408070002
040700018360805000087130654800000046090367580652401090000090005035008070928573461
427060005003020060685000030201835009300094152549270683090012007702489000004006908
800027400507040091094310708400001976603502104109064000018256309350000600006170805
000012050702900030816507249384000670005604920009753004590028007007069502608300091
631090008280075060000063921078910000900004107052307694704201800816700340000608709
705008902063012004002049530008901400321064705500070081050106307806007150407305200
000016089089052400004978023900504301503069802426800970090205130360100204000093700
070010042950260810280007060507029080000840050008750030742105600890600471130970528
314000208095261743000084000670120504250803610400500009983010470002038096060402005
030010090082000351190830400050020139006000784970148625001594208800070046040200913
823700090406053728907060140009800002301600050248130900104090076002087431705406000
256907403470080600000026750701308264005609100034002008008000342500830900367294800
005032600079106304206800051750420063620073005003600402082507036001300207067209500
000040108405908260820160000700804036080293705309070821070351080690027513031000002
040700085006580347705030602402100006007060090009408271390210768200643050560009420
504369120610247050020001403835020094270400030401700002700512008340070905108930000
004702810060030020700580600690010002007048350008025090203894165986103274041000930
014062870860910020300008061209040750003527189075030000096150200508000417001783500
100500800723168900004030612001890003230740190940006708090403070487250309010009085
090007608006590700147083902900050380438900265600328000803060100014230806200804503
460020905920145680005300004008964302200500800356200490090070003630850710017609208
582030604400070000901864503010047296604080057020690840100756032200003060309028010
930100000502034168040650209420300000050209341061480027215746093084000700000012054
639487100741250960050690703970030614006908037023070000287019056005020000000000372
105002009234007815000004007059201008081406070026835900607509003513748000092613000
008500174104780032039204000002630407016007500307850029290040700401078095800902340
120800569003000001900401200049015602350608107061004003296700815407580320008126000
091547382340000006805360700700496031002135970030000604083900165000208400010603807
090002380623784015400090600806501403009030001310970520748300006000067040960805137
760051928942300017000900043124706300600010492389000760036000800895632070000009206
080401260026035740403600005004157600600000074597046021040009850760018002850304910
570000102203510080400932057320800500017403009040061873092306410150004300030120098
040509016906430050087000400020058004104002003835614097008725040470090625200106970
217008060046002005000746213080437602679520004020000057700803500060170900831005746
003005620861247000009600714010532000605408093320000185400709050136004902007301840
540900060018065309639041500350400090200800170800609005900187403420506817007020906
010794035900003702507200041040907003000805194250431607000308206000059018400170359
000080740763900205004070000071620098400058631050130072509412000046897153180065000
605008021040207030709310408408623107017009600090070280960080000080506972073902016
300980672580400190760203000053702006047100530100058407900634200025800309608020701
037810004285009063000052078502073400370004695006085300050200046820467509061090700
071005000239847016854900723300579081900600354502000097000004805008053460460708000
090060418840290300075830900759640102030900080400053609063400790084709000007306845
891726430000000098006093000530269180000074060009010207014002803270930546365400021
570000102203510080400932057320800500017403009040061873092306410150004300030120098
000169540167040209500027030790000000025930710830750904208001090070380105613490802
200640030010520700005810246042160007059300408071000623700091054094080300528436001
087500021060341700901008056014923675020780100703000090008607002306000007170894563
542018090000024165063700004004950630831400057009037200708540316406203080005006002
507096041904001300000003790008005276050467009100908034740002003865010927320679400
100030608403007210006008407832095740000801500519043062768059100020480070040072380
705642001206197345000530072000300059370850406009204107010000004600920518500406093
802104009940080710610309008209037105030051000156008047007500800091042670068003251
780040109210500607300971025946008500520060081170090200000000010890614350631752008
642805193000109060170030004710020850085360400004580901301098000056010279090056310
017826500060040100402009768640072003009068401085900607054201000003607240206030819
100703802020006501054821907400060790270400608698000403081390200902600170006072380
060405901010206005542090670394560807001008359005309000209000140100954700470620093
005720060361045907002030048703486210050000380620150004830004602246390800000208039
670008915090170630108095000800057140014280576053400000060009850280034701047016090
140207658000600000256410093760580034802106079004003200307004900090321067680050302
070000000603950240501248637806413092309700410007020060038500026900370804460180900
004070810060190320123006705980524073400630108035000900049307501700850009308001260
038701002142356890560090003006009035073500080005600240759100000024870150380925600
081092630060008090930750018019003700006970354403085100102509073007034020098007506
150830460470620900300007820807006205960285074500010600031900040289304706000068302
004050070006127050175030826590001034400003100710849502851096003040385617007000080
002100000030687902690254708009305804008040290247060051816070043924036100070410000
003470090804392160000050234000580402085120609190000080240038956008960001709005348
360719852981520047005040010102000006840000570703065080027453198510090003400200005
003207450200086030649010702406020971708139064500070000300061295002003000865902017
700030046290046708460705301040570832315000600807900010109000003530600180674310025
095004006002907100087620954050000740610475023703208010900082407500700301874103002
007340008835070164009061300900704016503608020014500037098027053706403901300080700
300800000481200795205010004900578300000060500658301947519702063706003258802605000
390872400002030708408605213045080637020067004000040029030719040004308050009406371
050200041874010000321008967193450706000870309507000204906005020015690478700020690
158000600040126058070450309020040890836205001005801063900002500004500036583964107
980026004564871200130900007020009158800502700006138400240010305675280940000095002
108435769936000000000069012750296408402080100600010207800700020310908640049053870
251980040680001900000360200004590308819030004365814029978200056100608497000070030
140060308890075460365480200209800140006700039003094072904610583000008900600903710
870000360020380704030050281456930802310500000700206513598062100103700428040003090
308060007960200850020138460004509001009083076735010980102000630073806100800391042
004020500865093420200560930080400000410085703530270841027058190008012300103040082
903080127020790005570160080680329401009007356340010000400056710701000004850471209
804000602670000050100006900000170400740390586209504317400210893028639041903040260
006903700700020030439085216807340501040050020601270490102590300004002050590034672
891600450060040810457028090020000780379200564604059021000510030900030040530406178
527804306300017209009200700730600108001005600068321970600470001954102800100900462
007098102620470850104020006200065731350200000071034065063100580405309627800056000
037495681805060000609021035024000170700002943100008006050270810482019007301600590
820003040001040805590861270038020014670154300010900027750280401106005902009016050
670010084451800307038746000000008792000697001007254600320400079745902013000305240
080124037029803064410000080004510600256907013090040052060000820508291300930708501
140050680680124035002008004790280500800405790064700308010570400036040857075063010
083010007020340680710080932096704320072038009000900000067003805058462170041075290
200385704500000030713904506157692048968000007040071060005009673000530400439060801
570001360206430780003270090020569030050300079639007105900020010381790056002150903
200340598090085200583907600405763902037800010862490007349000020728500009000209030
006040095805902600910058720004237160261090030300060208007006042430710080058023970
506940318041056020090003004080094006070638059963000840007002405604709083209405070
105627090200301456086054027070400610009200784012068935700536800800009000000802501
000900614019540000647130529520800400008024050400710002100060205782451006060289740
309006210700209003620370059800900040960020781204867030102003598438795006000100004
090005830305041609074390500802050060930407250007012903003000148428136705050074000
500200734000050810472010650049675301730040560050108407000507106690300205100026903
619000470302500090745196802078430200000200000293860754036004518000050907407018006
400010905507902000608507421261070543005003089080465000374201050020350090100006234
609130280205680037080700500090507410500040803421890700100470009902018075036002048
090051400154900682300640050610700020740260513003014006032487065001300200460020309
003157098015980000070000040004073012762010034138025907040398701007561420950040000
080004019700025368930106054270048030306290840804500026500710400093000671100460500
794000600002569307500084201140056000609001835050073064001020970307490006960130082
809000301237000500056703000784100930625098140090507860513000620000900018978601450
200817000713605048500423601400050809387901000659302017030160095100279000006008020
980006031601002700400719605503900006190030540020675309708004053049063100300097402
007328100003006287281004006700080003430070098059463702105009070070240960094017320
043700085581060070070050000090607050025040708730502904300100827950238041812006590
010020480060005079900087160087513602001804530350092840600000308548030010132608050
070010250501840090940076803065029008020150907104060502019007005000631480483090071
020489000900003472060172980000316090016007320359248060000820039002000540408965207
605900748820673010900050300308021056050400037706508090580007000400205103207309584
501089670009601580086070002607820051020007040150930027000002730312098460740360010
627003100030701090019865003004009830053687000900004016390506400500018079081902365
470802903020400701301096008010070320892063000003104589005080097140600002280349605
900004607304907081087105200090821056002600070146070920009008310401302805530016700
206873015018942607973060000005000309000207046634598070057080200060701450002059003
060008753980040000370526840506074390720830400040050120038400500600180230052760081
120605408980030005003802907402009083001300500609584701096010302015260049040903006
700000128532860470108279503903607852604080007087510040006130204000000630020000785
410506072507001680200038500080459010704600805350800064075002030043075296006084007
090085460800024019754006003500007300407263901023050780315608200600032075002001630
980026004265471300140900006030002471800704600006135900650010207312540860000063005
438100056070456003015080209860007032050200080029860501186940320590001008243600000
263000748700034600009672030810295460005008900092300850134580009570020016000710084
030270004400000000010406283308124795125093000947080000670002851000307409204510376
074050008800100053501894760300541890080000200945087601410725306058060020200010509
109400052076081900008039601640708300050090064701340085264803597007005408080904000
006790004001400076794102580015007040309240065007580130003600400902874350408300607
050170400013200060097640185079000604305761002800405301704506908080000000061984237
900427056286050340700030900500000104307940025069215700694302001000600270802590460
150047829043080700980601403005068002802435071070002300009806500730000208568270090
040900053572638010030001260780540602004076380360200100407812936008390040910000500
200817000193506047800394106400080509326905000985401062010750094500169000009008010
705000821200150046060802507672405398050080460094000710900004603506038100008600259
001359000976210308430070201183925040002100080064007902310092670049083005000060830
060054803000682159009703260903460782070529030206837490007100006000005040820340900
090041007610070328080036941538702610470160809060085700821050400300010280000000175
006239704079000103308670090005002408623084500080053609002490050907500040064310972
650400001041056002097000564036025490580314020074800103000598207000600849918200600
408726305030005002510080760050860437804900050600000208207603540009500023360201879
073209806040010507890076400900651008187030905300700102059020384030905200702380600
001062050602080071890105062000003800346028190920540036260900580083257009010800240
675090013002000070080702940120340069834619720056078031509000102700026050003501600
080390142042005000169002308821050003904000000003847091098001600207960015410508729
905040003800500910700093850050470320427319008300050740080704030060930007273681095
352896147600500000100400620005080490200901350893204700507320800408165079020000506
004760800006109243521008600108200590400500300035817062000900100847620035609085704
690250017402107860007609035209400781860000002000082003501096370040023056000514920
078201300063008017914306080730509042090063758480710600020100006300097004047800031
905213678601004039200060401007006004528040006000051827002007040734095102000082763
068017040072080003400302785809040106610025097050091300080139504105006800930008270
901050206087029413060081579895102630010900027302008900050010340700590100023046000
005000007800035900103700200078010500359482601216009083000043165590207804600851702
125700089096508000480001350003170026000300905068204070050007091602405030739812504
009005006634090512050402900010900287290318000008026100003209070082503400475680329
986700000000895670700460289010304900379650041640918307860100030200086090401007060
609005008031080059040296730003501876107308004085700002310074280000050047754802060
890017305314260780000300400089706030250030648001840500043108020020500804908620053
000738200000009070570041869004900782850670301010803406100400037036050920927086014
508001400604830095900470610761503084000047050420600103047006829380209040200084001
503001040247300081910000205001046503000173094409080006792654000300200760186709052
200500764560002003390007028000650030678304200903200406430005671006900385810006942
204179058970000102030024009307402001800306920610080430050203804480501206026040003
100063950593800200004051078709000600030610520650492830972030060800706003006540782
923001854001908007006504300089100706704089120100206008098610472000490500342800009
425300000093600120006000340008402700012708000347095086031280409064971830009540601
530807629000601007670053184023700458050980000700030000067028945092405061040109300
120780500598060020400100090864093100200847306375210980901078230600005407700020009
405000701100746305003215040506490003048302106321650470807000062030507014004060007
300201680508064700402080905247000098003842100800039046026475809035028470004000002
301004007904573108208600050420000090003769040600432781810207036002016000036040215
917643528002009001004100030000750084701030965485062000200300006376410892100280070
509140006000253409002690500694071205853900061070860300907002158005700642020000970
629315780080040906010060002038401200004008193106270005700900421801507630902034000
001080600678004901003167240254000703080045120300278090062400075049806310030702009
602189537907006800081003602825307000000965270096010040003004080409038126068001400
308010070100857936600093102507049320200035740034000050029060410801304200000921067
746390080035700910000540630004107009071003028590460370083209706067805042100600090
000014070000972406907006010834005067790430852105068040080000321350609700402083095
702000081060015207054872006905320708200401600601080920078139000020008103310004879
097004362563290007421060090000185026040620730682000000200051670004870013016040509
350469008006380540042000390560903080200006903039045201020004610013250400405690802
071984302305007098200030004834059001007400586500108040000700809489310600063890015
040500000005000641960472003180750400096830120034006000859647312617020904420100500
006180592820000760519000834600740915005010076140900203950467028400001609068090000
280703401009482007043000208308640570005020034027350100970065040534270619000900020
000591020975000001018604359040280090003407208582100470800905702057360080029008065
680090010052170690090620804045300089008004000710582346030209701071806450506700900
200360500700012463963040200652170930070030150009056002510403620304020070006590310
590270463408059200200010080340860007060005834780034020000000308813546002027301046
281000004530200190400100372000814725140007009002630041905080006306090287004761903
530014027840206000290375004182400596709062030364008012603740005070020600000003170
837096104600543080400000230583001607070965310100070040008050020025084901901630805
564208009008046503030900604890060050056019302700420908307582090100070830680300240
900286040243095061060000509300862014076050002104900650609473000082600473400500190
841052006903060200050197380605230071012080003009071020520049130060000549300715060
803002970450867100700030540091300784370600201004700000247506890900208015180040607
030024075084107039207300006721040900060013400050980617170005304092071000640208701
007105002340007950506940310030076490054300071902450800700060520289500064400792100
672190085005007294943205600000059700009412050500038046810900507307820009204000108
078902560009036470045008030504069082010425700092000640267013954080654007050000006
250040300300810409480602170946001032802560900000409087005000010690170253120356090
645019283102000075000325000700001300309478152018002090090103500401007039803054601
061097050294651807000000901700980002030570019952100083100206495320040006609015020
080010240632540709400709080090050002020307068563280071258060097300970850070035100
804007213000802659092010400500028147000104390007309062470030080385400021020780530
050000780014937005902065430620090807100784050708006910280450000007008324061072590
107008004005041032049026850000410503504007010791230068970080140050092080803670905
890100200504370869003096001078510900065000100030629785100730624347200508002048000
501024069000760050936581240000150094000493680405000102254037008009008573780900020
500940016193002480026815009052300704007259060961407003209004001630020947000000830
050209006032004870096170240248030760001420008500610920380750100015390480009040053
040520800900013206070680090789200650605907082002065019524008000361492000807006304
002510790410370200357028006504000900190007652206000830028400560631005408905602010
001030076007064391360780000104008023080492017600307500000070204028946135405820009
300907004570320810000845000023159708006400095957680031005230040040060153700094602
307000102024600537100320008498000301500008624000104080700942816009570040002813759
720040506506710800100502704457020001009105400060409375034600050900807643075230090
000200709890047003127093540904056320670402090002080604209370100410625030003000462
287003910000709008190680075830200060601350200020860753050000801318925647400078000
056208010807004562210965080004001600170629438080347020768490301500080006002010000
000000135520081000041059270010000023069120450000640009236590701054016392108037046
030256007400398120020010093270041059310005870096003040059080002100700008783562904
500036891970821504308090670700080006063549718000067200824070060030004080090058403
809210037270000895050879000090107084180040006043028510006032058037506901508090600
085107923370900000001300674003020040054036008268000017000270485840615039537400060
007120603605030200042690150009701065850209307470006002590460730760008904020970080
102930056603050020500602308050093001026081907809400530031070000060049283908026710
500209403970004026240073100069010500850026391020305060700501904095040600084930205
096007500207418000300906020000065490562840130010203605604781900078034200130600804
605390017000400068874106300080003206210967800590280000060005041058640730349720005
509208040807345609006000025205610708100000402608472050084026931001004000960031580
140768523030024006208000090000300087673892005820010360400200001700685002352009678
600040307700139206932800400210008574800003000490527810560790138300001900109084700
947235680080000002020189570000000937079563148430000260004052006701040029002701053
874120360200036080006008021910075830507802090008090570100600007425080010700214958
726005098040609001900027065307040580402750600500062740204083006003094027150200830
809004100350018074004590860648750091100063750005080006520076080400809017980040602
234108079700092103001006004140560290900003540856200030027384915000000080080971460
480010723037062500012038400640801237000654908000003654370100806000980005850306100
090087103073010000418263070040056037300020850500340000100070098986134025730890601
924700006105003798378600005000090000692074001080026379009430562000902413240105007
210090300030261500500708029703500910805024630000379852080000461009610205100840093
370105009029040710800709650060903005057060438102804900704002006005017084203490501
500671093630050007910020608080932461063000809490068000000005016329046705056087020
509607400060049835810020900090014008203900100051208396105436009000000700928051643
800090726005000080040708351000072100500040600084006203396587012752060839418039060
400930007702460938390800006060003504015040803034518009503100762620754380100006000
001053028068002103030681947059007280180026039027948060703200090090870000012000075
240395068058007093030002500069020804080009630302468050020501080015034706094200310
004001030003800294500064708002600047901703060367548920030005472205430080498070003
028000059715090003004508200509100030172069548860200000406031700030025810201870394
096100300184900506005740819059000600020054907807029400008290164643501098010008005
500940071000078500170605493206001047019704025004592106080450019900017000040209708
502030008000920175978650003057009006203405810600203409130006700060012500024097631
060003502925610000734502810312460908080901205009087040208000059000000083193854600
020000957309270000056918034000704609604002100973860540035406090098000305007359408
020108000350006180080934006932860417000009238007200059210007065004602301603590042
576401003003206007294000018008009062100603705630500041002810534005364120000052870
130086000076240801040715906507460018081530204000821005769002003850000009400098560
090015020247003601031070498600098547028500319905034200004009035150046800000050904
105000090840362057000950403004020035503478210271009846608704000010205004490600570
017030580040850067805674100170063040450000930396500801080400700704395000503708029
800270001001430750375080409050004080920013574084560100007108005402900810508307902
207430901010620074504009200740060009000847002182500746003050180001074090679380420
000840020000350070803192540050009164602500000309074050037908415596403287180000039
001082060630500200504000910460195802819034050200860049046008305080046701792001006
060004080970802504084059037000090326602080005531426700300040650450130009019260840
842007310700100026006000507067000804589670030010839075023901068000782000008346152
080479160060500090794600058547263981030004070009080600950307406600001020410906807
900082700607395104805000029002900310306240007091850240009008432473120005008034001
943100520086079301021403060004305600195002003002041895050927100000530000039018054
000030062786201053503084010067902004390010605100340709241560370005078240070003090
073280019050016800480900670705090020960507040030102795328670050090040263100025900
040700300906380700075290010007810245050472960094030100089100476400657891060900500
700645108509010037006039540310080056690057081258061309073000865800090700020006003
071000005204985030853001940006138750708602003032709000300810029100390860089524000
843020751005000940972100086280600504090201670061075208120509007000708100058000469
085070436204160590900530000590020074800301005043059120402683000008407610760000843
050002038800540709143908020600004085534800000200657143405300290902015000001409857
008417059106008207704600100800501076069780000401006583210364895680100000900002760
005701000070843520004529617002000753497105802800670091730210940069000078540000200
875460001000001578920058003100600005698140700007089416783500024209014300000302850
900800015056093007107504360309600708008375946705080000673901200004708690090040570
900200307304670180670083009702460900050900800093720654200010400869047021040890706
857000040643702951120004800305000728000000060064208135072069004480305290931020500
019260084070013960605009003503800471007601000890047056002038047700504809184006500
400010905507902000608507421261070543005003089080465000374201050020350090100006234
509473160700108592081059470004921806000340007152007000030010005490806001817502000
986700000000895670700460289010304900379650041640918307860100030200086090401007060
790003624026107003005260001900685000508030206360010589100546932203000008049308005
500790408108320700740010209300040085085902070017503042050270063260450190870009500
300560200520010387709820001400001052810652070052700038030048000960075803170200945
200067018140009000370408592004800037530904100807031240001080050080100320463592870
070200039000458071125007608080060020240109360510023890062800700001075082708032406
409601000068509410030004296943215080017008502000060930080750069370040020096103704
037609500205743169009000007578400200904500018000897406090305024050900801342086900
500079062390020540701650090100000970958140236600593000009768000465002710007400629
002698001516043879094010236450062100780035002009000403630009710100004095007150020
840605100700002405302049806030407008960081043401006907693504001504010009000903254
003790061175000080800154702980417006030200098506080207704006813008341900350009004
019502040830070695005980100054706080020800501906310024240600800501290430600031250
090100000850704060470860501268401395000000020030028610643200009087946053009317806
706005001200630547150072090402017030070086104015090076640050082903100760020368400
640930805109540067758026000010700902290481003003209001000090050460300098907615304
907584106010609830640130705070300012286051379103200400760000003009040061054010007
070008005069053740203470680006800504004091803385042900002006470648020009900384206
064900030100008029930417580050090604796804010400270805629040108001089200080062903
012500060046170258050062009809210074160840900020700086485601397001037800200900600
200006700073002000500738269100390070030060910086107345004283500809540630315009408
009024000710906250208003491507260080800009012140038560083600900000042030621390845
002760904659083010004592803900610005046358197000027040001875230000040076007000481
010608005748510600500003819835704090200300480100980063050006300680230054302805076
900140300403095002670382004008010526060200413321600789806027031094800650030009000
008906702460001580920408001245307060009084305080090170834000200000240850092873410
605890301700600080200000000570324090803009040924106007100908400497263805308541720
970201346384750209200390580190507000007040021430619008009172063860000470000408000
107008600206714590040500108403680709025409001600070304000003900971062035034057206
500301840018750603460900005851090207340507906000038050030070408009043001784025360
801000672069000800027816039613950000074068200200047100942001050786039400005274900
003620947047508600960304000750802039000040700894750002000005200415037806208460351
082005901050020063100309820040590000530780209790260054805030406904856130603017000
548702090000380270000009560017046350059107000204030910970850021180070630403691700
010637450530904006609000270951070832080290500200503004390700020008069005064150398
418030502005280001003150870034098200800071904601040705007903400040805197589010003
020010060010006239000042851086270305003058100059063402072031040830095620405007013
649237100010080004285400630070000910001725006468193570806341000024008051100052000
020900043500006000739425681070892036086000002092014805041000057007138060063540108
090020401740080306268300795003400600950000840426870013030007008070018934810604207
050983670403007500780005012805004236000832790327006000208350067904001050500708021
892600001001940206040210085000076023006089004080321000008100540174805360205734190
840320197209760400070040200630184052005000700024590380390076040700050820058209603
000402700304710900671900324860200475012645030040800002280160540050320107037004006
068007320010032604423601000002503046657009000030060002301985207870000419290170805
050081402240090730097032500905208300802307900700006128329500007070820040006109253
071005000938764025254900736300197082100600473706000019000009804009016350860503000
001372540587190260030006109703200004612007090008003721806700050320060810105900036
607415080008002500204800791003050140706134200410008073861020407000706905509041020
793046182006312007402000635830609004965030020240085006109070200300060500600001473
530902000072083954040005230907056308080030009250810640005601480390500160160028090
082700900500009410109654208695800040030190720001045809010070500247038001900401372
018592604049018300006000018600041059180070060904260180090350000800020537453087096
618300095920810073043529816430900001590260000006453000064185039300000580000702060
302500600050026371806907040700209106081400020069078053400300867608740000097680230
034087006006103500850006437610408203500310600203060801300290000490870365180005940
140723050320801040800000231780235106600000300950086470030014700071398564096000010
085600290900300007607008000504001680873002000106849375761093528439005710200000430
530047026007900340420350100093704602068001704040032010672419583001000090004803001
