039520014060031290102080700205398476048007000007004580073965020006100340901040057
098300602630495801100600009820010900409560008300082457001047080054009016203150790
706235140008760230053000700370050000060070519405926380630040002987012063000603801
243910008080200009510080042126049853000062497904805000360028004400001305052090680
510069040600800075084105069106300502205010680040652700050096820097001450062078003
500320940079810060206070850002130085053008120810052009094003500705480390300097610
506900000040165970907040635190006040080794021704010860203070100001450096409620083
925164703713020000060007102107956208006080931289000067001540000000003015302610079
605390017000700062417605800040009308950187600780460000030001046074930180561840003
060402915093800200002001368200016400900048602070050103310020049049100720026590831
204601780100020946806504000307150004460080270010406308639208510000005460540063009
650402000480005602001038754210360080308250461090004007740890530039500208005023100
834001907700048030600750408050096374061070092390402000570014060106509700002600185
360270940790604010002090630980013062617802403000009001429301006100046300500900184
540986300760300948900070002310240089890013005005007430030520070450760203209400150
087500014024107600500004027210603089046059100090010062138095006052301008670002301
789005461000649078400700000074053000006417902300062745908030027617090300530100089
740506309602009751300002608167043590930020104005900830004207980090354000200198000
002013000609850014340007852408001520030680490065204030900300670820509140703140200
500940071000021400170508293409002067035407082001856309010380025200019000040205908
007539021024600309093040080300276094049001008071004605012065043000028510785400002
000402700304710900671900324860200475012645030040800002280160540050320107037004006
090702503430900720010008406560009047070480060004367002609203084708601230320890005
261450080080000750007823140035908007020500800870310594000080021018064930692035008
085064037049008005371529408504083070806712594920000300008031050100090000063000219
050100000692348517008005240001604030080703420743002901034500070070001054205487093
328504601000000700701926053030109070057640089089050360000801007812000500670235918
020510080503840009840009725060170902037000140015426800080000090790201560150394270
050200041874010000321008967193450706000870309507000204906005020015690478700020690
000507001804203576157000020740091602081004007009082145002430009430905000908120354
050320000030150428942060053210400390089610000060502817406030900590780034003905701
407800000103029087800301495005600740321700068700938020639000054000140030014593870
056709180480160923900040000091076032640250870020003500134980057009030240200604090
628350000409682105100007000090410756500269000816735040001824360203076000000090582
206807159508301027040020000709230800803470016004500903470080092000054631365190000
790630258800020469006000000264093805050280630000065027049002183500308790378000540
300068019802014603401900002200090006635072908070603105009781360746059080003000097
900063050016007030530940687200194003601200405403600091005080740720406008340709520
000000160238701500607590302140276058902008031805039406320040015080605270001002009
349500060060701059070409208007250004452680093030090520013972045024810076080000900
065420003030007082710068094300206400049031207201004806003940705027680001406010308
006052009300900510195470802901340278250701004400090001600500080817639420030007096
021094076374860501698570204000006043003040957005039608839627000000000062050010089
024100005695480731308007090840700056207806003036020004060310547070050308083670020
007500089930047150026980300352800060800005037100364025681003502703452018000008700
050809134438100026009036000840291753090070001071040200080900502104705090960082017
006001007098052163150640008970060001281379645000010070040038712705120080810400030
040509016609430050051000300080053004705004008194826073003148020410090635900305480
102500306063807019070013400008056047030401005541008903300062050659184702020000091
000075002605208300182400975004003000038700406506849237207901503009004001041607809
036004825075201039920030104000300201041562398250098000397800402010029500500400060
007306024248000063900028000050012489400030210821040537762050300385000002194280070
390615702402078690010240538049020000563107409001004000204751060006400205900062004
000003165350167800600059030083500201000718054700342980907284510004901620108005000
594000001006904807807600200453060918200893005008100630042000580600089720309027146
243910008080500009150030024478023956000095847605704000960058002800001405012070680
100907268060005010928640007807300409019408300006702051301000702500079643670283000
006030080035208004842976135060002370089007500000503806090750010410820007257361008
040070035380609410065340800673018040009007083500093701150034208090085370807020050
007060395020700060165934200080003012070800400452617980700408020504076839098001007
006819200170000904023405016030164790005090340749200100290306500580900031060501420
004300790073800060860947520380520900450730206010009830008100350237605401040083009
000003160368127509021040007009402050035709004410300978000674801846090730107008020
003009751510003600704815030295100076001600090006598103102940507050200004608307019
467030209109007004003946571730400690918502030600703100040609025002070016076050040
491600058000105309520089600940200830007034120302807006054760900009001760076092580
108060700026094580090703062457000010001476200060850347605930021003042075209007006
890461007730205090005370428000050810501020749270900560356040000427090600100036270
003108020109470300604200917840312009900000140705840260001035870368724500200000036
800950702420307060907002805000804970274100608089605004000040297502708016741260000
007628594829010030400030008100094680932850070040070025560082007200007159093501002
800000503195840070060975041018000625037501400500486300006090150042157008051200730
010003520006000301040850607087405260400702813093180000570008102800307950631029740
060042805972008400040310092014293007207060130005800204401026900806509700009004326
420631085693005100000200703900100807008490230731502040800324500204000370350018490
850041026460020500100609840908105730035070910200403005080236109516080073300007060
320967584007201030960083007000790840270008001500310900008000065790500120152870493
021473900730890000604005783042567801563901004108004005007100368300050140400700500
400693170690500400102080950070038000846209315200005890001802040724016530005300620
402073500570610034003050207849067100600001049200094670100805793305709001704030050
108062904260095183530080076000210430412853007903400802045908001000001009301040008
167000048000407061908316700079053180603040570080600000012000694356900810004168205
206193400800065103130000709358040970020079030090038504912056300504307090000010256
001840750050367921000015806509071380003000072000402195012000007005794208784000539
007351200000760908026089000238090540000240039600105082079810003003024197412070056
051730409023590060009001057306002940000407602284309010002670190490013500160005280
640250097072134860500000400090680500854720306030040780080300901720015640360407008
083010007070850630150070289067501940025048006000700000012007508048935160096082370
053019080409820157100500030300040568095182700870060200546098301010004800008250470
685402301090730068007180592060073914970000620020500703000040057206350800704008106
985037000000068003631002890700609380863745002509203740008326501300001000176094000
490000150053148079010795204074020001080401300130086420300000002728000913940037860
548007300003059080090310245070935008082070600910006437830562904260040573050003000
096780201742631980008004670004070358825403090000590004407002009060850037530040800
164000000857026901900015870008050690029841037305607128001062403080530000090108060
080027000703000691046319280402950836390400012060032000200180369904570020610003004
832070691000896000409001805010900700004103208326580109900750003607348002240000587
570912004231068705408500600023741006105030907704859100002090000000124009600380270
008209360092005040150048092805007639007001004039586200900050000506190823084062051
349520780070309460065074000801005004000081620097432018000000103480190257900257006
408957000000046900007010006540268710890103650010090830605081093074509160009604270
000301600060429375039870014007102006825700930916580427481005062003200090000010500
005907800309100560048360071500204689480509007920070003050491026704003105190700040
200000890039200105804006002490073021308051000167900500670520419082019070940367008
603245007000080005750001004029518060007000200005027498586194072301070546270650009
100950060030760900796080534947005300000039257250078040680520403310047092400090800
001023489000901750005876310910057034030219560050000001007060198060090075129080640
050870093039000070680439025061080204904312000820064010298140350005090060016700902
036001049089045016020960500072638100310000004060074823690000058800357000207890431
478560930000040052150300746890000205005609307706250489009000020310826094024010070
010003608003201000609804310030029487108730009927600153060590000070006501495317006
106200530070869120820003600240001709057420800600708450400375081583900070010080045
100080002786904153020170600000201500570640900214090836801002079430019260050703008
001030076007064391360780000104008023080492017600307500000070204028946135405820009
120083406048602301900700800680070905050920064209065080091250048000836009862000037
005139086638075290004080005500703014310040000200950803401098700902364100853200040
910203700000140600463070129600500004104796300305002961040007096720004530509628400
087650001100072548092400030024580309870360012030700006209106704310007900700890103
197350600485200710000004080540000192719542036020009070800021067072083000931605040
006120350300509000925003176560048200290300087100092530609230040452900003000850962
692301004040600001008902563430295006051080730080100059804703915005020640069014000
000106004000247006064800020049325670836704200075900000017600900652493781408071300
000906700506300010200058964483279601010400079905601000809760100004010096360592840
080625030247300506003040209408903025005472001910000470701204050804709062020080047
426007008008064320501200746800006400100502030090718062080003900043801257709420680
001705680680031900945200710004609850702054136568010009053902000200046300076003500
105300007400720851082041006200903064950802070073100089500207638806030700307610040
005907800309100560048360071500204689480509007920070003050491026704003105190700040
745901832001250947023070050200607009150092000469500200014705300000489120500036004
007900015038506700029407860290085600053064028006002034002001097061079302970043080
460702130001008247807031000200870065694000083700643002140300500306094801002106074
000003050580972413937501006700000040009780300308016000293108760075600092804297035
762500100500601092019002560830020609625893704190460020076000905040906001000738200
008450010679201034004300062002630050395074206001020097807913620010000970920760008
002040306694387020300090074028761053040900002706002180489603210200004030100820640
806405170003617290109003605305204869907050400004000350640709010031060080002148700
701509028945002076238000940300078619820491753097003000000934000083006592009000007
204053080070081203093040015650020039902500870040398500465170028007205096009060050
058400301007010004410975820175046930090007005030501702040028009701600003520034687
200357000600000853395804012800600075701030080052478106003910527006042000529003401
860432507100000800750098430020081700073965182081000050040803900395010270010720340
046800900031045076002601403028400097600308120104520300007209630500103042213700800
003410020846902007090500634137000050009073408060295073000054080305800240684021705
302609501800701049100080300549060800620800150081352904967000018405000630038416000
460080105008001432030457096010846300604502008003100000306795001901624500040310907
680053090003671850070090260040100005200068070016040902090030716307419008002786349
000003079437206001850401602540030800760020904900764305014050003070902106605017240
007004901098060002461007003549802000003670000170400298030745180615238709784090000
400270360086013704930400005763000002040365879005120040004000201008641930319702400
960030027204970605007240080050097203872003900090160058029784001605010870001600304
080009053500306247060500918002803009010005324609124000370250490100400030945031702
900108006513604087002090041451080039069013074000069005004270103306001008170036490
090340605000927801040500930704895206000460050256003400070000009020709184489051763
201905000040018200308007009035470682024639700106800004410500803092703416003020590
007009160609301258051680030976400810085107420024030579798010000002708000500002780
053706481018000500400158700507602903100573860046000200634890072005304690800060040
013085090079260410060009730046308027037002600900601540028030950054920060001804072
162350040008206013070100502035049081001003690096502030280405109900720306057030020
050000780014937005902065430620090807100784050708006910280450000007008324061072590
046008720000006539230507048704139200900805374063000000025001400678920003491750060
000500621201086573050072008030600084900850367760304210087200030690418700010009840
005003908609074050038905170580400009020507486490081007052700603804302091100640020
015000806204105009070623540507802064100070390083960005600019083901008057740056002
076240003001003720230000100690108245520039080048006370305962407402000930760000852
850000027209408105030050089040607201010284756060519003005076900100825004320041070
400068103008000062016000840750040630040072008839156274204700380080023007173004506
160300070070600258420597600254080000700004805010235947097810504002403006041050702
050007200034296050209003416042800071910765302060020005680350094005608700021004508
506000000271060400003020065000200003030796048827304691700630124018072956642010030
190308020865100730007090040016530007200784060783060490978450000532016800601007050
034967050010053670005481000046500203987326005520109067460015009000834020000690700
402070356937051842560300019170400000004500900200103400700900208826004593305280004
204179058970000102030024009307402001800306920610080430050203804480501206026040003
481500023030201800200840907809400000004185769160007208700300406600014005543608072
003620947047508600960304000750802039000040700894750002000005200415037806208460351
304950007012046593090080400950037028400829705207105030508002071000304802000078609
004050070006127050175030826590001034400003100710849502851096003040385617007000080
427000006100942050900671004009004178612709300870500020590307461000000532203056097
590047080200089700076010429000001235412530607903720000720800004040970563069104800
850004916104056802090038000940501307002400001705390680020003450507200100089615073
040520800900013206070680090789200650605907082002065019524008000361492000807006304
650790084002546007701000065210067803360289050000305042000000479420073508107900026
150437280049200610007900050708025146502701008400009500830000004670094301020173065
100005804048060375532784169000498600080600547416073208603040700890000000750010080
020685049048927050790000208050409071907050030004070090206503410003042086409168300
149002580000030904060804271007500819006300005010720436251000300694200150730450602
040000806050364001963801450078620005500087023306100048700506089239010500005049307
005000007200037800703400200097050600864913702532006089000069478420105906600384501
340050821007329605265040739900076002470080090508400000004910060091830050802065014
700205490150730002206841500609407000013928060840310920400690173071003040300000059
164000000957024108800015470006070520015496037408502691003047906020150000040903080
003620947047508600960304000750802039000040700894750002000005200415037806208460351
800436705607820001502700830000208369080054210291600584000567008150089070060100050
153098007020060500009102483070004308086305004041820056017240830002901005098007140
009004102281670390400290008805907006002008715076503400604039020903042861700006900
002005470500740260674210500140037902700002300023094610900050026085306140401028005
010060408390285017860001003087043005001008370053096840006804032030010780428037006
350007020709082051008590740085000070203075480090328065940051800030840017801200094
900680402612490800300050019061200083030108765807036000706010328500027100028309004
000100738370069210812034000600098100050207009291600875580070920003902650709056001
059200008302940750078306094017500940095460000634879000023105400506034120000000385
020000540400306078708504312000039087000852031000167000080073150070205863035648029
002900070970103245104270800020091004781400030003058126350010062819602007000037910
600040300072900006019050402760001900520409010100685030040567000830294561250013794
034062501007801002021593704798204610305106007010030408009600025000425070050079006
000000860170208430806350007005083209690005000783020054041500728967000501258071390
305018040000256010206030958059001204140502390800040001000065007701093420034027869
075030620009012050064907108018305240056240090020090065532070086000583070890400013
605000980030700524090180730450610870010250460020047153003070000501800047740061398
806405170004381260103002904602907458908050700005000620480103090031060040009548300
003097215070002360000600970050026400000750082642380597026179803080003750907040026
004620897809070000207091430600107040043250008701008356010062970392700100400310580
970006000025009060406205039503400608741608902860051307030024076280067003057003200
306507001507621840002030007169300080020408009483100070000895136050200700908716250
906701040710034506040006071507402318003080060480160005094000607805649102600075009
000009200594102086620508170182697004030810627060000001040001950207986410908003700
800097005021400063690031074012970580067502400900100230249306750100800600080049012
040260895928040037075839410317085200000003154006102000030950021791000000562010080
000820690260000300318679250032048905905200010001390806820500030590700040070932568
523970860001530927870000051000060170006703289307810546900106732700000400100240090
000092071760034802821706004010280709300019000900060183294000008053008007680321495
000080740684500301002010000041890072800062139090730058503946000079158263160027000
560000200020630500703925684150090700200810409490307120371002046605470300000103075
053048007029750860800003540000020650206080714518674000965800401000406305034012080
800540001450800290300067054005980612196000040208100905984600020570308460620005180
090240583300019000286050091739400100010920608800501940428075360601300870000604010
078400913100302500043910006350079000080253107019000325400701800930806451820004060
590360702004020030310709605081203564400000320250416000845600903006950270007038400
026754100908203506000800370289047610563108497041000208000002000050071963090506020
708006095652981704013004628000309070400012009029007051175020943090000560036400800
640700830020948765057300000013096200078104950060020310700681000006000148182409603
080970010090408253046250980801305002630000179409607530708542090014700060000006704
056270409020501006418000527600405091500100000841090075060859000200014963974006108
039006450000090200601234987015000320300900800400623010590367100742150008103480790
540901026108002007070508013800000070760385190350097640480003500600850034930026081
842709350150230794000050000061800070370095082090107043407901205010580067025004008
943062010200001050005000402400903568036005004809600173000189000594236701601050329
920000050170965040084217639000652394009700500305400170850120460690003017030800020
206750080400298050500301402108079235000036000354800709800100920015003870940607510
082070316000003075050000890824159007090407520500832940605390002200600053138725000
037210050098007316006908004080600421942580607060024000803745069670000080010803042
210095600009841025508000091706230018082010000001508273800400009490083062027609830
078040012502710980006802040691300250800260407004085003300008679407600520069157000
478060009290518000015000268089053002100480907634000850800974025500020700927600104
079050400300170086860039075106320890090008062420690700914703008680910347000004009
083060005745009030000351784007540310012690500036070049004705060058016097601030802
040017809067320040509080320658004913072103408000890000085040632324650790000730000
000613400460200015819500203200106904380009027604072001935761802040000036006084500
000078049451206038700031000206813057000754000000900314070049821100380406004120593
009568130002001509516030008003250981940010005025380400037090010850027603090043207
130980200500107980068500104070640300021030547054012090400076015286450709700090400
040325078507108023302000400008937006900502010726004039019053004070086105065090302
105203060304107980090008023200009400948510302500740091010985037730004500802001049
500070920289400063700892400607100804803760052400089030024930506060040370370608200
600027389409568000708000054207806003064030705050074806900083060381040972500019030
201580390603109040005070206419650780030010460060092003890001000300948620104005938
004020500865093420200560930080400000410085703530270841027058190008012300103040082
046000870001860524008742000410203065002590307503674200100406738670108090380000006
100604900000728003307190642006870000072350490900241008508000009761982534090503070
619000470408700030372514609045930800000600000163240597094006123000090704701025008
040509016105360080086000200060043001203001008514896027008627050650030472700405860
007008021914000500380510406091076040706004805843051000238000194000483250405002680
006790004001400076794102580015007040309240065007580130003600400902874350408300607
096250401080701593001090000010900850059084320043026709005809260000615908968002040
060830000082504076945760801654903020270000593100000684437100065509000318000300049
701463908009280475408070003043602580186735000070894600090306004010900350230000800
000004900361009050492560080037400008650008079918675000583106297109003640000952003
046390705250400810070025040602507430708002001010903670001004057560731209087050060
809000301237000500056703000784100930625098140090507860513000620000900018978601450
070360100016078245408005006804700020050480013021039860003241900902600430140800650
106270049309400500040190068705049013024300007001750084010034896098600100603081002
050016900600532874238000006102007030560304180070150209805003790703080002900275308
008000001236010098179803025050000872820657004004028150905700210062100040407230089
014300508000090073378210049002000491007020086063040702800752910250400037740080265
723158460400030500600400710172304905800910236090200000908501302500040800041093650
109270065300651078057839001408000200091580603005462089903700500502306000800045030
024100005695480731308007090840700056207806003036020004060310547070050308083670020
780620419254100867090400002005047100000051203008036570300584721000019035010060940
190003067006970130703640200070390810360180070580200049007456920005010080612800054
600800070083401259490720060800190020027540006530002417075316800208050701004070605
170405009423090750069000000247010806090000100000867094982301000054782000731946582
000049203429008506005610948052897104000001090941356082004063057003900000810070430
076500309030702100014603520087904012100000948092168000601079435809036001003005800
056908104007540098890200600903420507005090400402680930720804360000102840548060700
025408190009503427013700000690107030374000910000934072501609040007020001086041759
040001203280036001730290460007012305023074609450900100502347090076020504090008012
500190208120005400096302510659083001740010386000760050480031025035608170001050800
130409028240860090700050430980040760527618049000007050874502010050086904600700205
493800005106000008807006103562400071300620400709050860930714280614200907200060504
020184000007309805834000912001407280789200034400038001048670120006810403170900600
001398206805072140060001080003200900610050837984037060006400370300709401027003695
150030080038142906940057120070003649800000072300209010410698005529304067003025000
800954710000801002046072009428039007713000040069040020300087061674210090201095074
158000600040126058070450309020040890836205001005801063900002500004500036583964107
800536000907010563560070120650407091002059080019600750290365810300000006076802930
000063009528000460309245018901070320050320070730081096003658107075900030016002085
634578102100000000750910063349807605000195324500340078070001480010080050485700001
305600270060732805827000030080400320200078901976013040130000486004801050758364000
001200760306081400270450103034972618060005320108060000013028500002040031045130270
100005460630401500507068301006010040005674010214090675490007056800009700750246109
463917258080030007007400100235090000070043521010520079740160830806074900001800740
987102035100500698060039000510408060804316057300000801638200970040790500050680120
680030107970040032300176080800001203740082010209307860107500090098763501030900046
006020000039148765010076298002090050391600807758001609120500304983014500600780000
097008620004690075086012300001804203802300496405260000758120934140980700000007008
070900300960830507403052901830070000020410638190028470000607053348005710057083040
000090040010820953800007002736180504100050700508760001902045060401076325005218479
097004362563290007421060090000185026040620730682000000200051670004870013016040509
009530800031740090870060320790400185410056730000910062023600018100090643064381000
200074100607302894903080200095068002061207059400090603524703000006800541080046307
061475903700090154904318000640000508580267010070050032406503720800700006010906045
008500097096307081340089020280003905901046030070205048800401003032900604015032870
210609750030000400079453012001700230420930570760501004147300920002094100900072340
692301004040600001008902563430295006051080730080100059804703915005020640069014000
800300007709014028360028501490070006070862054680001702938040275500037040040085003
046300280512000000000900540403020008068090473179830025820679030704500862601240700
090600050065980743230415689046209018800040007013800200604020935000030026380006401
603729854020000700708040320046907502200050416000400087062500093380091245190200070
003204950065790843790000601589010036021600409007800512008900004906140275002050100
436802000000300610510647800384006520100054000965080470001568240842709065003401000
400200386000430012000805794270010003080609070500374029801053467703100258600702001
700804360300725910005630080032006000460589031000200678090407120070310806013908507
740060580010305907605180003000070608987621045350400070560009010009710806170056039
008012965000807204204030187516003740320000510840651000003060471105304090070089050
319002085652318000000060023180200067240506800500001002731090208804153700065007430
240005700015070063796410820000608201169304570080001090021506000678902004904080032
004007906936108004800960105740009600300001872081572400200490018408210507160700040
048091060700860104901005230000012903509006002423950016007004000095078301034120785
857204193001095700600800200206007004000512809915400302109603408500108037340009020
003008906058940010140062380005020073067801050420307069892600001030089027010034098
108050003000903100736210859900802061300100085861075040600508204502001600403720508
017903600920140387030050400000608090679304801180070046260805904090061002054007108
010039060064800000309050400870614003406308071030527048748061300100243006003780014
720903040069000782405020930047809623006000400030607018071002090204301867893070001
400763908093000047058094200900300005032040801106257094014079582800010060065038010
020089610960201047008704932050892074030047026702106000000008059004000003280973461
861050302300062000790003605423091587900000020017500930080205703074089201230076400
701094500800200347203075009586109470000000050970546830020610093697000080030957260
503001040247300081910000205001046503000173094409080006792654000300200760186709052
000400530071050200835200049602090175314070906907001084500040890029865000108730650
570320064820049001003100702052801093009400206014602800107504300200907105940010608
107400023050270010680091407700902305209030761035607000000789130316004079908060040
000809051005204097209031068501927630700053829020406700008002573002708100060015900
014509370820007690009308200900070423107006009450983100081600900340092810006031750
534900276021000349760340810000020004642853000000060520185097063003106950090504001
600050010510069203079801005041020706390074802705603000107296340030000601460007529
014060500756203984082950176539040807000000045070380600063078000840120000197430200
350672019460039000070000365095700640706051203010940800607305080039060072500207930
624790053003004090001630270098042600400907302260300049000070901736159400049080035
201308000005961420890000136003209600529180074600004290150070049907012063300805002
010020007089060042620874093000601004104380975258007060032040000970206450006015239
030109805194050026050036090342017009006390002010800437009603174071040003063270900
029473500605000700080590132004609005902700683063052001540007000070065314306204807
806030021070000894250140700465982107310470250020010086030000910580000670702800345
472681309100500604005947820960358400003010065500200903046005008050000206289000547
160970082008001030470058016834529761006040005009600800005406100687035200300002658
065007094793050100410090275000903007004080900579620408000234709920008503346009021
401823690908160200002000810054089026320651008080000701800070100743206580006508407
904570628201048397006003005500100070007065000109430086093016800600954731000300964
947056010682000400503420067160000708034060091009841006001580609496200580050690070
063020901400963200205004067789240536021030070000058020942070800006302704300490012
000009402062100000945823761006080007073465210520300608290506870000794003734000096
023070805680305209050008036040012963009734001100006042310850600890203107070091300
026754100704801603000600270942078530571302948038000701000007000060035892050906010
910000780000007921206908300009300207784091605532740809025804190090500072347100000
005610820120030790360089010006075040849060037001043068570090000980401602600028359
001043092027900410408520070740380500610409728080600040856094130100870904070100006
670901800032040169008062500250079603367520000800600020010080056406795310085006270
149000708800146000500780142975260000001000509080591627410800396650900000090613204
020010053003756400645900780290080045500497200860030190070040506406509802052160900
040730002270069835300510700402073901706295308509801200603180000000020086024900073
802065370516307028030020050240000039980000007603098000160004285327580001050912703
000607591570021486009050207900000710034019000701005340107096020000572064426180905
005172008008304720004805000490601573350709040871000060203407189049030000087016230
935001040000605000060004257086472190704508020002160080801246509053819400409300060
319008067000309085025170400603297518108000040500804070081063054057480023006002800
040750190069040700701069034500607300070004609396280540410308900620900013030406072
010000954090041300003579621671920840000186200208700100020013090007492036309850010
607358940040009058980040001094830005500010689801025007259003170008071506100590800
130062400005093600020078300360800154200000830081046792052617900013980040079030560
059623400807105090036879125200594030960000854740080210390400002010950000070030061
009004102281670390400290008805907006002008715076503400604039020903042861700006900
205387641007940325040051097008020570009830060500170483950760204380090000720000008
590010673602500109701806005005000307103000800070341002306780901004020058287159406
569001002083726005024895613637504921000003084400072000005017260010649300000000140
120780500598060020400100090864093100200847306375210980901078230600005407700020009
019463500080090031600002479036040720400007003827500004370904250060350107541076300
090310804123009005040025103000890040950200368487036002205068439074050200030140006
014080902600413700080602013040006080968231500075008230000820090820379605039065800
090360275602090300730240090870039620003102950021800007017904002009027810280010740
040007902910054000250960147000706015475080036103042009084020090530401608001390074
561400830007058041300900720006030050820091306953070408009205184000103090000789263
510069040600800075084105069106300502205010680040652700050096820097001450062078003
030005684086030520000869710073000040060004205410970068308240106092506037047003850
490200013007690005358040000040871900720965048080002000062010530934506027005324806
001740002059612080082000617017904800005800340830260170140027908503189200020000701
070060108350127000910050237097602480035401700004070013043090000000203564561740320
670010084451800307038746000000008792000697001007254600320400079745902013000305240
070082054028503960001004020843210075900040210052630400204006109095421006706300002
609532007070010659001096830010043005900600023823050746100005070207009060564107308
809005170006074032034082050003420091901056200207009508002590007008040305375860029
905010008003070549470539010217090480096854027000007300609703250041280060500001870
089006507300975100750081003607009032045803019038000006020357698073690240006104000
200906104060021090915007360500070040437200059008534071006090428380702000042860930
067950030910800006008032791891470052600305087005010040506109274100003860780504000
800257009015006403209400087021045630300860200058030094197508340002091075006300900
460270030205309160900080704024098610617030289000160000706014002003907050092003471
301000405604508091009143007007319002065020713130005008003087500206400070790250134
009301706007040009416902850600428305530760420720000090860014900172690084000080102
000007010709306854536018070090084030083160040604030281071602598802500100005071020
401730069076420005003900074620510080500000320048672590702350000805160942100200750
400980100091060000052703496069802301030100048080530629508079010920051004003428005
021389046030000200604107905002040018160802073340701600407000092096214307050908100
521400000703512408864970000008050007450607081000108950086001534010804706007360012
540000017736040089000307000175093004029874006800200003413502708697008032058730400
050789063080104270790032040300598614000200397069403002905800420802040006000320950
605370040097165020132090056529700604300059007700640002203000980051026400074530001
006810030014000006352076000061004098008009125900158460675300809000687352003091640
850007300304051820200804059609072400480190075002080601936045700700008062100069530
067095420159246070040870596483950607005000009001738054000500000508007903920403080
026854710304700065007020008170030002009070051460215390742089006093002170000340809
309102584500008006206504007625710840000005060890340705048600300750083601060097408
004260305630000182208153000950007830003089021061032007320800019009301670087046003
003100400010496730476300029600200000307804206082609543804001970001780050720043601
670001509100050067905070402009008700016097280820600195080060324094030678063700051
398000070006090450750268190401000082080174000075030014040387621820410530000920840
008503297903842150020710000089000072042300008651000340194625003000401025035078400
570609008200830945809005300930200781010098502720503000106002403007086100402301807
569320708070050903300097100704560019150970406900004070280040350000705204415230007
000400530053060800478500062305090426962050708704008095600070250027135000509240180
425718036000000410170904200580040302200307804603029500700003600800470150961205043
000063814186040200403210050638590020900806035002400960260380190310600002800102306
104500200290030450570020013000018500981057042657940800003005000860090704719280365
005936147604781230030050006402190563300560400569340700000010072040605810076000004
003980026406752008802000057009208570005300241327504000270603910504070080001025730
098325100362070045507690283901040657200701839000903400000219508100400002020580000
300905024920084060045070830160203958030510400402800006003028640706459080204000097
485710002009080001120900870040500126350060080000400590507340068260857019800690754
020040086645709000010063475704028051062304090008006024006430510050610049471005003
547928100000057000008640957160403500980206314000509628810090000300065701759000406
500904071940700603870021400004270000708090204025840719617589300080030100400600987
010020063760500400042369810036001208000780005875630901307846102680005094004090080
097028000308700426060503970600050003531060082800132650903070001710306290200910507
042305080500702314703800050270138000034500728009400130020003806380074501057680200
056020879070690002901370600035402706009537280082000400000040508648250907590016300
760040308539000764840306590400920007078065030025718900090234085004097100000650400
060049082900700560472068030700006108650487320093010007500070003387690215009150070
004500706160807093980640005501084960300760100640900078710238509800070001053006820
010680500006723080798001630029367805503008269000002713230804000601200097905006300
000758062070023950508609430012074000036005004407900301240801009709540010163090805
402070356937051842560300019170400000004500900200103400700900208826004593305280004
800007410906035000470180900000500748021940035548060192380600001107309860200050379
104000700397185006058040319003002187029070000715063904036017000071620405000090671
820039500150067294090100006000916002710000408362048901608390025001605740905070600
103760980947080030000930240009305468684200050001840020090408510408009072760103800
629150400034072650807006000410000207278601930396500004060805040001093706903064020
406002000753064801900007056301700205075081004600500018897305600030296080062470509
003080702624750903070203010045802060001500874068304005302467100407020609100008027
005300089903180420206074001760010050028430907009058042600800190037090004490623870
408957000000082600007010004820734510340205980070090430102043098036801240004509160
102560904904870010386410057600140829005000060019600430561094000008300000243780096
005247981800096305901085040060038104100000730400671590010804000786003019000019863
360019478740506900090740160900050307178034009500970601089300704007020890410007050
003620947074805100910407000490308051000050700256710008000002600829076405705940812
206004070005260093740910802079180500500072689620400700060520307400091208852700900
800436705607820001502700830000208369080054210291600584000567008150089070060100050
000196385361000040089320060030410002140035897650070100020850400410260008890700523
080052690601009002029301075060080437940027060870640100530790214018004050200510003
504908107010500090908074035457080020002715840100003079000306054630450700245007603
081000590045180700900265801076891230804020106002040900053012000020406319109300420
702603100005004382001850760000430296503009078400008000004000025679501843250306917
160309000079102006200070918090000000018423769630701280087014050300050070451630892
029400003050109704710860902100008000407091026590036417070902005903015078085300601
014800950900201764506009018095603082430080506000010037100370000807126049340098600
040300080000026009027504003470813200200675308803040057714238965580060701009000820
021473900730890000604005783042567801563901004108004005007100368300050140400700500
901763058600028090702400300060007580007684130890001002408910600306800045250006871
090072305005401206342900700207048950130509020004020018029010074083795102006080009
700015008090020751005600000907451820003200000210703046630570280452068109809102065
504690108132050769000703000493185020200000814008046900065009000021004386007861092
060807210041300070028604905200701069814903050600002301082070600056098027007230508
030985047600004019954007020506413078109700200007008106002039485890001702065870000
023070805680305209050008036040012963009734001100006042310850600890203107070091300
002040015005008630163000089918460270006230000034090561027504096481600357000003820
006153008708600320305002901259080106031026497000901000090260803080017059572008010
100690008940000120200080905890200010072819450431750802300100564704365009580000370
000008030934675208807300940270840051100050300065031029501003487790124003006500090
300658204080723100506040300008910700709006000005874609403060902690080537050392406
407200596063705800010986470731409050059000004000053069170008025006504900500610347
029005013603010745401673002000520001160030508030080000948057320206390007300208194
035084692642010000790200004059007061063040025010658900970435006506100400024076050
007059001690002038081340702079000056850067410100584070700038064020005100948071305
023946501006001840045278600687400010200000309530082400060850104371600050058019020
900006003740002100680530007005023860326870000098000002219450638064398701830201900
036817452150090060040050090025000006300562841601703009090030017013075604708401030
068100527500800431301054069003508700980340200100729006030470958004035602700602000
040800905893015070257009480106584000005090214039127000900200160360000509512008043
005300089903180420206074001760010050028430907009058042600800190037090004490623870
370500690486309507500627000004095300150203900009004002040936185003051040910402063
800600070100200865600108430050719028086350049921486753000030584390064000010007090
027004090145802306000750024036005219900321080810900040460008002070630450503047061
260493510053860900849000603500078002790145386600320000006000837301006059485000200
020718090000005273700003184070090602390200847010007300007036428601872035032040760
007610004046209308820040960930056800100700630702980051289537006010800090005090283
650020310002105600841936250193000725400379186706502400008403502034008001060000000
600047032439182705270600000907036500000529000506004920054290106790360048000400359
080967512021050090506002040100230608800006050365709420007094035908021760054003080
305600270060732805827000030080400320200078901976013040130000486004801050758364000
030024075054103089107500004713040500060015300090360418670002801021059000340701906
704060032862150900503407016030008075259710080087500000028900701000600300670382459
089025416004060080326001700290408670800710000071000803050283140932100008100590237
020406000638529041100008600351000864006350200002801503560042089203985070090070120
400002000029037560703490128206004009300560047907210350008000432590820001032741900
314000208095261743000084000670120504250803610400500009983010470002038096060402005
217058903003900008060210570430090802070030609805162300701340280609780431080001000
060204700720091086801300420050000014210946800049810072406120537130400000002053108
078000239034809701000327008710090050825700190409005072056010007187504020042908010
076009080300720019820150704063975801458201900000000023601500078790483050080007092
032006415061508000459021000006002040570060300214835096045207603000059274607003050
030001058002380049867594321000040002000832096298165400640008030000410800000627914
605370040097165020132090056529700604300059007700640002203000980051026400074530001
003076295057230060082050030578093000090600173060702509009020010815064027006308904
070498620100000049894602030900240063640070108510906200038109007700004310401035082
000406120080250007010308000160932845405687319000005062601800470042013086098004001
200503198035180020861090000410036209070915380003028607000601802004072005726050030
710008530930216084008050900052183697107504300003000005000600403624709800370045209
768000040190486527002790386030640090900812004274000608400200063605100879300068000
480902607790050801030108020210406579900001400870503200120060705067245008009007302
050046002712098405400500089635907041900000057100254003087403906000029500291005074
923000050760200490058917063019756300647021900000089070000190802002564039090072010
080009053700308124050200987002503009090001235507692000140930870600800090978025306
000960001090380705603175400807600042340520608006000913730050890002800350985407120
080005200421970035700021094210030508600208019803610007004700150502064900160590702
509320000108049530070005492065017800284060709731004265002978004450030000000052670
000009078739025601018046030090080007820010096370954802963570120080400760100063009
078040012502710980006802040691300250800260407004085003300008679407600520069157000
386000700510073800907862301803100607104096500625300900009000403200549176061700090
605390017000700062417605800040009308950187600780460000030001046074930180561840003
701094500800200347203075009586109470000000050970546830020610093697000080030957260
700163405010489002390005168600002900039006820000007051870054009400308716903071504
040300080000026007027408001380741600500289703201030094493562178750010206002000450
401060030007500016030090542048027965070056080003189274000904007710005090694270103
042060870080407050170039602200004538804513200750008100507306419490000000008941705
001359000956470301740020908675942080004600070038005609510034290062097004000060730
860039402500001839940005107000300984004960501280050000610020090402500608095816243
530047026007900340420350100093704602068001704040032010672419583001000090004803001
003021409050000200004763008500390001390684725600152394000470032417030050230010840
900086002436720180008030096162408003005003400040207568090801004507042809024005607
015369000600025839930000506056084197001000000270591304004910650500408001129003708
070041892680023000402070305240860901008102003590030206024700000007280654056310028
083002069901705030002096087010864923006030004834500006040053270325008001008041390
040059018009020070087100003030504001700692830620381009076930142090017500250400397
500040018007680004148507062691053487802409130000100000005700843470815000206004570
050046002712098405400500089635907041900000057100254003087403906000029500291005074
430800000007009580869050032980023051620008074500416920348900200750204819002000703
750304128380210007010008040093027010501030702040180690005002469420063870670940000
038506029029843001004120000260005190470392600890060203017038960086014750000650000
040300080000026007027408001380741600500289703201030094493562178750010206002000450
001009765609100802500042391300004019804090620910360487103020008060970000795418000
610720058570060001030140690300009006002014980896037510000001060167582309405300170
039680700006402509800009360450060198700854006060093405607000012002910857905008603
037596008002000005800003917064075002789061000015040706501630209620900001948010563
349520780080703960067018000704009002000032470012457093000000107190870326400261009
702836405040001780058070060000060100085207930417308052260753040500080096031040507
923000050750300840086157032048592700695014200000036090000470605004285079070063010
004070810060190320123006705980524073400630108035000900049307501700850009308001260
000307800087000052036082091100709008073016420000000173058973214791420030004160087
004070810020680940861005702310794058400150309052000100035409607600510003207006590
850007300304051820200804059609072400480190075002080601936045700700008062100069530
207065040500020960064108752000040635409010200000873409750031896000600021810059304
908403207003027190012096048095070003000950072207360009020045080571000904840030521
008530010000678400206904308047203081301489060029761000700006890903000104084190230
076003001500010003083924576807300194061005000090148760730200000000001657614579208
501007900067498500409300007142000006003640051608003492015030060326950780800006135
006350280400700301020148006047605030650830427001004805062000943008406052074003018
900208641001509200002040597079480056126305078080610030760950800405800009290060300
700581209209003070103200048401030050075629804900004307010905000530010792807302105
406000501507321006012504070000072050005008697091600284809436702000015809103080405
506000000271060400003020065000200003030796048827304691700630124018072956642010030
039042580008910062021600004246591007080400615005080200590834070310060058060100903
000758062070023950508609430012074000036005004407900301240801009709540010163090805
283970406540006200000430809400600308308704500650083901974360120000020000025107693
308000057010857203057230080004309016563700920080620004001000735095413800630508001
478501600023080000059247813807009300306000978095308164900050030701004095502700001
740006350106950040005041760571083090008260037300070084050090403904502800603704025
000400530071050200835200049602090175314070906907001084500040890029865000108730650
201308096000409172009106080028500040004602508000847923082934000300701060197265000
796000000500390087310640005005034900407169350900725840051483709634002010070500020
108659030400000850502084097900208043246003908007901006850096072093700400700830109
004789100137400859900300020400507001315204070002100495043852010026040307090003042
790860001060030975210740006801296050900070802670080190309610520006057038507400600
960007513034906027001000040203570480600428390809163750470005130000030065000600274
924700006105003798378600005000090000692074001080026379009430562000902413240105007
240005700058070036697130580000701805812506970060008020021604000386907002904010058
180000600730060408405008009600893275000152000050470901521730800340001527807025140
900352001005810732002006050894035100206107340000084590108003074403900005029740013
005139086638075290004080005500703014310040000200950803401098700902364100853200040
246008530000904000097025164031072695902053800008400010700501420025640001014080750
206873015018942607973060000005000309000207046634598070057080200060701450002059003
060438019107000008930017054206100890350006047080973005020005900695700032700392580
100009680240003159070000002700352890480091705092704301027000908950130046600928500
523906847000070350008300009030000000906001035207003498791485600062139070350607081
605408700938007600072019805100580067843760000007004320304000106700040089286971003
980026004265471300140900006030002471800704600006135900650010207312540860000063005
493800005106000008807006103562400071300620400709050860930714280614200907200060504
600890073501046082908007005800650200306070010015230697000000020153062800209483751
268001570100879462040006000070160205602057310301002006093010028004690153810230000
387500124090148053514002000046000581903060007000450930138900002209680305405200009
984017050010003986632950070843070692001236845050000017000049008028005100079102000
500061090132407600060050241025080100080170006901306854496708512200009408003042000
003604058546090370080015004690103702008549003014000805807420510001050037052730400
650087000704902801289601074803090602005010080916803000548109306002340005097205000
308000057010857203057230080004309016563700920080620004001000735095413800630508001
007500601190000005000010090048051709060008102912740350531072986824903000609080234
700513600000040705400700938104985070000672491000031500001307862600000149902064357
002030967759600100038907200301074820000109073075200090026091080510308609080450012
000046900009502040405739816040000630006023198938050407080004260300290584200865001
937810540020900701100072800000305028095208017842001005009504186500000200683127900
092001038400089025507023090006302079305000840920578010150004980008015063260807400
930041007010900024048705301051309402700000080460128509100030206304692005670010038
061400090473901805000027406105002604032670100040059203000010908310790042928540030
040026700627080105890703046702301064000050000906248573209060480068000300400839602
600500201001203670480000000008620090000317800740895102207436589009158427804900010
183504760045200001690310050004073500037100086850609200529080643078030000006420908
921800047800700003736905120085090032400051780397000010018504090509038270073029000
074680150105700960600540080008207609546018307900004005000400036750836001463005270
100008700306070008000435001671500049908700015054000067813007492000012086562094173
106280700900470020072910006007050900041830060603720485760302008084160500019540602
056798200978230400200060908600910084009000010010873002300009127067050849090147560
170009045893540600000130970010470590050610480748003060400095826267384000005000704
002459107300028506075030040069380450207000013004000009000573900708164305510802764
370846010026907834000000907004120083100079500052038070205760000040583720807290051
509408600207105400030706000346000070781043056050680103173869024020304708408500000
450000009761800400390000510040658207900210086200070140009560734507000960624937801
067300148050047693009080205072400309598070000003006507900802051125709800706504900
605182003100040608740090250500004006207650930036920105000069810861073049950400060
301004007904573108208600050420000090003769040600432781810207036002016000036040215
400002000029037560703490128206004009300560047907210350008000432590820001032741900
004081203156203490200005700807000540030528017062014300305109804690340005001800930
281300907005760002300029054009032075560000021420651008090500086100276009652090703
980300451025006000347000269013784692060910085208600100830200500000063027670008013
006089153039015024201300000005072008947803005020004796010607400792008501600520930
006714908079836102014520603407008020000040765201350094002063087030002000640100209
080004935053002070049563010500030401017940506420605090271050060005726140900001207
907030086013020407508760900300490800879050360002086701030608019105043008080910043
670028105001079060090160023743090050802006900060807001350702409120005386480003072
010800400008109507579230806300980001802713004960000378094650000206097105005300649
030726005150000279708509030903845702065300104840060090090150300380974001001600940
209106030701325860500080170060954013010038907000010006078241090600803041190007320
480150230062380750070040001715890402300560907090004500908032075000900608657408009
005936147703245960090070002104720835900580400578360200000050089050807620087000003
017030580040850067805674100170063040450000930396500801080400700704395000503708029
701602354850930061300005200080126075015070000270048130007893040600250910039061000
006241053200080091135060020960037502723050809000026010372495186009008200008010004
067050031050840096000031005008170649070006300936028000005314002004002153312965704
064870310013600089008310070025790103080530024130020005570980040340007908002054607
900270180587000024120803670070582091000731060200046753001000902009028000732190840
005980000000540392090260004932800006580736209704009000809010723153070960076098450
000928546050670218006040930471390060000187004208000701007200400000869073189030652
902050700650009143384601295700400061195807000206903000860040500529108000070096320
030050070051090030947830060503001684180543927070689300060005098319728500000060003
574093168010064520802000000041608030000340000930502704680400290020986403493007056
003604058546090370080015004690103702008549003014000805807420510001050037052730400
000905641094600008617804050945300102306402000000097463060150000081040596409280017
000508007248730056057624839020073040009006315013400700530947600700362504900000070
203870054074035601500900300849600710305047890000308040690001530050023009430560028
903048000006200301270560894328619047000000910190704200710050402500401609604032100
109380520085049007007200908008900750052470600790056240920610470800590006016700092
015038007034670105006100908527801090000000084403967510100700056350016070068095041
400003000218090435003401000020315069970000520365200841739140058002050006586700190
200009501031008006509164802900003204820097600310042907048025009053001428002086300
305000412046005000870409005004096003952371800630250900020010080100080034583647129
642080300700060001800543627300910500409800072180072930230701800008400010016308745
490800000020394570058100439000400057074050160215687040900001706140060300580739210
000045370541300089078961500003000810024000760800007925460009238007080196080023457
080094013970058040304710059008030004549680070102047068407020090050060180006501432
750901306001000500908357210094500107007608905510094003143860092280400630000120050
831947050020308004400650800060000705950876301010523640180000567046000190590061008
010208005260070948380906007000160850803020601196580400040730580928010000500890216
109040732340072600200308090400630815590400370610807000036204007054100920800095403
009104238000980050841000009503000961090650307260391045000205703700010490038709512
547928100000057000008640957160403500980206314000509628810090000300065701759000406
085000003400300520000400010234070905078295364056843170740902001001006497069710200
900200053340718096012009070260500900000600842781492005420136080800907320039000064
080109007750608012016700803920507104003810009067003058000905041805301026431070900
940200680100900304508314900086009210010008700370521408030107500750060802690052103
860020001500087493970401600090076005380010726026038009109860250230005060600790014
600801970300900800879603504210570000096000247003296108900010406102069705065082090
067321804030408075000009002045102003703600020100934507009210748800503206006800359
038701002172695830560030001003007098089300010001900240247800000096510480810479300
492651080050008902007009450306097100071060008040012763900103000704006520018405639
600038020034109607089004510105967208063200000070010956308040095490050000001392864
002701050578392400031050092000020080057480620800615300004270030760139208283006900
901030580358067200000059106810205603026700800090680704740000008600028401105974360
807021600060859301319760200500470000008132000600900010186093042930240086270018005
500004268706502301803096000072835406630000800005960703268409000050000042090723685
463917258080030007007400100235090000070043521010520079740160830806074900001800740
940103650000956002165000089009360540081079003056008091200097830607830020038004970
000081453816030907540027000708103002001500700960740531070050208605810004304076105
065213708701904632009000000940001026358026910000590003890005001070080309023769480
005701000070493250003852967004000829738109506500640073450380710087000095260000400
129300700040000060058479012504008620080207134201690507000700006065023471007506290
072308659635749120090600300040203086000560034006480090028976400003020005010835900
007120603605030200042690150009701065850209307470006002590460730760008904020970080
280030109105098300600021850031005070426803090000910423500704906049060700067150280
061452083894036052032008000023000010050000006079560428080001300340605291005327860
547026091000809005809005073058790036003580000902001584031967058605000300700103062
891726430000000092002035000920478560000093080008010903057004109230150648184200057
230065781071098436640001000000500162810924300050176004705840610004057008003602000
004001030003800294500064708002600047901703060367548920030005472205430080498070003
891600450060040810457028090020000780379200564604059021000510030900030040530406178
900006003680003700370840009007082530816530000023000004165390247048261305230407100
006705080709800012803410607280060340400100068605284070368549700000070930074300806
503091700071320540049807100000100207705069010008705063000904870050082394904573020
000003706608514902000276018512009000000030290397625801120307689760098504009000070
900536010235000896401200370040051900006094028593720601150000760327900100000103209
105203060304107980090008023200009400948510302500740091010985037730004500802001049
009704020408120090260090341070010000012405679890602053580940060021860034006003018
286000437150784020079062000034891072020600043510203006001520790040109300095000210
160092040200350060009641237901086450006537018008910072690070381015000720080003000
006400938814953072070006000607002019000860007382710450720305064400108790109600200
050209006032004870096170240248030760001420008500610920380750100015390480009040053
019374008000561390046008705863057000194032057050080100930006042485090001620705000
092014870670023904001070020007300000960080201208146597700208106013409700806700309
900825604860030950354006820400008072081792460006140008030059006679010080205000019
097065000000240715025010680004120976078604030910573802080000407009452068001780200
304002805010080470059734001431290086005016000002070514007801050048000627093627100
406780352500063007930020008308607109079038564020004000094076200263005470000340096
004830050002046103837001204685074002700009500090308647010900835009605470578410000
009017430107000029640982100415738960000190704908000005064270001790001043500609078
263090458700840601000006290584920006007050800009600540802017000971460080356080714
072048010306091872080700900800060290039012040104970608210059000068200059090086423
120605408980030005003802907402009083001300500609584701096010302015260049040903006
837096104600543080400000230583001607070965310100070040008050020025084901901630805
804007213000802659092010400500028147000104390007309062470030080385400021020780530
034900870805206030906008102050082014080000607400730985608157293100423008500000701
670503209050009063209104700100908070894030510700410308000700850917005630506341020
062143980050800000830005124040980006001650048687300590970006810408519700010200409
009740358254089007030006090370010046605078003900604075082093560006820400403060082
063281000070504018851379206720005400005400062600830005007058000500023904280146507
300504820005002706429708100538940602070851304900000500092130450004270980703009060
080010023160708490407509080830900047000000360040170050694381002050007014271405836
000367052603010804152004600430179080010000573028603900207001300009702410340086705
007000140386140000200576389453600901700010560600357008004705890870090015960201004
600283047480710063903000002004170600700090051819630204000340805165020039048051700
406002000753064801900007056301700205075081004600500018897305600030296080062470509
678051000405097000030204760384010007002003089090026453243569801000400530706038090
045386792302910000098040130000138070873000014509274000050890641600721005900400020
000250064710306052562007010276503149000020680801074000107900438023708096009405000
037096001801030069406812500000473805104658390083001074940007100315280040068000000
050000482007032090024658713285040000470860025693025001069307050032014000500290100
008203500009670408346050702430010059967005001000496203280034067703500904004107020
001080325358027040040630007002940570410008602075061004020090010037852009094010253
001905706837004500006017304070060103365190840100570002582700030600280400090306218
930750006016804500705631080400079600300506012561003700023047800094210060107060024
004596030795380460610007985900765000050000008302014079009470016401658093080030700
004702810060040070800310400470080001001057940008034050702593186513608794086000520
680020340520007869009846000302980706070260134065070000856402073200053401400090020
600040307700139206932800400210008574800003000490527810560790138300001900109084700
705003809000586070832009405200400080370900246401862700009620107087090604603074500
670803100095002000841096023700500680008007001269140357056004218000080065087625004
008730090065012374310049026001304059239065007050027000000200908103050702780690503
907640032603005080200301046120000897090704020036892050082009375501280009300450008
706508031091702406020004090100903600350000809062815340630200104209480003400306980
500007432402300700036940000601005984803690521005001076004589217009006840007010690
020060508040012639063507000056704900704031856200659340000076200900045000670320495
270641083900507102861000045050406008400200679002009000098704001340090056120058497
080700605604195702710600090203500107500406020047201509009302006008064051126800930
701000043208413700500079610340501000827340591000007360109060430600084007402930086
040700300305980400097350080006270198080549620039010700024800976900126534060400800
030009087508120030097803140320005708170608200050012063085200076010570820760304900
001408035905061078840300010060170083092040700308605190050914020280006541407002060
200510034341872056900000020092700400604390002010250689159000300000965041406107095
010780309350000100069123084094370650623908740000006090230094800506831927900000030
400125970053090000170008542310509420092407350007030001600072105700841260921000080
370204956940500870085971400006853024030002009214000085400015090009028040023069007
345600108197400003200319054000000000580104076401063002802040039004056807706938420
005014620006209741140008935003820409009130050720900386568000002290600003310090860
500607902700590000016002700670804095041905300059021864005180209208406031130200080
574093168080041350203000000067402080000910000940306705890600230030529806426008079
029083000053090200078052394967200015000009400014065729090028647030546001800917000
500870903719000026040002175275910060060308710830026594600280000080465000402039007
901000426040300700820496003400973610009018204076000800014000567590160042703542900
002510790410370200357028006504000900190007652206000830028400560631005408905602010
760010043983004002000936507150097034309600805002103090600000300014380679530769001
104850309290643051800000004003010208526908100080024506310000000058102073070389415
810740905900003400043058612024830560000420700007500201200614807008370026670209300
037805920620349070500000083400008260983602500700104830079216450046090712050080000
006010050023500081501638079600104030195006008200780916360400095018902007009803024
031658902260007003007002140016005004942061057000209601090006328075803010803094005
283970406540006200000430809400600308308704500650083901974360120000020000025107693
043700085598040060070050000080206030036080709750904608900800356860392071317005890
290005083000007090040000215016203079709800506580900042060780351158034900372019400
349520780080703960067018000704009002000032470012457093000000107190870326400261009
091850200830714050740690018100000406000068123086031705960270830300000504508006902
670001509200090014901030207007004800062078390580200476020040165056080943094300028
096780201182436590005009680007040139218503060000670005604007008050860072870010400
300050986009402310871009050006000008130576490024918000400060009917005863200897540
063281000070504018851379206720005400005400062600830005007058000500023904280146507
020098500896752431070030002000921000700064089039087624000249308280015047000000215
000864000008072300007935168310000089020509013890041002072400801009703526163250040
040730002270069835300510700402073901706295308509801200603180000000020086024900073
060150709500043200783900015300001074074026900690407150830009046040080307950374800
740803205080610304306050008052309687007000000608725410205930701800260903013004006
510723084803010050700008910100302040200641300437000261954260030300090406008104507
450002007703690485060450001840729000130045029005000748504203896002078050380004070
830420190900007084014095060002503600061902450509080032603008000028169573005004820
860027159200605074000001236325706048080502300900008625602070083034000000758003490
907620053010590700580030106058306942203700000100250307030960270809102630620003400
469058200200300905005402016800004001346209758002086003921875060070901502080000109
830006790090347608064080050070001083543072900001960507009020075057108002408730069
000382005260000103835046907506830091008601340301070800900007614057418009410003500
000006807807503240265870030580000720070248065402705080704002098051389070900007603
970080063065902017083006920000608371790340000016507009250009130009805740000073695
305069428200578100086000500090007850068491073012300060650812340800036000901000682
090001830301580009806320045000003270937265408064008050405806790603970002700050064
070305806406008152508240000023801405005409307140050090060980020091502680052004970
056090800910805702030607590000002106460951287127008000089126473001009000670040910
056007040300025607024310980830040056409752100005008409073894000080000790902071863
600070935904006180570390004000251473300840006027039850009000010000915302063782540
020906003800030010613085942100568070306090824970200005400050090581620407030870650
078001239520008047903072008365020070004010306700500400000030825136085094850947100
206341080800005603403009701600134007581072036340006200968010000124600098005490002
521400000406739502973510000007090004610208093000301680054007238090803401008120057
302984175980100023500030000206590700890367041030000069000009050650043802173052490
059402103002306904140957600937800010020090387060073240290735001000060432300008005
071584260540000080098136407759608000080000670460751920005217040004360002607009003
050032000308076429902010037006290170295007843700805000073680290100350000680004351
000541037351800204407009500843700020090084700005260489008032065160007308034610002
400000095280950036950746080100305069706089500095100840602804350500023970039010600
000480000180300792735209840908020030307908024006730980800600053423075009060103078
750638040000009785894517000140003008005874009038156200000760003321045867406001000
600409080975080003004530720020900000589000264460208037700605098298040050156093072
089000102520361000004980375140509780052030019800016004238607900000048037405100820
059006804024803000080450629073560001510002046060910305240605090096207100700009462
035020040401380050060540318000003605509062430386054100108230060600000800903678521
602189537908003200073004908496308000000452690051060040009005070704091352025006100
000701090279600400301029785000803054097062030538004620120307040040250169085006300
005710962798006004060590700800100000620903085057602319900031000570009820014850693
030409810900500074146078090460053902820090430009204600600010709018907500094605120
345600108928500006600489052000000000730205081402096007207050013003021809104368720
001597000647008250009400371000075600950820107378009042095046813403081020800050700
000930024340050018825104900094500701030640200250780430460002095903475860500300040
108040603045200180000318504504632910702084050000007200950001030806420705423090801
800000090706098400090076385900630801568700243021050906030960020680007130002403569
038004005600283090079600438062900000007050860840136972501040286403809001006520009
306819542020070000800602317003000051085031020402900780000420009297050164008197230
180040903402910008900602410730004280010820300240079061000091030361400002890036145
518290060000301750703500021300470205007000309451932600234708106070040500090603870
176082304405060200000104805050690003069401082048050016020943058800700600593010027
450083071081024690003009500100800900500001006862937154070308009906705300310002765
100000083000540001048013090032861507405920360006405912709000050381004200024109836
129300700050000010037918062304006870080109634701480205000500006018094327003801450
008670090763980045004300708000500021305726400246100073079200014032810900080409207
601907008080000109029816304410002980206490013070350002130009850700184230860003400
092104785040050039075800614109063800400708051720900340010580460504076090007300008
810205974090800000270013056001000089389172400700089203130690547050004301940350000
003900050980300160007815000071063209592104080400209510310002876754000021020701095
650402000480005602001038754210360080308250461090004007740890530039500208005023100
500743800007000514890205003005087120100452937970360458708004300000508700403670005
009702600470690201620050093007105984804920305096300000945206017080570026700080500
130080620600050378009236451080305090060000200403702005350004902016020804942003567
740900000060802540200340679000590203309087456014620000098065030637410000052730804
630800004097340580140259030729065003503000060461000700956700108810604370004081020
003079008490386050768000130632700891000200060589631407040002376900500284000800905
300400650085307120204160003400072500021604078970080032840750301053200090060803240
390010000008302490120704853041857360603049725005000000417905200000400037830270504
000005801075030240601870053908710430132408005067200009209007008713589004506002007
069023187081009050030805090175040029000951076890200010040100500018094030250086941
100970056095280003207004081840100672006720008021840300560400027908310564400607000
068103020102680034900500680601249370005300406340060002090471050014030709073050140
089620007050900610316708294963005070078000043241030000025370480600100750807504020
081207004023800100957040002162450708094610005830700400306580907008030051549000280
420008609080700030105639280590016723702003100030407050010004305358260090900370810
600945007020630940849070003000513280430762509152090730001009460290106008060087000
729130068006092100010006502190004835080573001054001700001320654035609080260400300
100000037003150409284793600002036541401005000608401903029007164010602000840309702
020430601038010005094605307903108560200006034506270008009801470067304010012007803
209030040837015029054829170000302080720001406001064900102000360908073510375000098
002180704080900315490700200100807950908030040756020801805600123009270008060318570
607108000100450280502090401000000318401300009830705024208930040914502800305064192
460030890030748000180050243054090021090516730310400008070100400501080306608374510
601042009083900014009015620926403107000260890830500002702058000068700240300024781
028190000000300086793086421070050008900701540235048107012460009060810205850020014
821000547463870102050010000974031025300090401215700630000187003508009016107006080
600080002080250106294670035407008093108930407002760010806010009500047301071096280
009070308801936500730001064200389645903600102056020000108002006090708201605410780
004691538810000064560830000020008307045023016038706050302069000400102083056007249
500107690406300050970540302032070045704035026800014003040723500050001438319050060
400068103009000082035000740290080450010045008584792631608900210040071005351004809
400125970053090000170008542310509420092407350007030001600072105700841260921000080
950076834600403900408005020109024370700631209083000100804060593596048010000709060
000800264862504001017063900074309152025641030008000009000138097593400806780006003
570062910068530000090008563020075000034100725705094630809003457300840102207950000
206904850810005400050002369470019002925807104681420070300040008007090006198250003
130086000024530601090214503908620015061840309000791006682009004540000007300052960
810420509020059408950000700002016000008034612001290843205601394040080250309540006
070500402205847600190060087846100275500074800020058300481903056900780043007005008
210008030003071024807360015562100000008640150100290768020709081780520093390800006
804103627630080000010704390089607150170508200400001076060805412040302060521090700
400005390350200001201890400106007583047638019803510760085000647700050038004080025
217058903003900008060210570430090802070030609805162300701340280609780431080001000
630400070405006080080520436156090327340061009200705000014970063020048701709050240
050000000603295017709036852300000278078023090021768300090052080037640521502070009
080069753759302000600008400010904370490600800020051900078006534302815090960400281
060038104120607803503409267017502409030000600400080700671300048308090501205001306
980006057000530001615870403450710826007090000830420170094001708008364002201007340
029007510307120068005809070000970406960034700471200390704090052182750009000402830
063091002800320009002560001571000920000612704240050180157043608080106045620980007
500190208120005400096302510659083001740010386000760050480031025035608170001050800
675090013002000070080702940120340069834619720056078031509000102700026050003501600
012096053700104008409500600008413027074820130320000080140258369080009005090600842
900308006028000351036452009250006018800105600610039502500280004360904085704001203
309502000541738920287016004790320800028067093430009700074000205602003070053200010
681300740200061080005807620300009076450736910790008050047095100000084590529100804
350007109040038027710049600004300058800052016635901400270000030081093260500824701
005900800820107436710406002081620903200700050067013280000800745450370100178240009
405100908109840735600790000010007306204068007036210850007001683892673540001004000
027560900409300265300290004090047521205900000801620390560189032718402050000000408
094000006703506900106800003867341529240600007019050468058473000002010075071205004
431650000000900453205370601074293518020100900150080004540020170706031240900460800
609020371231097500857300200006900703000200684308400912182000069700062830503800020
090062004318574069246008705500020106007001000023609007472090030601200078839700602
003079500248301967090040010130586004950030086007004302006017039379400021080023005
160970082008001030470058016834529761006040005009600800005406100687035200300002658
047320006030070402206410709502037008470090061001604057800060095013958020059040870
206873015075649802983010000008000107000708053637251090012080500050107320009025001
021780603006001480704039050010850904803247005045000870359400008070190300002308549
309502000541738920287016004790320800028067093430009700074000205602003070053200010
029500037470239805010400200008020600001043580254061970682190054900000100100382096
904700300061020075800640000486902053002587649090304020750030194240098500000075038
003000010091320540700519038605102974000008020029064000506871390902640000178293060
091060002000187054847009130600900003104378060903200518705800001218034605000051820
001205903058000000027961485079152346105004092400800000004326010003019064216000709
200000160160250093798130520000620010902003056006009372420985037580302001030070085
208070005059318640600050380542900063100003400300645019005100006821500904003892501
006072310024003006038910205093008650807025104400000000301260580040809730509731062
048000036900568000260304587096450012420800670007029040004205700800070060732046158
004300790073800060860947520380520900450730206010009830008100350237605401040083009
480016590937025601000900800701502380250603709040100006090061070103400900604280135
200039007035247096097800430000000703472010000356004200708420005043905028529086074
029076140070300009016450702401008007080734601063500420200000906107260034038947010
069078004587023906000500703004802630250004001803017025400206098038005100605980047
000401050204083790813070062600057800080000500735248619408010905090834076076002004
078001239520008047903072008365020070004010306700500400000030825136085094850947100
017036240250000090403297500601020980870940160500600372195002407064300020028001600
804700609060095708017640050025380496489200005000950070008002361040536000673010520
589016000630020000002500000064035009320791605195680273840157930000000487903042100
000078049451206038700031000206813057000754000000900314070049821100380406004120593
069740510310850200005010048492100056037468192000900000901207060040690700670004921
040008700610070400075462183260510800490020036007093201059006010000035600836701952
790840300642070000005296704100350640400682571506417903004508097050700400010904000
807509004960038072305206090208100700704680013000320908150963407680002030400850600
480010723037062500012038400640801237000654908000003654370100806000980005850306100
000406120090180003080203000750629431104738592000004087905800270017042065042007009
054270003012050090709381000503192086000840000281706940100060032036420018028013009
400009702052137094070804103700048001584001076123005048008500009000012037097486200
640100907007860300590340260005001030960530170401076028019080700050290016206705490
495070286003900001070482030060297310350000002901306708608029100009034807042010093
602850904590003026007096005073510080008607091016900037704302009100070263309065008
500001037904003010103458260017006590045002080006745021450860073600007040730210608
593210006128703950064090132406000703907008401231009000619000240300900010075040069
030024075054103089107500004713040500060015300090360418670002801021059000340701906
570912004231068705408500600023741006105030907704859100002090000000124009600380270
084005370760904210050013400075090040026008507001576092390450680600230004047800023
408061090100240576702050080247005600005090007010327458036004820570802900001609740
078400913100302500043910006350079000080253107019000325400701800930806451820004060
100500800723168900004030612001890003230740190940006708090403070487250309010009085
829043100403071508000060032500087010070100084148390025907058041600010300051930806
002305407470020805069074321610043700305016200704090036000980503001032678037050000
850691470000274005497000006269100040710406008080927060000012004625803719040060802
495070286003900001070482030060297310350000002901306708608029100009034807042010093
002070601371062009060910703040600218620084070810097004156740830000020057280530006
210740005000068040480053726021400907500080214000521083092804501104090070600310092
628350000701962803500004000060590312900126000172438090006849730405073000000010648
003910007401030596690054100030060020140207903205309701710600205869005304000478600
030247900540063700607000342000701204728400030304602507250804670479320050000070403
501000072070129650280504100059008720010907006740016305065030010030805067920061580
051000876679851400000603100006000380005389601183460009007502010510798263032000700
040607900097050632056309700025800340019273056600005100080036090060010470971540063
908700005401006782020485009249007308003194006010020074072500490060870023390201800
091030706304907850008204300409700000500040120180652974017020083630578419040003000
000801090983060010000395286519030062030506140400109700074050620056402078208600051
100030608603005410004009307719043580000702100462081073831026700070450030040017890
800700124607504009910802500709203060080051947046900003060020708402380010508107402
672190085005007294943205600000059700009412050500038046810900507307820009204000108
498001070030094865500803040065008310800010950907352600602780031004020096170430500
490870003062403009007200000500021030620040508170000962230057806746102305900364270
040097300603050490180630025060700943051480072407260000504901067908306014010500200
205387641007940325040051097008020570009830060500170483950760204380090000720000008
014300508000090013532840096003000947008050062069030801400723680870900034320080179
150908607030004200409705301508370006001059032290006074306590420705040903004203005
690530004870492600053700120049870305385004070167305090516003000030149000024650000
237050109000402605046031200370020060610045798005607001903510070700203006028700453
580190472010008000097205680240003100309401807100809340750080900001904705930017208
160309000079102006200070918090000000018423769630701280087014050300050070451630892
020096040781500693600308005098600530015903076006450008004000061100705300937861054
500402806060100034942803100097618540106000308400037900851709003030000719070321400
807509004960038072305206090208100700704680013000320908150963407680002030400850600
001840750050367921000015806509071380003000072000402195012000007005794208784000539
