625048000901020405040000082508300217230800600000256890092680070350001928817902040
690005041010907368730401000045702009071800402060094507009608073380270054107040006
061475903700090154904318000640000508580267010070050032406503720800700006010906045
000107205035692810412035700360000001007060040089574600608019302000200107501783096
304089516560304800800060003073000451002457300045093200419572600206001975000030100
009002563504630901306509000008374050175000430003051078840006005930020014002413890
000102095009500720204930000670809502102075030900240100026301980490020301501408276
460050183180906000002810609600309500000600834803041926700090060235060091016205048
803002970450867100700030540091300784370600201004700000247506890900208015180040607
900038651050100082003050700406500978895740006000986100060804529200315000578260003
907856030024900070050040819701604320468235090000000068009068140602500080180409650
004078902750004618820065000430507200090043170180009503078001425040700061013456000
039006450000090200605124938086000370900300500700968040190785600527630004308410790
000007010709306854536018070090084030083160040604030281071602598802500100005071020
003025008090370200000198573942867051805200947137540002289050030000000000601902480
019003025500109807072605003048006510160250009300801706003007650486502001001908034
030064105569812374041000089100040596850200043974003000400530901600420037390006000
002507491057049280910080000261094705090300602003016040700060024146003008009451307
041832060052700108007010094080470509015200040079180603028000300093028470060351082
600000204940820060237060805350008006001040009462190700003914687004386952006700013
709258304000000200231490075650709001940501630008004520014072960026015040800003102
070210863510860400820090001600480107080021500940753020034100900705908014190542000
803027194040800576076004328605703901000001285180240007702318009000006000508000763
000400600457060002620571348914350706000026001502040830308005204140239007070080903
082613970030200560190700030000580310763009052805360090270030080600901043041870620
904032785058046001020800400092401053810903204400500009140305090209007540006290310
021405609938602001500903800685009002002506040403000570360201780054000103807394200
935001040000308000080005913016572890809403070007180050108934205093257400504800030
387005201509048760601072500005400078170869320860003190250000007700014800000087932
297043006000820710061097304604009258010265007009078060750900400100734000943600071
001043092027900410408520070740380500610409728080600040856094130100870904070100006
920006500087000042046072918060000007034080025815327060600054831053008794470030200
370150204002084090940002301084200603096407012100508040850743000400006579207900038
980006057000530001615870403450710826007090000830420170094001708008364002201007340
140236570925700836030050042080000093004829651591003700010502300867300200000607080
032068000796023108458071000001050082005300679600289004589100720007835900014702000
902173500008000043310580209004038010060005324137062005075000031000357680283640007
800200039010790256269405000006007320008052600723084905980126700402009060600003892
020098500896752431070030002000921000700064089039087624000249308280015047000000215
395602010047310250012840700700020605000406971400950082030500020524791060170008090
700030400803690170100080563201940000680005210970012000592000781418729630067000024
041059700098701004000403891250086000904170200813940507576004930400098000180007640
300800502902145300085030940000901084196704230024600100019508023600310059053009010
603245007000070003740001002085729030006000200004063195851436029402010856960580001
708934105390100020006200903803702040067305091400006072630009018570400030900623750
019080270836040510000195600087069103064510007090020806450900360620054700900230480
789005461000649078400700000074053000006417902300062745908030027617090300530100089
040005006562810390100609520725104030000300075304508061400006180806050002210483057
500607324070094010030580096040700200700960480000248003397820000400009832812403967
001086054380207001604001073200704009906830417470010020500120906069405100130900740
200530600570098132038040500790004015001270300860310904985423700040006800020080459
604500210017800400002413870070004030009638547438700600791250304060001002200307109
948631502000080004501007309609023105430510068100800003810006050790052806200308091
108060700026094580090703062457000010001476200060850347605930021003042075209007006
070000004026090001890370002205780049961032070700519260650043807307060095080007316
809037000340206000605000307090160005080572100750394026100925064504001239970040018
010065702420001503058092600670250308981634000000000964090503806840006050065017039
058040060240081305070065204030207000701600523402053091800030406594026037010078900
096250401080701593001090000010900850059084320043026709005809260000615908968002040
510069040600800075084105069106300502205010680040652700050096820097001450062078003
203600007940025863001097020409562080020080006810070259008704910104209008092010034
395602010047310250012840700700020605000406971400950082030500020524791060170008090
080040935925318406070090018010020703090006042030007801800001327100503689360009054
608200400054603082009018630090061004061300759042790008080100503403586007720900806
320184659900675430046090718000050007700026145459010000695000000204530860031000504
006030401700006008032401700300069814914300070680004032060057040159043087078902503
009041053040035090006009000470063200800570169000810047914300026507100034038496571
000003075720580036853690004000030007075018069492706310007009500930005081580341092
007065103401302780032100040200030059906804000310906874080240091754600200020503407
000009540306000010407001960070000620920060350600012084000170238213098476740326195
720040506506710800100502704457020001009105400060409375034600050900807643075230090
468000791590007038317068400050002104800190305000005080029840503600020817105730049
000009473000000920000203006625084031083150609190706582800097150907040268001820097
000196385361000040089320060030410002140035897650070100020850400410260008890700523
594001230100479680007002010218790000000200371073605802780050423600040000340927160
008009052750124803390080070507902304024050700010470029070061000005290086261800937
027650340090082510605900020300510092070040860542806003008105030704320600201400957
000107005407650139815009040081060000640501890002034671178000503000705008069283410
009070308801936500730001064200389645903600102056020000108002006090708201605410780
305000600008619005906205814060850100592173086080000207200304000840001530630507948
900500800230084567608210300704802013809030056005049200002006700103405602506320049
813700029050903060700042510620001045045680090001520037090138270074009300230006051
006200000021065409900080060478032916230070054605000320067950203580700601302400578
004500060920006730076382590013740089500060002708021340002638900037100400690004853
710403058053200760600508003107680549090734000086000207304850690060001300901306405
100008700306070008000435001671500049908700015054000067813007492000012086562094173
040830509009064700805002004300020978192000403507000200978006040453008697621049830
750001639960305010020409005800000000206703891503698027035080140002534900409200350
902706584040020006605390002873640205100005003004907610410002300350479820200100057
900000082708106009304928160540780031000012900891030704060007000430801270180260495
280647093036800420090002006062050307005280600840106250600530048407008100308704905
007003650003078900451062708710639400509007010800001397295080160004005070100396520
300890064108306050790500801809257006600003028014060503407605302501039607060700100
350469008006380540042000390560903080200006903039045201020004610013250400405690802
005701000070493250003852967004000829738109506500640073450380710087000095260000400
124063800060000100008791462080010097917005043300479010241830906600020080003150720
486000950000610872207589600060805030040200500029031086390150400054703090170940065
035200608100907052270035004020050090596300841001896030302400007010020503607513409
970080063065902017083006920000608371790340000016507009250009130009805740000073695
508000900609508004400931685200307109070602038853040200090006543364790800080420700
709050631060700002302618090017002840023407060004901023098306210470020050030840906
000976000462800793980003061004139056320600109106008070740001600038504917600092030
509307280387526914000980503408009307003000802926700050090170605600405008700800109
821000547795240308040050000389025074200090805154800920000632009507009032902007080
400085732300074800578060100790030521600057900250091600146800005030046209005710068
594100600381060725007000000079200501000091200105807060016080392032619807008723410
060048009501009734094001058008000010000013467300200085125000870039170240076382591
406027850000430001512090430005310708091072506807900002060243975900500020254009100
806400019030729084209100300600840020128067090007300861085030076060910030310075940
900317560006842071070060400010028700605790020092153840020900000060030217037281690
412006058067350090903080007020700613736100900109000275308510006005247031200063009
600001052012004736379506800160049587457810200200050013900102000000000020026735194
600900028420000001598160703800010054056090010300578960760040105904350206035627009
568200014721604300340780006680017029204905830000400507850100940910043005007500080
800001230360050970029734001700020083903147506102800090095300740007400002408572609
563002814108050002000318000630024109874500326210063540007030400350009207406100900
089620007010800640562704819174008050035000084896040000027910460600200190901406020
036401070902853000001000832687092043093045286405038107018000620700214000050000709
014597386037002410009031000046129500000040172108000604095078060362014057800060040
060125030005790062017308095020800910000002056650007324500079283002503001030281509
015079823060208090092000074500030008030082900928406017301897400040300189089064700
071080592020590006504026001902000007316905084000642019039108405400259003065000908
070000800893600402416200009039548106284106597005790300000367205000821900008409600
051263407602700500704158600070020934000010260009406018483672000000580302010040876
106950008054007902002480150645130729007509804901000530509873000200000305013290080
037596008002000006600007391026035004519062000073010205208650103390100002761020549
618250703093000025507104908280070050045001080000045012030506071102000806870310594
517032006640001387000607200850790023060580071074200850790028060080065000426070530
904700300061020075800640000486902053002587649090304020750030194240098500000075038
705000821200150046060802507672405398050080460094000710900004603506038100008600259
810027503307009080004350710502980301000073900973500028700490800231000497008732060
600040300072900006019050402760001900520409010100685030040567000830294561250013794
005049023324005891908310405201400000087001054000000208540290137079100540130704006
207065040400070630061802597000010826803020900000587403630051789000400061180096304
396050200000369547054001030003600800605003024402895016047030108209108053001570090
700100328005768000014329756070600000520987463490200007600402509157803002040500001
509030042018045379400207000850003701002079560097068003031700050005916830084300017
650400001041056002097000564036025490580314020074800103000598207000600849918200600
007060093200973156639400278005008600006720501700016980070030810301280060900040325
080132796032000400009008503270001608601845230043027059058704060000200905027050810
000402630045069127629037040067300085500000096090685700908200401056910802700540900
940200680100900304508314900086009210010008700370521408030107500750060802690052103
892600001001940206040210085000076023006089004080321000008100540174805360205734190
901040657302100804604050201800201703207004185100780420710520000009406078006970002
800600070400700236100209580080164095014970028693852147000020413320018000040006050
020170834009503000138400507001004358657832109080005000063250071810607023400090600
200930061071800090630401807413678052002310006060000083027500430040023605350180009
070046208285190043004800001510960007039004086800703910300620170420300800067480025
008230651100967020320008700700543006060700039040690587005019872890376045400005000
240000007730805604060473980406310000980050431050208709320104005094032176010900003
764038509100075030300600071600807054098204367410050000850761002200003080940080713
098731040300004900460050132736040825004380000080207304140503089003002017809016050
034000107005308000609175834086010503207853609003090002001904760700081040468030201
913080020820034600746920085000000208031208750280507000409152800100073964308000502
562040107010065840080701200731602409058470010000100605806900031020800960490516700
602400170349000862078000345967523410405607900800190706030976001590040600700050000
009540006615708049080006710108050000306009578900283104891305000030890601002070983
030260500205437008806000723408023195309500002500809030610700950004396001082050307
057409012403025978908007045200008103009563007800172094061004050500090731090050006
060215387010780694378649200800000100026000000030062079203006741785421000001397000
507096041904001300000003790008005276050467009100908034740002003865010927320679400
002000657567090018800567294689040705020000046003608100700906083096815402250030000
800005704095010080407628190013040059504001073900753010070032000350004927240809031
240010060610390002005042817100560004520008671480701090050200940802004030304156720
600041000031072456042003018104305080006400170280107640408200500305780200700504861
900063050016007030530940687200194003601200405403600091005080740720406008340709520
500160200802753400069000513900600802654208900020590630290041060070805049401900025
450670009098500732200093600905007806004920500720350014300160007149030268500084001
007805406850010700064027805690104200400209071102080904908051047700398050506000180
007350900380600400106048573710805604050000800908134705800500046071482300540060087
003040952200580070695302008006904007037061020082050196060000745104637000720405061
000809740670103058598004003080490500740508601015700304439000860000046020201985407
100080002786904153020170600000201500570640900214090836801002079430019260050703008
301250907004001360075403200520910004407800529003540070002089701030670082758020090
563002814704060005000541000130025906256800143940013520009080600670009402401200700
541820006087560421002400580230106059160308074000002063703004900000005630956030708
380007016005802004046130508032400607604381950500200400901000063807923005400608709
042037060008500047603408102204001039730846015060003080426089071007010800001670023
000907040140023567000140230407236180056071092310598470001350020003700608500000013
200000160970180054841530270000870090702001036008009715380967021520308007010040083
503071890007048053804300007308526941209007500010400008700913082902700010430050609
670902413041005097003400652090000001000706089834100026400068900500074168008501274
032901084104086050008400016407360091320519078005000600500030047073194800801600039
312609570070203600090400380956002037840376000000800146564920003107500269000760050
162900403000046810904013200070184025200050600851020074016400708098065032300801040
005740090492806103730192600050020086000015402200308051370084560009560014064900800
296703080000002490503908270409600000108024069600105847004800730781200054300479010
005610820120030790360089010006075040849060037001043068570090000980401602600028359
201905000040018200308007009035470682024639700106800004410500803092703416003020590
003060010486132070010400326040023067350870104907500002091647250200000601604201009
083017940010920008290400307741200853000084009830501400008042031102800790074096080
083601200007800006006000800095080010832140957004935620060750349008319562309000081
007001000045287106602030798309708024580304600070060081708003005403056910050902043
043109080798602403000008790087061954009200007530907200906014005014520870002090041
080509013217300490000241076075008030809600750060720040140000027950810364000402189
063050000920403705008170329075804002006002057390065014007000190054901008810627540
300100000602804013904036287000041025567200040420053890000960072796005008048017609
860432507100000800750098430020081700073965182081000050040803900395010270010720340
048109070307520041050400908010000256470210800029385010931042507000950102062070030
207105063900000410604930700309080526860009104050700839103590080006000201748016305
500400090100836052872090340600205934058009620903760000009657810060100000781020465
000060907972005036310789004200000460160508702840926100700250089620090300490630075
045308791008001403390750000000280074470503086869007020184602539000010640206039000
906028753403005080020130040389051060000200800650809137008500324067080000530912078
281000004530200190400100372000814725140007009002630041905080006306090287004761903
053460079704005638082007000008390460305804000010070803906103004837649152001080300
723509418500028000601073000004605000050790140972001085200007054307850902405236001
510080630608430201040005807000000069062003175407000028830754902020390006195020743
410908270807200349020304000100720503370005090508013620204137960709040102030090004
940605000370009068006000204010098007759130840800750016130060000497510603260803179
053670028009080010802930604700596130506010009901007506390004061060358007280060403
070021605020005081915680300000759160691400200307200094109563008700002039530800016
306002504010030607075614090700056040150048069048007051901503086030001070067409102
009020000758643920400900387000350270027004605345270800501460793200501400604007050
800905000009800061000046095016478020007601308420503716680150970930082050700309102
540901026108002007070508013800000070760385190350097640480003500600850034930026081
097431206034609000600005093040057030700208050100000709071543802480910075025870901
600780049100206070487100320003460010002500930741309560504800601010904003098607450
350010208001327095260050040800471569194500007600200030036702010700900306908130052
903000000254986013081057200500401607410760032760530041097040300800193400000805109
290036080003004560604802703100073056340920807025080009031049008008007104072108905
280703401009482007043000208308640570005020034027350100970065040534270619000900020
200009501031008006509164802900003204820097600310042907048025009053001428002086300
986057000127009306035160000008400231061538000300201005809605003542003607600004592
304800950509140000816590340430900070107630009690407135263080090001350082000200710
100006008923587406700001503416000035070138060030650201001905380087060150205810040
070010250501840090940076803065029008020150907104060502019007005000631480483090071
005030081932850060600074059007402830349760005008300490150087002090020600026049573
069308170010046235340710698000190850091003060853604900607001009030800012125400000
450000007062701549090645008020010400503079062014802790801500924070030001940128300
060807210041300070028604905200701069814903050600002301082070600056098027007230508
894051067503400091010038040471800003000000780308004000137095420085342100900087635
603187020900206480820943000004008952290531800560009307006000248080614700409070001
065902000081700006270614835003406510156020974004500083540009300908003000630847009
600405700034079020209600458802500006960304072007160980083206190090010260120903800
809624000250003481700008960300285604125706830600030050083490006070862005002307090
406500010950400820008291064073900080805710346004036070540070038000058400189320057
052000301600310250039256400008093502004020006521087930010002008005061703276034190
650090870043780000070360124000047308184000765067158000900804007720016439035009600
094278560730649020000001000417090208089030007620800945050720189972083000800065002
078001420600482050420000013040763180700005204165208097250000670090100502307526008
160004000043600705008173649054260008800030270036807094480500007001706450075042980
105068200040190307087200051060070900504039716701420005006004509403950108059610400
800045601000086340409003005945000080072010009086009000013764958790352410054890203
007306024968000017200078000020064153100030740384050692432010900875000001691280070
709000058864013007532700614926100000005370000070009105200064501608930742341250000
000004278021700630000823159780502401295301867006000500060238700500106300130470080
407095028080003016530802070000900045394526080650100203045000837002359060063087050
304807600000205903927100408705008000200054869408029510032080005800530042501970380
005603480809052006307080209732014905900200801004065003690100070070520030520306194
005936147703245960090070002104720835900580400578360200000050089050807620087000003
370105009029040710800709650060903005057060438102804900704002006005017084203490501
008003701902147005103009062410002006000070123327961500609034010700506204204008609
780903005002805400059007086020756934397002500564009000003570002000201098278604103
068204031100967428490138607070315000620009043000000090286003000509600370047501860
265470089010200400090806072970360501056120008080090043830010904001987035520040010
007068104614350890030009060100705603385002400700031950020803006400010080876024319
040509016906430050087000400020058004104002003835614097008725040470090625200106970
685000009004289000239460801547006000006357010000040056172638005450700002908024137
047950001098001704516000203900035040705040128062178030009504000053026400120803570
603058007040370000005901403376102090200630071810745600520800746900004185000010329
207105063400000510503970200904030875730004601050800342805460020002000706396012408
009085140058010070000006500906001008842637050530298004690002807087360090320079416
600784502872519634500306700040901076000405100001060300100092057050100203400653901
907320100003095200480600593094010800305780900070049635008057016016800450509160080
156780029009400010004091058603510802080070140901032070007008000490007205062349781
091650074700904020540100098280507010100409006056030742300048507608790430470300080
760409050900300267130072004074003618003200009509761002800120030021007896057806020
804700609060095708017640050025380496489200005000950070008002361040536000673010520
580040003390081502004039608609015307008067050730090026800904000910073465403020079
923001854001908007006504300089100706704089120100206008098610472000490500342800009
006003942397006080020081063054017030000200579073569408000308004548072090030145020
201830750053001008804705103340050069506079380180362000000013000600094800402087936
302900841000200760097804300605413900934020608071009030023700100006008293009340576
500067001001002708749081630456173209803204516000000000960000007087406195010739004
907803501002900080580014790096500013170306005005140067061030059039400670004692008
100007200034168957065400300987653124002014070400000005023700500509001403001395780
004605238620003010980040060007500002500726841208439000301907520800102403002304180
800700005265081370700035018006120804108940056029006100040602083603590702502300060
009513480305040670000786095260301008890072510450000230910020750700905024004137000
216340090700010803090502160930000080508924371007830900601280009089001630050490018
170600008263480051058302470820570603005030100007069082006000030010743860030806715
078000239034809701000327008710090050825700190409005072056010007187504020042908010
080625030247300506003040209408903025005472001910000470701204050804709062020080047
245008973100004000800735204527086009400059026030200108002891600081003502704060380
625048000904070805070000041107200458280500100000781920092610080450007692836409010
861900453005048069490653100758201040006074821042080500509810604080039000000000970
054921300090374002002800019007408003518000947400007285305709008286503090070680030
008549760706010250901060300320174600800206547670000030190080005587423916000001003
060704150500009020007000800000400500394158006080692341042987605650001907879036402
200703084100009730700451206417596028803000640062000071600900857079100062080670010
008070960470020501010800070840217000090384715000500408064000009980462157200931846
003620947047508600960304000750802039000040700894750002000005200415037806208460351
934020600002003074078000902056004087040081090019062400421350060795016340600079021
001072560000040001060350000010520970097068423080039615356200804079083256802000107
000400530085010700317500084908040153524090608103008049800070410059134000701820390
204650910058000630316007000005180360100200070032745800521904080060301549090570120
160920530350801709000375600075482301408050200002000085093540172040018000501039006
943062010200001050005000402400903568036005004809600173000189000594236701601050329
090456078001007294080000630000064001948000026617830459020740000459010807073600542
060803040007015008831200765073006054020094876086027000700062593600001080394750020
120070894083409071000010003830050046506984037049063150067548300351090002000000065
090042803014750060000090050482310690059000130000809540030507400005436971746901085
093860501078005400001270063000630700369700025720590038046003087900407316130906000
582410709340092000900500804000008160809000072001257908298040050160009083470085291
020410060814039507600000413003000004467192805050043690031528006700304159000070082
879130006402060003000007480583076120790002048020309060040050610057090034630248507
098030060600058902054902310007046893841300000006580120060093081102004509370015040
542009060307500800008463270685907400403000029000604000009248156816070040204096038
125700089063901000490002730001870045000100308049205060050007012602509070317428506
260350040753048260000001035017030608604009120009176004370400080005763010140800573
709864302100000056306059008007000695860027000903516027078240500500783204032000081
040500703607004182801260000700003509913050070065001238000036840380700691170409305
800061025061200849040039000083900001706014008900786402638007954079043200200608070
182600397607320000000710062570006020020035674490201080060100058709480100310507209
702090008038021007500870432289600345075209081000308000624980173000762004057000006
096430051037010904020950008014763582062080300300100007189645000000200805205008146
570010406940062080020403109010609830200084615685200000058190203300020540102340090
100085002792006385040230006270900500060574908450003067000198003604000870983640051
217058903003900008060210570430090802070030609805162300701340280609780431080001000
806102000453700021107605940049060005038097102601058009704523000900074510080910004
029730005607082901080100032800206009512090860090807014741320590950600000000940173
390020750708501000010907842803102405000804003249300068087253019901700230030009500
540010020060900730309567810003020160910804072075096040650400090000280650792601083
020530600490006200061209754004693570503007090906800430009062041102958067608000020
480605079100092030305800064010003096609048513530069000040327608856904027200000001
076000350548006097023007004409160802200080436087002015004973000315608709790040600
000809051005204097209031068501927630700053829020406700008002573002708100060015900
056943800009000037084710605027530008430086729800007300170809006640300981500061070
148007300370800501092010478924708103705094086003005040000000600061580030409276805
096824710700050600402100085670030000024078369300601027810490030003200571260703008
084050970030902080510037260000005300965203047170409850600090718090026005341508020
004500706160807093980640005501084960300760100640900078710238509800070001053006820
387005201405018970102043600006400097910572360570006120740000002200057400000024739
050193784000000000041508362310204576020007090605319000100002635507000429462900017
000758062070023950508609430012074000036005004407900301240801009709540010163090805
590463801423000060000502309280690413001200500609104008954020087000819000016040932
002070601371062009060910703040600218620084070810097004156740830000020057280530006
046937251092004000503820000010780690085003107020610438067250010050300789408070002
008209360092005040150048092805007639007001004039586200900050000506190823084062051
150830460470620900300007820807006205960285074500010600031900040289304706000068302
005139086893045210004020005500208049470090000600450302908063500207984100346500090
600307409301090862098206000000728940947003081802040030204871600130004028080600150
005621070420008910180004052240097065000040200879062301508300724090400000304276580
070046208285190043004800001510960007039004086800703910300620170420300800067480025
002701050578392400031050092000020080057480620800615300004270030760139208283006900
502078190017002008030160072301007600400009810750621039100205700003086251285010900
030004829801700546254096301120608000968007130540003002005000007400360010080471953
507096041904001300000003790008005276050467009100908034740002003865010927320679400
506013847000500090134097500679005030358620010400379080701002950240000176063700020
410063080783240156520871400051604008000002003290010500100905807005480301034120005
002100000030687902690254708009305804008040290247060051816070043924036100070410000
003000010091320540700519038605102974000008020029064000506871390902640000178293060
391400720008090630007513090010639007600000014729140063100320540583960072040700080
020718090000005273700003184070090602390200847010007300007036428601872035032040760
701306509530720600800900704000500291305601040194078005486007002000409103910850076
605000290840692510200015030400001800731204950050370042074068329060039701309007000
419067803208000069670300020300012000024896005596043002043900506051004008862105007
004030000280610035073400000308175249401203508002009301006391754007506120030024006
401906027926785340030021009789000000200090016100250408072009504508003970694000103
010540000589003601020690785070015260205006900106072450002050806354067020060230074
302609501800701049100080300549060800620800150081352904967000018405000630038416000
647021039050948627920060400000614000095807002061205708270059000809000254000380970
000970340017302896935008000301200074056090003040537061104005730873400602000723008
195267483304590071278143000000080756450006930607030042703004000049301600500000010
908403207003027190012096048095070003000950072207360009020045080571000904840030521
920084613003206098680009000046008075702050049500417002230040050800795034405300081
060903070385001092090026501003082005006109720872060910624300100038047259000210300
305069428200578100086000500090007850068491073012300060650812340800036000901000682
390004860085762930006800400503001700700356149061070002257943000039105074000000593
700030108086079050403068072907801025160052893005006000008400507300015080541680209
700900005651230479009067200068020094040810032012450600000085700104600058835104906
030506048670042590504193200300600714025400009460930805756009000043708901809000050
080056342030800607076002510008400750000027834740090260060300120390200070217605983
890401602070680903402009087080305700006807510705900000050268374008053091027090860
502873600918450370070201405190065700200080103300010046056008030800609250429037000
040815036800009000950046710070028390380000060001400580020634870107982403000751629
120740308937281564046030712090000120051803900400000050570698201013000000600310470
046809705305400801008350040004060208160240309580093070409020100801730596003081400
408600012020384090590200608950760103030900470160408200000097001789020530015840960
005308107301759004060020050082090370106583209000000586209610430013842700047905000
830006790090347608064080050070001083543072900001960507009020075057108002408730069
061970284800063509952410673678030000035000068009040030086390000500780020210654090
003902040572140003094073020068300014421760000030081760009510236257000009010208075
403006150805941073060050080386512907010700560007009001702105490090270005501003708
030726005150000279708509030903845702065300104840060090090150300380974001001600940
007500204549270081300408500930705000804009756050804023008600400015047092073902605
014078520870006400003401087160903000798002064000860291940025830207030040006180902
690021085208576000030000627004090560009062308316054002781030204900410800400280706
073600520090354700508010306451826073600003200002100805800430600015062487904700030
204071085850040971700006024060320009173805006980064507308009760040700108020018090
501024069000890050948615720000930017000452980802000305619083004004006192720100030
015080706004170203207560080500010369340052108190036000403007502009601004820340097
168347059029680400000000086003870164007060530642503000906004705030020690071956003
020506100010000240974123065046702000107090604200460317080201736032080090061037080
590270130041300692600910000276030049000547806480002300034009000007428903902050487
265470089010200400090806072970360501056120008080090043830010904001987035520040010
900062000130087054076004982097000010020470809640839507063100095410705036009603100
802100000197640003534007096001364800328050007046070050405710002219536000073080910
400980100038020000059703864043509201090100043010340957501037020320091008007254006
801206704000500218000107963483005102576000089900070605020050831097308006308602400
509670004001390527830400900100209300790014268056700040078026050940100680600805093
260350040753048260000001035017030608604009120009176004370400080005763010140800573
007038050401009320093120007005200600070001032026983574048760100610805743000004268
001840750050367921000015806509071380003000072000402195012000007005794208784000539
150040200780902654040037008560703921031050006900061040410608070007094065890300402
008203500009670408346050702430010059967005001000496203280034067703500904004107020
270008316400329857000070920904507000017006245306084000093040500082760039040803170
020040063583967102600008070802090017004810600069470208098051700405009086006084091
103502600800070104904680730400230906037496810209000500390160057700004060041750290
903100005200057980058304102045800006801003407700541390032908004480706520060005039
921560070308000651600810040102000487030087006860409503019006834480200700050348009
891726430000000079006039000120643790000075010003090506018007904950260387637900052
007098560093050248586040003238405719001000050700012036019000087002076004074039120
506000743013608025900340160342009817001782004008100006000097302230856470004000650
000000135210079000063058270050000063098610450000830001846590307032046918109083046
096430051037010904020950008014763582062080300300100007189645000000200805205008146
083004156150300078067000329020915804500082607948070215604007980000800060800200043
906004208813072004027600103038007040705200609600140837080053006070406001004891720
463917258080030007007400100235090000070043521010520079740160830806074900001800740
900073501030408000050009083195047630427060009380905170010006028869100705200084910
410600800200370106570048230198004307000280914320709000905406701002801600801007402
296504730087309420000007100800620010034000062601945870062058009948030251000402007
970102050000007930650893027436921078500036410009005002000014003140079080095268040
000004278021700630000823159780502401295301867006000500060238700500106300130470080
954070238300052009070490050000009047290514600435008902003027800728901365060080020
005301029638005710020076008006109472049207080702060050067090340504603200100740805
021389046030000200604107905002040018160802073340701600407000092096214307050908100
800090726005000080040708351000072100500040600084006203396587012752060839418039060
059047600400020710107803420090004080710030204046782950805209040024001870030078092
320981546450026000698000021260190780003054160004008230030507890040802600072000450
700000000020304910594178362200007859809021030053096001905743120107600590002010006
307104208025390104009780563008009650954017802073820000580003020006001005002068410
060001800008964010914007362000003670670100500153786420080030250726410903090078040
562010003094378562073000901310005027028097400700032800406000098251809070900240100
279000405460205008085430027520103879040900301030058006004607502090500783857000100
100300502400208963632900807740500128061080095590002670056040280004891056007020000
045003009003980600802056143271608904030500280500490700008000397069840502057329000
009700010047012956023096040086047095050039860910050070601003500435901087000065109
418030502005280001003150870034098200800071904601040705007903400040805197589010003
070498620100000049894602030900240063640070108510906200038109007700004310401035082
460850019079002800100063470080200051604590003052706940796005000040670390200480567
002640800700001002354080107493068205070910400501432079100024700000800521025176300
105809034038600950006150800580290713900700020067041009602400307009562108840007005
809004100350018074004590860648750091100063750005080006520076080400809017980040602
750419602900060008032007104826000700000748063340602805480026950009030420205904080
007105002340007950506940310030076490054300071902450800700060520289500064400792100
107290004030500100605041238200100000304976850906002417500817320020009740763020900
310006407040107900098450012405000006007895034903041805059060720200019360601078500
600840020015000046208156730072061003896020514000408002700000008560782391309604007
280156009130000685056080000671000020800760090305248060710824900000039410904517230
375028410040103075010050200907306800063870001001500736524930160790400302000260900
009104068207089045048500900610950720700003086082047010005706400071805630906020057
051083920000710300738002016043001608180200030070834092800309250010020040592108760
506497010901002704070005620157023080008706090600040537003009805015270900709038201
006805409401920603005001000900316085600592007503780006752103908160058004004609001
704600000030800650509712438025070891018253006006008500001027004200301965893500002
050007200034296050209003416042800071910765302060020005680350094005608700021004508
030726005520000796706905030103269504074800309690030080060590100350648007002100650
104526087850030020003870540205397610740000900000142758010980000078260401932010000
010025783060047010278031046009018627000060035000502194701000408800054002500783061
603510980850900106791308002400057001267801345000400078109600023000029010570043009
302009005019350426600120007271400308004037600006510704060005079020763041457001200
000007029127000308809002714570498032300625497400100680700086940004709800008001206
036400012014823560020001004070500090601382050085009623203058006150060238900037100
826510794000602380107080000200900408783120056004708100008000607300861049962307005
150047829089060300230805406008013002501286043060004100004708600810000204673420080
530249010002007030100500000008750420065000893320986170870060901601395780259800060
750419602900060008032007104826000700000748063340602805480026950009030420205904080
840502390000400000903618405400985000306020508108004902005209800639807214284006700
061097050294651807000000901700980002030570019952100083100206495320040006609015020
930068402062009180070210600253680740000072010704005068020000036546820001080196024
207610954050098730063007000500036001670004085308701260730000002806472503010065807
040067003208140006070298050030001047005029010000380062726915804300076120081402079
875104009041760580000080107500972000068031974097000203650007090402693015700400306
840160900000708020000403710712309500650001409480570100024937060960085347070010095
160070090975030240000915078590760800080049003640001759016304080359608407000007530
058607091900103700270900035703000024042735060090201870087302906026070000500408217
003700060289610070610000205430906700000073514000002096804230950075489030392567800
006000004280493071304680920800740006700001590691530048030150207008000103167328009
901008020507260300080057416030172900756300100009006734370600040810740009600015273
506013847000400090743095600985004070631750020200138050802006730450000169069500080
006304500059170248014020070597648103060200800003010460108460005030001084605830702
005010946006000730097006508030564280762031090458090300203485000074020053089603004
807109253003075080520006090042900805050402900076801340034708019200000637015693000
060004080970802504084059037000090326602080005531426700300040650450130009019260840
000052306070001008032009754040093020268410509090500841056934102917260003300008900
000720059875900100490016807008204901706080503109370080204801090080602314051007200
004970201009403807150620049592000604080504010013200070001050486905801703608300190
000820690260000300318679250032048905905200010001390806820500030590700040070932568
900317560006485091050090800060021900705840020012569430070100000020050374089274610
206341080800005603403009701600134007581072036340006200968010000124600098005490002
002740809045090023809235417017054980986027040520008000001003200003070568050000371
901050206027013459050028173573201940080300012102009700010030590700540300045096000
040509016609720030017000900060097003904002007751843092003965070470010359800304260
609070080180092304300850960500083409908420735740500000250900607090200050430165098
850000027907206403030050098090601804080527369060948002008069700300412006640075030
418030502005280001003150870034098200800071904601040705007903400040805197589010003
004020190206983400950004082521060704000107208308045010802071060105600847007408001
401930500375108400000004163640000000258410937000853240500601700900007051714305690
001803296390000018600519403700058000008400960106002005214386759965107802000020600
000000016164025978579681320006952000057010260900807003720030601005170032431006000
090041007610070328080036941538702610470160809060085700821050400300010280000000175
061030804500104062042760900014903207050001690039620100400016009183509400006040518
620087014530102700100600032706800291301025007002706050067400000013008079090271368
004007002900832174702509000690400701000706349040090006201974605070065000450183927
000046900009502040405739816040000630006023198938050407080004260300290584200865001
760093240005000760490687300089050070603809521007026003370165092508002600020030054
705000821600720035030405709569804217070050980018000540100003602307089100006200378
540078062023165094600000050030609501108003006405720908050010689012856000076900205
000750193159083040740900200204000030001320076036547012410072069698400720000690080
000000495240080730009340218064003009013760804825094070450001362600452080002030047
090065020086302907407001530052104080809503704700080052073908005900000870108457290
640930805109540067758026000010700902290481003003209001000090050460300098907615304
093804060400600870060570093040000358002346010070005602900263080000150926216498507
874090260603204900000073014400150320352706009001002705138407092000305070045020031
003500080064310205902046017507180609046090500090670130309062850005031940021008060
065000102007153064403096700096874200800000076170560089500309600030027001729600843
050000000603295017709036852300000278078023090021768300090052080037640521502070009
804760109050040870019230006043082760508900304002370500637001945200003000400657203
095263418320009607684107932050974260007028503260000004000800325002030100000090706
600840020015000046208156730072061003896020514000408002700000008560782391309604007
508209710924178060000000029009017540406800090750403680100060430602084051803901006
000057000794003602050960008561300280307010000480726510035600824040095001178402960
000203618391070000620540073510480300083100006009056841860012400102030069005704180
071000005406278090283005740007354810508109007042607000700830054800740920014592000
016200900235970801000051706150038600080500307603107580002003460360009270408625009
153608004807004536006370108004701080030580060010000759042807310005143002380209600
800045601000039540509006002496000080023090004058007000071684253360972410084150906
070029003620005078305870290090600700063791402701040069047300810208017006050084320
100038092380060507027054008290000803008325901063091200002000436430210009970483020
000406120040320005060105000380217596706534812000009047402900670037042051019003004
000083420903054000428070000031508046240090800089007053004931002310842090002765134
028000059753080002004605300902500070831074596540300000309061700010037960406950831
900608520203097406008040910030004001700065200602039800106900702009076150457081369
400930007702460938390800006060003504015040803034518009503100762620754380100006000
196804000050637021702905800205063498008702013000400060507341689903000050600080730
070041892680023000402070305240860901008102003590030206024700000007280654056310028
280517406176000005350000007712046090000001624045003008008175300507209841061008750
701305268050976100403000500008009070500800319349761005000007050017603980685092730
070420506980015734645307080006004008001000000057180060504800023728903015309060847
164000000957024108800015470006070520015496037408502691003047906020150000040903080
073954001045010097090307452460072905517600008000840010704560123050431000030000064
000970340017302896935008000301200074056090003040537061104005730873400602000723008
001293560945078100000541700324000805750302016006904073007805041093107000500409300
740051639265908070000607002823005907050012840001080056687020190000004008094876020
700002958010967000924500107600025040250001370490038015502310794146270083000004000
000080246416205030208604100750800000604971523090500807003002601065310070120068350
460100059735000010129300004082961405570003092000020063850000620207045930690218007
307906200590710060000000500005007684609040012408021000804570130961402758053168400
203000095405173200008250014020005960906780032380602500560907003040036159830010007
800000050107500489000002060560279843079038025080000070050020790004985236092347518
102983504305400870004700010890302700000007900753809426508000600420536187600208040
061903070000086910040100000507800321082531407030792580005608003308009760406310850
501306024620001500400805607907280050806107009030009178102034085080560740705008300
040900160706105200038206057803000400009821070670304825017403680502009704004780090
710080650053900100604300070040750930030240060970100020490020316102604090360591284
021374000937100080054090013089761240405003000210008300063219070790400630108037009
460950803800006904709104060106540097005070108380210006604327080078090031090800042
915080006000476951047900080050092364020065000896030105509600032002549600064300097
008090024912034087300208001400000000780905236509126470164070893005460710200809000
060741080305800701071053040003405600407610352096002400650027130700008095002534007
370021540950604000002080193040560008506208739280007600120800367035076000600012085
500900860039610405680402030908064700063580094400020603390705010800290070107030549
004020500865093420200560930080400000410085703530270841027058190008012300103040082
005740090273801406490652100020060037000037602700504081540086710009270064067400800
095004006002907100087620954050000740610475023703208010900082407500700301874103002
918570603250043180000008500000490000107830205893050476005014962020085700631009050
010500402053629180680001009095304600308060500006057943000003790879100006034796015
986750000240831007010026458530140006070008501061070200620507849100000370794080010
690000070800793016701508302478021960500000000009456827006902780934087250080030009
021480069930200180008019020006907800200050090594068273102840906050030010803790450
602587934050003200740001005180702450009005760305840100001200306267310049500079800
104073090002045100980010457800124060006080314741030005507001040060052071019708530
020000957309270000056918034000704609604002100973860540035406090098000305007359408
030004829501200364428096705360408000142009580870002001004000007200960030080741256
000760208726010403801500070100902060092008107603005029260391584910057600430200001
001800542604025000250940067013560974006309010790100003360018250542093701000200400
680200005049105823020807010004396002012080967906700040460023501000051096195008030
038926510052010300900005042210680705045100908060590100590000270024760053003251400
072030000508000020001590378080105004314700590200340180803014769490863051106900003
005009007190460230203708405370004609910602043006103080730241056004900300801006074
780016090000070103004800067960182304000050208805437010070005031510390746038760920
603058007010390000007602403835209040900840025740561800420700961300006584000080372
003065170006043000000870963840700036025094710307586492008000320031627059090030007
050609000000501240920430610084760020039040000276000053312890507690372004847006092
000500621201086573050072008030600084900850367760304210087200030690418700010009840
145038706003650100600400805057219603060800052902003007006102098290080300508306074
700601023001309000600052091406528009830197004050400872084965010960003240300000965
001023489000901750005876310910057034030219560050000001007060198060090075129080640
345600108289100005700859043000000000810704029504021006607010054003065701108497360
004000020010000836685123700058000000192700340060948002537094281000582673806007450
000960001090380705603175400807600042340520608006000913730050890002800350985407120
240000007730805604060473980406310000980050431050208709320104005094032176010900003
000857030370000400198063725534072601009015207007040003782034006600200870001706052
080509013259600740000482056096004070703900480010350020360000097870290164000708532
061007832395001400000364050240036180103500706600018003902640370070820600036070504
200080517007590003054701960841070096025900070973064852002300400510602700039010600
800000075009806031173459006000501047641700803350680020700045062295060710006120500
942730610005810300300600057094072501500008000807501294006940825403207109280006000
973610400804759123012008007700004030006003080005127690031000805050281049000075216
360900740720410836080736020016040057840007600573000018031570062298060100000290004
702401659043856000100079804207364001000002746000507300000708910319620400408090205
500182370830060040706040085053078614200016000670009830100897420309024701420000060
007003650003078900451062708710639400509007010800001397295080160004005070100396520
050809134438100026009036000840291753090070001071040200080900502104705090960082017
876340010009070004500109673097025060601930452400600030200090746064753200710060300
508904102090002085400018709387405206600800000214700590901000003803159607000683041
003010089010294530259030007931028750602400800504000002008000325095080601126045970
750638040000009785894517000140003008005874009038156200000760003321045867406001000
130908640000065930900743800094806003573290000800370290359000126648000379002000504
004000020010000836685123700058000000192700340060948002537094281000582673806007450
130000052002009100040201390280907405075042809400018720020870040708020036564190280
000200008318007042472019030907062010603981520000073809206048000034796201701300006
090020100080009056157846092410260580700430000032050764508602000026790041070300625
100507003207001400034082600419070368600310000000864709860450107703196000041020536
605000904000462500304907860092130706701084009530096000203600495100300078940508603
002100000030687902690254708009305804008040290247060051816070043924036100070410000
501024069000760050936581240000150094000493680405000102254037008009008573780900020
097802050030451700180070304500040062264795108003200547759020800041086005800010090
090360275602090300730240090870039620003102950021800007017904002009027810280010740
160004000043600705008173649054260008800030270036807094480500007001706450075042980
020014097670030140045780006054390001017408630080070409400000200060907013738125904
009002000206009478308147096600094582720853009095000003502301904900408351140900000
072048010306091872080700900800060290039012040104970608210059000068200059090086423
609508437354092816071403590000031000500980003983050004000000301168070040430126700
672300508100780306400260009020910050951007264060402001030620415540170030208500090
040712009092604718016000005904007851067140000100803074653401082080030047070920030
400759008150030074000180200045961782019000003076000490934517800500006139601800047
300890064108306050790500801809257006600003028014060503407605302501039607060700100
500200734000010820623070950082154307340080510060907402000503108750800603800096205
690005041010907368730401000045702009071800402060094507009608073380270054107040006
000002030002100740300490002230541600401360208576920000859670124760014080000859370
075004020090200457140587600006900540980035700054078103060102005508069304410003270
072315090018400700903006200050960428409000060236180057890537640020041009300090071
980006057000530001615870403450710826007090000830420170094001708008364002201007340
240907180000003070873052906024706850009030402180520300407019020008270604012600730
720403580809526107300000060062070943007064800085901600510042700000109008294007351
100005460630401500507068301006010040005674010214090675490007056800009700750246109
009530800021760090580010230170200369460097180000680054012800047700020518056174000
016902570049503600005060092098050000000708964427190380004039056502010009960480207
200030948096042307840950000500290780620070400039460025900320800451009032002604079
904570628201048397006003005500100070007065000109430086093016800600954731000300964
000397004607208100080000020014803597030009480079524306700486053428905670000070908
609000070003070918800095006096010807780650100040387209407528091001043082028000743
138479500200100004500200319901000038003891007085307940700012060810760095096500170
003750001807014602041080509000605793406200000395108046030800905720531004018009307
524030160008051029010204008970185046400900015065007800001460000890013250047500681
090508003701036205850002790200790061017600020560203804978351042006820007020000038
139008045050007800008594603023045170806700502010980006401806000067009284500470061
040017009029400670067908305000062010081049760632700904200890507470230100903070420
800003000009652701657100329740509210095480670060020400006790052901200064504016900
896700000273804650010306789000403978004270003708061520187600405302509000009100030
170600008536720019089403760910340806002050900005067032008000040020184590090506283
900500800230084567608210300704802013809030056005049200002006700103405602506320049
080001902014280065520603080100000039008730401345198700001065247406002000802907603
283970406540006200000430809400600308308704500650083901974360120000020000025107693
105480030893700004000390185580900013920073050070810609700109840409008570610540002
150047829089060300230805406008013002501286043060004100004708600810000204673420080
005032600079106304206800051750420063620073005003600402082507036001300207067209500
090065020086302907407001530052104080809503704700080052073908005900000870108457290
053600078000250309291730005630591704070020003014300906060072430307065800108003067
507210040030074615406500009780690000300020186201403507004057030003800052958302701
620087014530102700100600032706800291301025007002706050067400000013008079090271368
107090800803540709000000300781036950642057080300081076218060000070800501930714628
310006407040107900098450012405000006007895034903041805059060720200019360601078500
145038706003650100600400805057219603060800052902003007006102098290080300508306074
003706500709100048120804703201400080584301970000250310497512836000900027302600000
271358064065091000080027315608079123002046750007002000706080500100060872020015030
708006502006532780030900406340200065080050073502080901009160324054020190120709050
092104785040050039075800614109063800400708051720900340010580460504076090007300008
105286093062730451030100080350800049204900870009010000490658017671002530000071060
021469075705012903009000600004086130080034500213005406070040019198023700400071250
100024380023950761085300000040009870230087104078046030010060900709413620802005403
042060870080407050170039602200004538804513200750008100507306419490000000008941705
281300907005760002300029054009032075560000021420651008090500086100276009652090703
020540601005860920801320574637004059008003246004000137016050092509000008702006405
805736249020495308490000600500029000369080401170003900007900164050060073084301502
000000495240080730009340218064003009013760804825094070450001362600452080002030047
002000609581960720900752040200601004800240031314090206023080065690400017008576300
605000904000462500304907860092130706701084009530096000203600495100300078940508603
037810004285009063000052078502073400370004695006085300050200046820467509061090700
700100080492380061183546902630059047279008000500673290841060009357000800020030000
863100509100900020200387406570031208081020040002870035405700962908463050700200300
097802050060197300810050207300010065146275809009600142724060900058021006600040020
007038050105009360039510008004600100010007039092143576043780200720904613000002847
190500406047896001300020905400602000208910654065400120759240800810069502000005709
568920041300408600020500097130706280706090510009035070850600130600351908903200700
008006509590421070034090061082030690053702104060018050070059438800640005345100006
890042053030801900104500802709006030008210607061075209042900015903150026010024008
600200010593000207102000690000000146210800379000036825460527901750083460309401750
902000060070612503060009274046721958587090040291840030609070005420060317000050020
041059700067201008000603145650028000709430800284590603936002580100084000470005230
200830509507926130390500200000718005750469021601350007003245980000000052820697000
200360500700012463963040200652170930070030150009056002510403620304020070006590310
006000080007831056280960031002003167310726000760085423641300870500248610008600000
986057000273001906014690000001900265097524000800103009302406008749005601100009542
050000460302400500496000238907008000684971050100064709009730010243819075071045020
462078950001254080800000340010065739903001000087902015038029000006500804540607123
500870903719000026040002175275910060060308710830026594600280000080465000402039007
070809006009060700106537890050190040018370905497652138023900401000003509980710000
009070026204609180061208004675000010000867590082540670548700031106085009000012065
920006500087000042046072918060000007034080025815327060600054831053008794470030200
148007300230600805065080149681409507903072016002005080000000700096710050807594601
002000179037215000408976200503020000780130500009057438064501027805742006270008900
005760080068400702703208506800006000406089327039170408054801603001600040602904810
000349265903060000456200073390700020570806490004052037005090640080423059249005300
040815036800009000950046710070028390380000060001400580020634870107982403000751629
063020800054170930980064200048009612592706003010402095605801009030007164420000500
090400510360518290507002300059760400720943050100000679600084005400370062931006780
094000630001970240503416800108759060035200170200040058459032006080507413010080500
001008940830790610904160800058410069100050200740680350003570108217003090006021073
402073500570610034003050207849067100600001049200094670100805793305709001704030050
005800001384170209090032086040718690007620005826000013008000927079085004102497008
705490000024008017009207453500830690160904730093700040071340529400070001950102300
040063907730002060601740250010079025563201400009050301080000706050836002126407530
000209580978365040025048000067430059250006470409520030502170396601800720730000000
809624000250003481700008960300285604125706830600030050083490006070862005002307090
600904385080206900001538627000029763030061000769050102000382090095647001300095070
070040009061209030459037002000780190900163050012405783726000040145300078008504021
005860093912700804300014070090540200254000701100278940680305427500020000023087059
000469032208053060000218407600500903420000518000301726930100600000894375870605290
025008096079605002300907508902000065603290000010586329190002650200051904540309080
067518402180000500003407061612009085070106049030280010290854100050070604740020058
082070316000006074060000950658742003030809740700153620509630001100400067876215000
856034900327000001409572683060007004780419200090028100000200010148000029932840760
006840297097306005024007003015060708609718500008030019073680901960570820500004070
002076900749015680061802050906721803104608500820050106000563090207100460690200000
009530800021890060580010490430900216860027340000460058078600034900040127014279000
523007186700238050800500200930700028065083410400012500650000340000326095397140800
090007000070259640621300597930715200000900030756800419509002106260590080003670902
005009076100400209900008514008001432020306897000072651650104920809023105003960700
010540000589003601020690785070015260205006900106072450002050806354067020060230074
670391048800062701190870002008710006300908000701645903517289064006007200000006017
640300712520678030937002060063040080189063074450107390300000000800930627090001803
040000806050364001963801450078620005500087023306100048700506089239010500005049307
809257341053600700070090000090146002006083900108020650002805407500031209604902185
004269178020070000078400003030142789201000630097683500900007340000916257710004096
008601370032857016107300258894005630075043000320068000080000521200500467000710890
004872065061935007020000809390050018180090204000108900508243090600500382273609500
050087043080000906647390180070031800009408007002050409798245630524060700016879000
800257009015006403209400087021045630300860200058030094197508340002091075006300900
905710028008900060710068530301040080240870095080096210154030872870024050000580100
700390605504006001063000082658070309001603007030010864825130006310507298400260100
706103052038564719001000000089400070007810360160075908072041586690300027010620000
071080592020590006504026001902000007316905084000642019039108405400259003065000908
800400300359602401001580920008006592275039104040105000014060205083004709090317040
004070009007401085608253714005007000001302857703900460852030040140008973009014520
860002701000090600937615208093080056418306072000109080000001560189567004054900807
105000030308021965002593004003900570071050490809467003280130750507040681010870000
500012300201054800098060215024583790019400500070100460080795634046200050053600008
200708130178432000009000827790084201000260908824010006602809710007023600901500402
040103750010090080000520001709432508523016000480000302697000820054268973030759100
097431206034609000600005093040057030700208050100000709071543802480910075025870901
953004080080630420002087309430050107090041638870960000304890200009016004510400963
053490072004053009096800430965001040700635291002900500630702850500084000401500723
502000190980240073067193582700800400008007015016900020870509041000021758125008300
000526890027830005685000230109600700200908103308710056804275360700000020502089401
501000004004197025702045901076080510300051460108064200060510840245800106003420700
005024360360007024102306070604700035003609000507103689409075810201460090700900450
398000070006090450750268190401000082080174000075030014040387621820410530000920840
140523608800407103730000500204039756307005009500608040650902400008054001012080935
802790001047050092050320740180479500500008067703500180409210870378605019000900400
000740001201690054340015090057000063000050007934867015705031400089070032013082579
308041007605070403040830150006089041700000560124765300960050034470608010800094076
200064037370100048064703100612579004403006079000008201107005000008031756046907013
841209650205086009390457080400000836500678290089024570150943000730000010900000023
543261708020000035800034020397140206000020013061803004002408169915006040080910300
054167900180439576000280103061802005023050010009710602030004201000620830000098754
803061029704390150010004070489615030070080600200030891092043060630102080008070213
000506720564000018170438600207640531050087000096003207603800095019065002700920063
572069413190300086000047200609780100050001800000536040900670024026900070038254691
217008060046002005000746213080437602679520004020000057700803500060170900831005746
584000603006480750020956080005807100009001004132049867051600970090308240240790006
200800517458009000106002000000291800920003760800657309612375084500026073390100650
700030046290046708460705301040570832315000600807900010109000003530600180674310025
000008950001563047350020106514632079789045002023000500100290368000056000968301020
403810005890050120010603807957204680000001250120069004041028500230900408080045302
000657128167200059802900000901060030300710900048390715589030200204805600000029584
005980000000540392090260004932800006580736209704009000809010723153070960076098450
029730005607082901080100032800206009512090860090807014741320590950600000000940173
000076082071500609000213450709062000100395070025701090964158703800029000512600048
460780301105492086007000020300027908020004157781059000006240570200503000543006812
007060000501804702064073581040318200080007630793500014070430050450001326310650040
000005027827001350015274600043560980089007205050039040071040062230106070060028503
057903102018007040009850607003090501490010070061572403500100026906705014032604700
302090005670210084500630072867001059005700416100956000098103507706520040200008091
498123000002090301703650000200000908849376210150902004021730846080014003000869002
001030076007064391360780000104008023080492017600307500000070204028946135405820009
107090800803540709000000300781036950642057080300081076218060000070800501930714628
000809051005204097209031068501927630700053829020406700008002573002708100060015900
058040060240081305070065204030207000701600523402053091800030406594026037010078900
063800200240500001100432786400080607007301509539720008002070000900050872376298045
000208047005403180478510302304900700900040830610037405040605073090300204023790018
874300601006405700010706403580043200730500910060170035043057180020801540150004007
089003000020504198041609270135806947008300600090740300002460701817030406060150009
005701900070098531106030800348129057500007210017503490003950106000072309904006020
008640350456003790301090002710938624040102875862004010000026000000050287127080040
428000970070029054005174300230067080009200103086410097300091846960008010804650700
093004008708903150500108703820005400030041200054079381316597840400300016009400007
009004170571026800080107560020910007103065420750200016006850034900402680847600200
720403580809526107300000060062070943007064800085901600510042700000109008294007351
540900060087014209619075400290700040100800620700501008800157304450306872003080506
094100600350240910006095204740823560000010420521004700400609002905302840670001095
600574300058103062097000045209408510806007020003206907100300270084720601730601050
003260005510009040904510736091000402047650389050942000000400020482103067105706804
700100328005768000014329756070600000520987463490200007600402509157803002040500001
017036240250000090403927100104060820820790430300800571532009604098600010041003900
609801305430965010180032946000407102210390000058200490071589624502000800040000700
790180462254037810100409053920803075435016020810950604000090000509201000080000097
038060400504710600060043257006037015059600370307450060690170500870306149010500030
080624073206095410493701005900256840528010706001870092000007650060508000704160000
160879340548632019937004026016000502205013068400000900000090653320460107001080000
450906300390128040018000020043701200000050794520649830170860050635407102000310009
293086004018070569060100000040000800050410723701003456004709210029835640000241038
500304970649107000000005100784032600001946027290018450020000794478009361900000285
500160200802753400069000513900600802654208900020590630290041060070805049401900025
003200047060981032251700009507003490306519008900007310008390004609048700035002981
800090457490630021510470603000040908140029070060800234680751040200000165051264000
700064023008003160356092004040085906503006210602730400860020305070010600204659081
000279805008056070009048032810705026070604000040020000080401503691037248435980067
839200007107060835006837020000506010004071059070000046700150690365004102918603074
020098500647513829050070003000354000400089052083021947000965204260037095000000768
500070400610845007078900651750600840043207900006504703104009306025460070900301504
305001609700029000190805327063250814007048006840030090409080160031600000050712943
082130047036082000709650800050063004067541200940807056000275400604398175000006030
003900210206108000701452000004563082612800070008210600809720401107304500035601720
741000809360100020000600341073400085620005904904821073005080106207510438006030702
640735821701402503000900000900281304402576900500000207207040000150607489800153600
480603512039500600002018300000056403603900750754032006006005130340209800870301209
600705100850040976207690080400020308005910647186074000008000051531867009700150860
005107900184200305769085000207916843498000010600028097030600702006002000970530684
620087014530102700100600032706800291301025007002706050067400000013008079090271368
400003506670054082580710030907260800000400020824590613208005490045089067010042300
234870650050000007060215038020081079517090040400750063073006980080947010940008720
049206578006509320052001000020390706900007100437062980600825410810003250270004003
708006095652981704013004628000309070400012009029007051175020943090000560036400800
200509008418070950006480327082004570000000830154830209040052080760008090823900715
030010042400060037100437000803759014792146500040020700204301056075604301000092078
785023196140965007006010020000700500609051084023000901961508302000149058054200700
340098705197304800506120900001000348030810567000503201803005072020780050760402080
200087004907054020403100897008630019039470562506010000072841935310000078800063000
050073126002000900093060784007659301346107095005400800439026008008310670701000032
176059240000730000504060789640508902200690074059007060403971020005080310760005490
001070830590061024780053060010035609057612403046000002670000218020586047408120000
693407082010500749504082031008340006305060827001070300100800060400793215030001470
070105090005749108301000050983604705716000084540908360604090010807001649000462003
014058020000467198897023600200045801041009560080001439000002050070394286400580900
518290060000301750703500021300470205007000309451932600234708106070040500090603870
900058401400900802518602003095003140030490508604105300007061209309784015106000004
060741809087600540094500070700019003410008907609305018071906000045000621800124790
280603741560007820030400090658010472003046908002570300046701009305904007920800060
256807030000602081083950006002140060048063052617508340305400000079006200801070493
510006002000508401934270065106750080093602510800010240760420008240800170300107604
010700083508091760703806500930687154080900070076020008264170800800205641001008900
307008002500402370024705106402063000150074260090001547006007809901006700730289604
100509000873204965090060013238041097005007030900305608700000029350170086640983050
800010750061075008207480610000030876108692000436050102600300587513708024080520000
003200000090305021251807394400501200025098617017020500069080073000756902872004005
050300012780014000063000870674090283890003700005700941046000198900800506210569437
420300060300086704689704500910630800200875149500010632006540070702060395000200480
067005398050678201001903567076200004500480739480730050025060003094017005700500400
001702950795360002008100460180076005030010600076039128813057290040023581050040000
300790610726510480001006700800930261209104053013080000108009500400050376605247008
205467931900308705036000000602783010001006309403200076028634107300801602067000400
200010000400078690891540327702305916106000400080164070503090700970602158010450009
870092140004381700612470008095047836060000271730800050006704000029508417040000680
602189537907006800081003602825307000000965270096010040003004080409038126068001400
000790008728034109910080703007510302360940017092800600840020006079050231200367004
901040657605800401403060902100603205302007894800920310710290000004705068008410009
036049508080020006052063790500030001300901087917082053240070360693014800000096410
068090405000020089090864702042970568609008027870000194006030001407180906081009203
905040003600100890800096210060280950527913006100060730040608020050420007296371048
308176025090024103210000008034901060170060009900407351480605702003000500709342810
037002160400001050018453907382109005790030010000025893903518740870006031001007080
960502070027914356100000009301705002500620801092001047719200060000103720208406905
800010004641309205020704108038040700016905832090208600074891026000500083582003010
250900007060830241043107900035274800472080003000090724397060052018750409000019070
040300000830095024000471803504006312000750906600210057718532040495807200063000570
253890001008654002600203800007009000900081705000725086170030049329046570005972603
023900401068401730900073006017065090000210560695700103156830902000050308802104070
700024001690080400402019683325900700048057369000130200539802040006490830800005902
132705096080019007700300102840602000500874019970000428208003064400120900307408201
050063048381070500600180309874630000030590280005800736503408697490010000060709410
800000075009806031173459006000501047641700803350680020700045062295060710006120500
500027008482003070001840629945730086800051940060009300200574063308010004074008210
180000635034758190925103874450010900200090510301502006700601000000487209002035040
072085390000470020894210650500320076400190035739056010045730000001002080287001503
200817000713605048500423601400050809387901000659302017030160095100279000006008020
006719000097528130120640080080270491009380672742000003001030000008902010274801069
425300000093200170008000420006102300087405000241039057019680502062594730004720806
487630521003507400050400003006283057509000006708906204090062700260070108075094360
280500009004010020079428651423180960006004080090206310160809040530740190900001230
780501000104900368030408075500790803079020650420850001047009506008340007210087430
040073908578600002009084017007931000805002731410800290050040169080105400134790005
200000745096704300043258100960040503034095017050803900670002451480500000005461079
005040197640930028809052400050301046160894052904000081706000005000513670593080200
769508004003000057000901300001693008500710439030054621102007800000489102648125003
070010042950260810280007060507029080000840050008750030742105600890600471130970528
070096000029108367580003209803670120102004706060310800018460900907000680005829401
501000000307005809200679100450907081039120060006538942700342090923050017040001208
860302794045107302070900000480601029600700030530204067354020971008470050006510003
070200039000385074523007106090070040340502910710098320052700800001024053607051402
008005790060439008932800640046091837079000020300742500604103000090074106107900384
106950008025007906009340510753680129004209705208000640301795000900000801042160090
000000495240080730009340218064003009013760804825094070450001362600452080002030047
069078004587023906000500703004802630250004001803017025400206098038005100605980047
080069753759302000600008400010904370490600800020051900078006534302815090960400281
006025070015709306402100508160053007008002109097081650780004910000097005529018704
080069753759302000600008400010904370490600800020051900078006534302815090960400281
209406370500007000604019582090061045851043260006500009007100008900070403135894706
980001475760950302024700190276840013009003060018570900040610000607005240102400608
605370040097165020132090056529700604300059007700640002203000980051026400074530001
091850200830714050740690018100000406000068123086031705960270830300000504508006902
708006502004257180050300607170800056080090073905070408007940365069030720340705090
605098001000000309904003068043089012210407850856020007587904036001030900392000184
100004700470650032059208016080306150600120047541800060802000000930580670005469328
389400265001062004020508700840253910200106087910000020062081009108009650003605078
400700005567009200081500074000060057015020403309054126290371048100245060700098012
490007013207049068300002970000604800800015732052738146009050381638091000000070029
002040306694387020300090074028761053040900002706002180489603210200004030100820640
800074056507006824206503000960030207380607015070108030650049170004050060098702503
501024069000890050948615720000930017000452980802000305619083004004006192720100030
052001080801500374060398052506230407010846290924007038030620000049000001000014863
030080029460203700780096014508004031907051802600028040071800406390760085006049003
020107580987046123001002000200960408810000206405823001000050000058704012792610345
501230008700608921260100500024763090380000016050041370830015607600087053470006080
402751803190030005003080206020005081634010027001274009845190602010543078300000050
207300086680127309300080007071006940500902801902018005709803064063409508400060700
012070398000309050398502060030740906680090500049605073403050080906834025001007409
030075218712400050005206300670390080500064029024800603000580760368007400057640801
000480000180300792735209840908020030307908024006730980800600053423075009060103078
921560070308000546500370090103000782080032005250109403019003857760800100030917004
049750031003196004506000907001600072035009100460821059304007005152980046000510203
570849361100603000306000549000380194904027003863000250020401836000765002001230070
301000405604508091009143007007319002065020713130005008003087500206400070790250134
300910420415036807790458103963820704100000200820600310530000008600149530040000601
010042000504061092820507060273400006081053920400210070300120540140000239952370010
200006018061000025389152067408000201007903540635004700900007050576328000842001073
006084590094630020350007046005009180070402360963870200480700900507040610010523408
400980100038020000059703864043509201090100043010340957501037020320091008007254006
960012500000009680235048071006934107594060320300020060012503846083401005400200700
062143980050800000830005124040980006001650048687300590970006810408519700010200409
062300578004051620058702009090025031030908207001070490610504782240100306007230000
807502396200978400509000080051620970008090030920057104085304720302080641060209000
471020356635000092000630000196070045007019630080502179012704960563000084000080501
306809702015007089070250030003570804807940010690100570089061325031480007002005100
086250074034010098297038156452000069003000000918560002040000007001640923620371005
800005704095010080407628190013040059504001073900753010070032000350004927240809031
600010090054009728709582004405390800076821540008000209840103000000908037593007186
509800020200109576073450090061200050025601803004580610056300009400908005902065431
400068103009000082035000740290080450010045008584792631608900210040071005351004809
007601408806200051050780203531900076602503000049016532060027010073005080005390607
008095076934706080057010392700082500405603210023059700070060803040030000391548020
790068100028500004060290873810624700300080021902300480030000960450936008609150340
810053067902700380006204005090000072407509006580627490309005008005092043078036150
900253000007000289426708103200516490095002730041300500004100020062930875509607300
003200047060981032251700009507003490306519008900007310008390004609048700035002981
030065180120800070850201904090730018201048703308900060709054000003109807510600349
408073269200009000076024018519006470040201580002407003120040007780902005090730821
000072600896040271047018003050080720670009800028751304062005980780290036030807050
080450100270960004940700286010290700029047810560001409150876030890030070030020548
700501209054320760013060800372915406400037120060000070540800000627093540000054617
702603100003001872005780930000860743309007068800004000004000025927305681530206497
600070005045081200820450173200700658370008900058614300080043769093067000067005032
040187259210005004905002800183000490007401080020798063061200900739814620000600340
015000806204105009070623540507802064100070390083960005600019083901008057740056002
000760239786309040093400600008107006150906420064080071600094850002605010549800062
518209700007000006060781952080002305603497000072800469031528604020043580045000030
150047829043080700980601403005068002802435071070002300009806500730000208568270090
700645108509010037006039540310080056690057081258061309073000865800090700020006003
009007806360102000708064531200358619900000450156470000032096005604015302500040908
006198200013006780809020560004701098785009410060082005007805123052903040108070050
010090400000546300043820976100080005800052609350069004230604897490208563780030001
427896130830001026510400798960000203053048670270369500000900001080507940092000050
009600003006193870238050610015409007003015904094070105042001798960380051080907000
006920004980405017140003906803610540070804001401009078000508102217000080098142760
620087014530102700100600032706800291301025007002706050067400000013008079090271368
400068103008000062016000840750040630040072008839156274204700380080023007173004506
060571004703400910800329000126047350000090006409602701240936100607005493300000625
045370190006510380019200005600400019021705040504091078002804050090057820158900037
000090178785031400901608002029560001000000925513982040807150200064820750050006019
302801570951007042080045319000974008060108930090500021200780090076319004010050760
042305080500702314703800050270138000034500728009400130020003806380074501057680200
700532910001000502020149870063050400054006037000010608596324001007800004482970365
600275800015000274000100050567008021009467385340001000001903602430010597956040108
100900005269100008850300010094200001020019540715403620970831456400062090030094102
098057000703060218001208759000000307876090125932005860089000070000829431004570980
050046002712098405400500089635907041900000057100254003087403906000029500291005074
015490270987300140000170800509780010041600587020510030800007900472900300006835724
000907042479008150038051060102043980307800001005062370000516030850009410621004097
060042805972008400040310092014293007207060130005800204401026900806509700009004326
739056000001070306265310090002507080008020010003184270506741930197632000300890100
000000900007800023090316784750900006064571298910602530489100000601090045520480160
084005370760904210050013400075090040026008507001576092390450680600230004047800023
702603100005004382001850760000430296503009078400008000004000025679501843250306917
090870136043209870608035402300420017029006003014053000480000750057640309001007204
091030706304907850008204300409700000500040120180652974017020083630578419040003000
029005013603010745401673002000520001160030508030080000948057320206390007300208194
086037090245619308000000120000400203428065009603720054017946502304070901900080007
