020109307500280046083067512070340605000000030042695071705901060000576020260804709
004070009008302054203549871001003000005108367809200140156020080340001596007035410
071000920005182074420930001090000005304279068160408390049810206010000800083725410
068073010009060247070095863037009006482756391016000705891007030600038102003000050
280094500150007420700325160305219080941030602800400913609040305010970000030500091
004872065061935007020000809390050018180090204000108900508243090600500382273609500
600275800015000274000100050567008021009467385340001000001903602430010597956040108
004030000280610035073400000308175249401203508002009301006391754007506120030024006
904000061080301900603074258140000805026700490008420607060100030730050146451030789
390010000008302490120704853041857360603049725005000000417905200000400037830270504
740090102029184007001002509960500213003910050054620900310856004470200061600400025
970030204605004701040871095800063079003407160706900400260040907159080046007019050
040809765800524319105030800027001004010002576400780100032078690900165030060003408
508009006712800503600521080285763109000100005460050730079015064050408002800690051
041500289030206070209801006810420007004070812702160040027300060003610708906052034
350046902000300780741082060500400201024178000017200498030690007190020640076034109
200360500700012463963040200652170930070030150009056002510403620304020070006590310
007912060152063497060000008430706901021039870900100003290301000080004719710098032
190370068003280710702100300030010074567430901200705006308501492406900083900043000
576401003002905008189000045005004037800706504420300016003810459004679380000043760
890706450025080706007103020970000062030209040012475089350090074746312005000500603
300400120709201030104680790080900400210540980096018302805300619901805070600097040
378692050162507980400080600000708540680201030730469000500800010240010897007920360
060400507503001040947206810700869035304105008000300070078640109009000026635912704
060204700720091086801300420050000014210946800049810072406120537130400000002053108
709080314300709006061040980405028063007000049690071258006030400802004600904160832
391025467500041920007090000050009830039068745804250000010580379743002580005607000
080300200072019080340027169520401738710603000003200640050008406038046570069702800
080062000520031708370500926058600090400095007702408563015020009207840010600057832
730900025250037680900045100109003004603590017007602308300056041815029706400070050
010794035900003702507200041040907003000805194250431607000308206000059018400170359
406059307730406290080002600350900108008015740107308009509800401800604900204091036
810500406590020300004671980000960032652300040370042560140253097023000050060804210
896700000273804650010306789000403978004270003708061520187600405302509000009100030
600070083830060002041538690900400700526807431070051060304000805100743906790085300
010090085394025100500071490001537008250009004903200751175002809000014506460058010
340500019690427508800030600007094201086003457104705000419856370000000805058079100
050809134438100026009036000840291753090070001071040200080900502104705090960082017
024630907001902460908040010040300000100008702385217649059000106073169500002570390
070000300803457209092301705058600920009035180041079030007548600924060801006002073
541206900002950460000000500800035709704810250100060308258670100403098627960024005
560001702008306500103207690412780950000000200806529401600430820080900105257018009
046008720000004956910706038809572100600803297021000000097005800263480009485930010
100000750467305908030978006000080205601203470925047300010060500076502804250830690
860000270153240080009160054000056140601090025540021800096080510000012638308670402
206790501090400628084062000940620800600504710015300064100905370050037090379006405
100900300900002001328741659080103004509204800740009216070000003030826075295017068
835600924090384006100050708003460192967028305210905000001840059450016000020000071
003204950027830146640000803234080095078400601005900482001300008402510379006090200
007580090904106873038700020009000068026038050501679340805040010073051204002807035
050708063030024810827030040080640790006280150214900080042010008060400905305869021
049100008038000249562948001004030086600204590800001070906370820405009317387400900
070028000083506041650070289090210064430080150012603900300062010027401693065009007
010800400008109507579230806300980001802713004960000378094650000206097105005300649
050843200200701854400520931500369000003415720014087000048050613390070582005000007
590720408040650900067008053080504090075000821609872005930080217024130080001207004
074290530690305412200400000940028756010007004750049300467802100020063840080700260
103200569280700014549163872032806000004501098051009030000652081005004020000910603
600180493934620000001030607470900100080246300203008564019560030560300001002071956
008027903052309460019008070067230009180700006090680147000802090924000085801956304
702030904080702003963000270205387600137906800008025000019000720304078190076009435
701260904093400000000703000004056328850930106130842007528070409619500080347080200
008100504095674010041050706407006080006742351520900060109063825030010600052807003
032006100700320068506710230360971802890200671001040000908467005040100709057090406
000009078739025601018046030090080007820010096370954802963570120080400760100063009
610000007504021600300476195006509780097003406003640901030000864245008309760090012
835040902009000008142000507980354271001008690000069800504270086610890724208400050
090610280081320000072080913107865029050100847809002000408700500010948002063200478
040800905258094060973001240304586000007020496062749000700900520430000609829005071
020004900510200840408731620105300296900050007036912004200190708001005009359840102
036590700590120003420006010860073120040268005209450600004712350010045007050630840
023058009800003521519204300480000790050749180397680054070090830000006907048320600
308000945009305020024891070782460031030708004050002807103500700007913602290007403
010600870026079013708013020032700980800001300940386702154900030060038190300160207
075082304000600002820400706062040079004001060197526030903067800010834097740159600
160920530240608701000137200016392807308010400009000063031470682070083000902061004
040726180900030420100804536460108002051000304792003861509000008674900010210300095
410780003506139480300000901698501030700300619002960005900400050870053092250890340
003500900960807201280306047000000074079435100124670095012000780030182009490053012
670902413041005097003400652090000001000706089834100026400068900500074168008501274
604850072700230100102040360500023086460080205083760009340600020820074691006510003
100007200034168957065400300987653124002014070400000005023700500509001403001395780
507280003040753290203000540308416970076000034020079006709840021410600080800190460
060438019107000008930017054206100890350006047080973005020005900695700032700392580
064810050100002460503640270010700390032190600908320710845973106000060009609001507
460193008710000064298674350037005200650009080800267530006052090580000602309700045
003072019705030008081059607450008100008160790016340850832006470060084305004203006
704600000030800650509712438025070891018253006006008500001027004200301965893500002
040700018360805000087130654800000046090367580652401090000090005035008070928573461
206904850870002300050001762480036009769508203123740080500060007002090005697120008
708010452140235000090070603007129845250000001081503007820050196905601200010890500
700004500090207346003051207900000120306125409412079653000390010050746800037502004
807509004960038072305206090208100700704680013000320908150963407680002030400850600
905804031300720056008015009437102008652000010009640500000591683000237005013406702
006007018040108960190200405071965000035012806900003150200674080604029700700380624
900080040765340008004029715150092003800130960203060107620003574031470029070056000
010260000000530496905008012100870020096052871020094563680020130702910058531000009
093200080200085003086730254975800031000074060604503807700062048329400070008057902
002089000300102657514300209208903510071020308900608002890204060107030004006701835
053904816000173004194050000507069000961207503802000090405612039306098420200030060
300854009405060713209007400097001534600503007032048006020410078148309002700080940
500092307408100092203006000800010935169000870340970100030200548600549010750831209
320010450107054003000620780674005230932080517010372906049001070261530804000009000
061475903700010542305982000830000409450291070010030025503708190100500007070103054
700601835103050900605320010009002681210069700076083050067800124304016008050047006
900680402612490800300050019061200083030108765807036000706010328500027100028309004
907250048052894360080037900006080001708605490509341006403910002275060000001002034
000820590805000003090573160600001940107052086509060700423005070908347000701296834
004872065071549003050000709140080096580030201000701400705928030800300517463107900
900104206601008400324096000563907820208643097400805013000400780000301000850762301
015006803000412065962500004500060081601703409380045002093057048806320100070800506
039406857700030600460907030300060709096270000078390265854700910600859420900001008
009502038570003010120760950706029300950070800040085197200047681804236000607000023
090030501480012009061089004845190023602000910079320408300008170916073045020400300
602000080080207094790368025807913056010040030039020407005600070471530862300072009
004007305010300600300005214073059046050631809061008523046093752008400901730502000
135260084070804003009050060003602700027045091600000305501430072700501406340726509
480705061090003400605014027904301578800047100051002030078006240000058006216409803
540010020060900730309567810003020160910804072075096040650400090000280650792601083
620081004140009258005042900012094000704810520030200741200108065401900037306057090
004690700609002530580037206700080105090574682458060000005349860936008001800006950
000603170070410038401750062080300210096241085107000346942130050010070600763005400
063019080045080219018005306100908453006030090000050162594020600800673900630090821
710493800300068507026510000000752400409680200502934000940820170267040390150300040
507002004300570890180304502001740009430620705702001408908160257015007900070409006
074350100030409056560080903010205069450801002280003405040760090608910007190002684
450039060000800143132047500504000820861724050000018076280006710740080905003475600
003097215070002360000600970050026400000750082642380597026179803080003750907040026
490870003062403009007200000500021030620040508170000962230057806746102305900364270
800600920054090630069241007107962040908000063500370019002403000085710390603500478
805736249020495308490000600500029000369080401170003900007900164050060073084301502
934020600007009048081000703053002071010038020042075900198260050375081460400053089
204051000570002900010937520000010649657294080901083057460070300139006000785020460
700500420008274003452009078564008231000001080807352006340067800009825064206000097
070020510189075200020309086000903600460058023900702458640000800290481060708090142
214653007070420560605010402709008005540002803180340096800206004007080309021004058
902050700650009143384601295700400061195807000206903000860040500529108000070096320
060507900174090620030620780053072008900008503017340069721030056090286400400001092
409003015060810007170402806501200604642500170000146050906000000704658320050904761
502000000080093670700845009000681004958432167001700080315920046009000823800374501
480010723037062500012038400640801237000654908000003654370100806000980005850306100
410908203803026090900700804080007009047089002350041687534000710060134005002805406
027140003004070510013059480200803900041700208809620350096031805402907136030500000
401056078067009400308074000054690201039001806612000000186000004205700693973402105
072048010306091872080700900800060290039012040104970608210059000068200059090086423
005701000070493250003852967004000829738109506500640073450380710087000095260000400
830572460092060008400900230140706092085020043007304600500807320208035900304090805
047320006030070402206410709502037008470090061001604057800060095013958020059040870
001597000647008250009400371000075600950820107378009042095046813403081020800050700
072030000508000020001590378080105004314700590200340180803014769490863051106900003
030960040249057080100004279002600804304095702086240050001038090503010028670420530
607415080008002500204800791003050140706134200410008073861020407000706905509041020
905300001100064057067180309059210008300040010680570492014650903506030020800490570
871420356094000001605071000006258009082004063400037800967810430003002090248003507
000981740948002051102030080601329500750006023020800160265013400300460215004005007
008601370032857016107300258894005630075043000320068000080000521200500467000710890
607300201095410306300620070080500060053096800104730592001050608539060100800174930
005009076600300402100006958003001865040703291000062734720605180809027503001890600
004908153002400800819037200401003082098752061700080005063810500080300629905076010
039108247780940003005070008308020914406501000100094306024010670060289000903007825
602000080080207094790368025807913056010040030039020407005600070471530862300072009
821000547795240308040050000389025074200090805154800920000632009507009032902007080
010003608006702000709406210090048532805230001123500984070620000060004107958371006
401005203370021405006483009583694700000030508120000090730050914805000630610340850
328006450049508620000304080000953840650810302893000001030080910405039260980061700
502078190017002008030160072301007600400009810750621039100205700003086251285010900
100005460630401500507068301006010040005674010214090675490007056800009700750246109
501007900067498500409300007142000006003640051608003492015030060326950780800006135
946503002850000316000687009520074603691008050000906081400300020205709130170805904
802317006059200300060090182980000420400072630207649010090708040028050700304901865
745013200010004653600085010038067945176549002000000060900008320400321090352090108
080907320039860700657000408500600034196302005300571002765409203014036000000010649
050201493000600517710900826400058261000040789102700340506003008800007602937020054
905406870020700604760310009002807100070500960458061230040009380039680700086203490
046008720000002853230705094804127300300609185061000000015004200423570008689230040
203401090000600053754038016501070000470012938030860570805003700000700025627195304
894051067503400091010038040471800003000000780308004000137095420085342100900087635
100000035009516082645032700003128560007049100218000304031900206900070840024651003
002806190406390702019200300028407069003580271097060000205040817700605900904710005
809210037270000895050879000090107084180040006043028510006032058037506901508090600
012070398000309050398502060030740906680090500049605073403050080906834025001007409
600158203384206017050403906006085000500627300920300000492701060013500079060809130
310058460009003502047061003700000894096782100801340200900034708170806059208500040
560723190807459302090168005000294036935810274002305000009007001086041023000000080
714903800008200001600701453007005006150472389203600010382167594060020007070009600
000004278084700190000928453460509702592801364001000500070245800800107600120380040
360270940790604010002090630980013062617802403000009001429301006100046300500900184
802317006059200300060090182980000420400072630207649010090708040028050700304901865
052000960080050013307090528060075039003108750071060002038506090146920380905083001
860027159100308024000006837925804013010902500600001942306070091041000000579003280
039406857700030600460907030300060709096270000078390265854700910600859420900001008
031509604075020000400306257097102540004000901102943700048600312903258076020030000
004000100892431560070580039056018973700340001018700200083160700007023015160070302
748200539601085200305907000800470025034008607500690800487052960056000012010709008
003709010792060580061452097210900058059876023300015009084000230005024000620530040
704583210008619000950047006409320000380106497016070000000761902097432600623000001
001086054380207001604001073200704009906830417470010020500120906069405100130900740
087040500040085610105603408204800001300704906750390804531462780000007045079010003
290005083000007090040000215016203079709800506580900042060780351158034900372019400
068140070002800000490700001000438067037016290000009538014907600380624715706381002
000092071760034802821706004010280709300019000900060183294000008053008007680321495
708320045040006000023049786804900001500002678270815030000078004409103200617200853
780000040091845036400207508509403800300900005047520319950700001070082053032150074
082005901090040036600203780060350000920180504540960073208010309409528610106039000
005063489180020500940078020000890030850201604319004072034985010020700943601040008
035721000040003507760004312050002070307105020024609835409208063503046281080007000
020150700010003408743890560670910345430700800008045070004589130307000002950230680
296504730087309420000007100800620010034000062601945870062058009948030251000402007
500040983307950206809603000002004360980360020403205190090510837608700002701480009
006190000702864319108000605070082054501049830083050700804007963030906008960408020
008043009020900408974160530062091000500604217807030940180056724705420001006800005
002045008480600921036089005647390052020008000009520374760012090350904207200003086
091000240037000906524061873053006709070590002002083104240010390016849520000200460
002100000030687902690254708009305804008040290247060051816070043924036100070410000
460780301105492086007000020300027908020004157781059000006240570200503000543006812
360490528104003000009760401640072850002050003590046012085607300400509276906200100
500870903438000015070004826781390060040107590290048371300280000060453000804019002
200030948096042307840950000500290780620070400039460025900320800451009032002604079
100604783698200100070051020700965238035100400026300007203019054560082090009006072
745320080300076054060050720000007060436982571508040300804293000607000839010068240
000506720564000018170438600207640531050087000096003207603800095019065002700920063
107400023850092001400073950608507100024001870001804530215740069009206410700010005
806420109013870020004009607260130708100067050390080016001700002002691875759040300
002031800001948206608000143300450980980010065165009030010000398040060520273805014
072308659635749120090600300040203086000560034006480090028976400003020005010835900
370150204002084090940002301084200603096407012100508040850743000400006579207900038
062100004800036057350094806200540790980070045570029080100853009438900510600002308
860003450400500016290614083903140600008360109700208300000000261109400800682031594
203070016100026704706480030001800490094710062320094080600003005902157048405060903
405786210027039604009000700604978020093204060001000497072800140006501078908640500
487630521003507400050400003006283057509000006708906204090062700260070108075094360
065007094793050100410090275000903007004080900579620408000234709920008503346009021
800300126010005000436218709760801503092006870080590060001604900947002630020903017
084600902015009003609083000070806041201430896060921030036590470890004020540710300
002036400730980010080041902000010794500004021240079856090003047000627080127408563
970006000025009060406205039503400608741608902860051307030024076280067003057003200
006805409401920603005001000900316085600592007503780006752103908160058004004609001
891057036006004000004603859017086094085140720400002001960005207100020960570961008
450670009098500732200093600905007806004920500720350014300160007149030268500084001
849300056021465893000700000603809020070630400490007631064150270107204065500006004
761025840400718203032940700006009508580060000200507030900003002628050390040892615
007140690320065004610900305135008726400230001070016030006801040250304009043009517
005701900070098531106030800348129057500007210017503490003950106000072309904006020
000000570307801000002503106436109058279485301581030002020000000860310920194052807
486000950000980624901546300070408090040600800069053072350710200018205040290860035
020089610810602073003507842030821067080035094501406000000003026009000001360154789
600409080478050002009320470020700000341000967860103054200907048194060030786034029
500607324070094010030580096040700200700960480000248003397820000400009832812403967
340092651085104000001500807008050002910428006520700984002340769104987300039000008
490100000031208009005600000180460935349512870506003041950004062014906387000701500
025400870730106020004250309803704900002018734407300100506040000040860597290501603
709435000306190057500000349007954683890020500065381702008507920054010000070869000
045370190006510380019200005600400019021705040504091078002804050090057820158900037
050087043080000906647390180070031800009408007002050409798245630524060700016879000
708200036304081072001073050405706800820014790010030504073068019009027300082300640
080030716410680203500200900079104035605308107008957400390000071001006324004013089
350007020709082051008590740085000070203075480090328065940051800030840017801200094
197800620000106003406027500781094002900073106060501009200309807853002941679000030
890500302635027180000038900401756890080090520750003001078109036900360700260005410
034087006006103500850006437610408203500310600203060801300290000490870365180005940
010640078470100090082705106800450961301070800609280704008590020004862009095304080
000760900087010030429850167000001340014098706076005809003000470765300281140507603
003021409050000200004763008500390001390684725600152394000470032417030050230010840
140236570925700836030050042080000093004829651591003700010502300867300200000607080
801043600000801009953002148540017080608509410020008093006030804400086030385290061
006003942425001030070024065018049050000500791059217403000902004392076010040135020
040712009092604718016000005904007851067140000100803074653401082080030047070920030
703900654100765800260040090056039780010200009032680501504008006090471205021500470
049100008083000419156489007004070092900302870800005060607230140401006783538700900
905267840080000900036804021050120460004053710691040050200480105068971204140000080
000000608840000005016804230438726590205430067000500423009068150680905002520073906
000801394003640000000037106200178409049065031610490800060012003491006502372950600
460090210098020050002564098950840003604900782800706040039480570001650420046200001
020784030750326009306005827580007000060008000090561783009102075600873204400609308
180092400092740310603815209010209000906400821200130004001000940309580007004021583
852170403300005001009604580630007200470562310200300056907400035026753890500090600
002040306694387020300090074028761053040900002706002180489603210200004030100820640
901040657605800401403060902100603205302007894800920310710290000004705068008410009
469580030080026105050300960874602059020703004005008071500000810006847590398160020
210095600009841025508000091706230018082010000001508273800400009490083062027609830
830027951097360482540009070050200168083600004619054720470000030005706810001008040
000000135120095000054037290070000046061740320000950007716520903045089761308071052
592000803010269070040350910160002007920706004800490526200604038007020050631870240
387005201405018970102043600006400097910572360570006120740000002200057400000024739
091650074700904020540100098280507010100409006056030742300048507608790430470300080
014058020000642581258031600800075206076009850020004317000003070030187962900420100
000213067710648050680005030074006000065320000908150070090570341400001026231069785
507039006430806795096704380870041630963578140020690050019002060040000000050407900
074350912351200060000801003706015009043060870900083640097134580008570324035000000
532180074004005031800730600687312495010070008005600300258060000040053726070420089
951078040203019500000400129087300602020745900509020470695082700030060091100930860
083051267900674008060820409038045196041396800059000040000102004100539000300480901
200830509507926130390500200000718005750469021601350007003245980000000052820697000
201830750047001002506407901380060027702084190150279000000018000900042300608053249
690170032040300076013650008300500209009043650256790010030405800060000920821936045
162900403000046810904013200070184025200050600851020074016400708098065032300801040
965704138041803700700100062837612500520908310190400827000000981300200050009006200
805401060030200104104560920469732810000040006308009470083020541047106030200054007
103500906040072130902610007050030600839400702400827059501048063068091400004006890
300607500201080709056490803003079106507200030609801450900063285130058004065020090
609805200000276001210439000004027006763040890000300704400690508031780469980150320
960080217850070900070239005090800020038164570504002380080040002049327150307008604
083004156170500028059000374010643205800075603536020497705009830000800040400300061
072091056840600013100234000090082345500069000201453600000908560028006709050347180
050100080000792500093865201008027690962403008074089010700906820800301409009208037
003140278018700004450302600100608520085217409720000800890073100046051782500020003
140060835090001020006800900080127364760940000010356090409602003052403170031705640
080450100270960004940700286010290700029047810560001409150876030890030070030020548
086009253039562180502010790060250417870601920210000300328400600001300849090006000
640300712390781060715004080026050030481073059570109240200000000100830426060002301
003000080980000700507283906736490120491820635000130097050300801214700060308019004
500670190906280507037500020324000015801452709000830060148005206200740081070120300
690040100010620049423080070000270368300095020074000591062750413009016007147032900
645019283102000075000325000700001300309478152018002090090103500401007039803054601
340050821007329605265040739900076002470080090508400000004910060091830050802065014
281050700000170823043086005809043510004507089507001400056038201300400960910702050
006030080035208004842976135060002370089007500000503806090750010410820007257361008
360270940790604010002090630980013062617802403000009001429301006100046300500900184
701306509530720600800900704000500291305601040194078005486007002000409103910850076
008463219010000400294018007082306045065180023001200080507030090046790031030605870
300009450680700203029506000130097080900158732078000140000940318293001560801360007
500607324070094010030580096040700200700960480000248003397820000400009832812403967
146972080350000009000306214090630050705001932801509006429785100018060490000100028
010528000086034017045106920500010003604800271178300490403080609060059130950003080
003079008490386050768000130632700891000200060589631407040002376900500284000800905
690080001703241086800060407000032508038070062526810003080050010071308620305024079
709560010300709004064300798970132005108000329400908070005296037613405980007000400
100005460630401500507068301006010040005674010214090675490007056800009700750246109
308041007605070403040830150006089041700000560124765300960050034470608010800094076
060209470204800900080730602003908200049027005827051304008000540506480720412070830
025408190009503427013700000690107030374000910000934072501609040007020001086041759
360270940790604010002090630980013062617802403000009001429301006100046300500900184
609801305430965010180032946000407102210390000058200490071589624502000800040000700
000400001714026809080000600800040062590260480420083910162904000007810596950637104
003076295057230060082050030578093000090600173060702509009020010815064027006308904
509408600603705800020301000395000040782043065060850203174586029050904701908200000
106280700900470020072910006007050900041830060603720485760302008084160500019540602
517090360000006005490253870902301540850600703030540080025168900100030650069070028
210780035009500040053204601900301008645827190008000407081970300590038074007400809
631700950050860030040001720712495863009010275080200001305080017104650302000003540
037006108020370009950204073703820406040001300260903705002107964019050000370680250
860000270175280090009470058000013720607050034250048100046090380000027546502360907
003079008490386050768000130632700891000200060589631407040002376900500284000800905
943100520071059408085402010007604800328005009004093271030967100000530000059041086
609020371231097500857300200006900703000200684308400912182000069700062830503800020
570012490032040750090305200009050001821460375300801040780094032903287000040000987
070040009058703020914052008000430610300217090092506374469000080837900056001308047
400291860309048500680000940046017239013420007008060100032950706760030098004780300
738009125051003947029701300205006090084902500300504810060090080040360751817000009
000200008318007042472019030907062010603981520000073809206048000034796201701300006
690020004080901673034056090460508012810030400007014085200060130048109020056280940
403590080790600003006130479084300005031025047200406308079260054840050901005084030
084609175502048030006070800030200408029750016065013007207480500640530091100060280
457932608000056300960084005000805100000490250076001409010570842025648000748209500
100009680240003159070000002700352890480091705092704301027000908950130046600928500
007205040009710562500406781005374100630058074000900030204031000906807053058029017
605083010000000069431697502250300198060108203180509000802001035049756820010002040
751009042309240800000503069008000010140380975970154080295708630014000720000426500
040750190069040700701069034500607300070004609396280540410308900620900013030406072
215700940730400005000591320060070201002910803851023400006340502094006710507089004
713905600906100537000037090000406012650010074194028300000874003407500089581200046
093760280004003506076280003600392840018400050042100069760039020200600135035820090
200093065140802090050704201600508040009437010780010352302000008417280030890071024
508001400604830095900470610761503084000047050420600103047006829380209040200084001
082000000100097806609281347075600281090015700016028500904076100830054092001900408
080094013970058040304710059008030004549680070102047068407020090050060180006501432
030985047600004019954007020506413078109700200007008106002039485890001702065870000
072190000004285967508000041357609408020500076001402500200007610010840730746320050
409003015060810007170402806501200604642500170000146050906000000704658320050904761
070082054028503960001004020843210075900040210052630400204006109095421006706300002
008104600614070305250830104003900000040082009509617008400000213095723800082401957
000321060031600092006080010402800005680100749510493028075214086008965301009700004
071584260540000080098136407759608000080000670460751920005217040004360002607009003
148007300370800501092010478924708103705094086003005040000000600061580030409276805
080423056036700290520090003040300109803610500610240830008967024004002605362004070
702836405040001780058070060000060100085207930417308052260753040500080096031040507
625038970009200005040095302987020030150067009000019587498601053000083640016002090
062840507009076021740010060093067080607205004400090276086104052300700608570620040
086009253039562180502010790060250417870601920210000300328400600001300849090006000
304008001080503290205091087410059800807310940020004610509607120000900406648032050
010025783060047010278031046009018627000060035000502194701000408800054002500783061
219607348030810600007400200320049801901308070008005063845000130090534080700980024
000703591973165204000849006006050000041070800809014607384097152500000008607580043
004001800012043005753208604000439158049860237508007946000000400081304560020506300
003410020846902007090500634137000050009073408060295073000054080305800240684021705
039108247780940003005070008308020914406501000100094306024010670060289000903007825
319002085652318000000060023180200067240506800500001002731090208804153700065007430
000040209258170304409062005003010027814027056500906001900000000140708692302694510
004506000000823704000914280001780090903000672570630008200348000358167029106205037
018592604049018300006000018600041059180070060904260180090350000800020537453087096
489103002000720860026500093273900010000207006601058927564830270090470680800600030
010760480695428370080510000530947816908100237100002000020091703000204060079605040
415360700609078043038004560004182690951730204060005017147000800090050401500420000
316700008070608140040390056085006400003840670760013509098430205250089304030060800
009003516031709000084120970008354000756210049003000185000930051012540038345070600
307008002500402370024705106402063000150074260090001547006007809901006700730289604
002005381310890000706310902901030800200048705807069410008450039030006540524083060
702090008038021007500870432289600345075209081000308000624980173000762004057000006
860002031200093508305810002008050006720081309150320704900200005513960027600105093
408030769096004300300962080083009005040508603560270094730891500604307910800000230
034689002615300809000010030050002080380401020027856394073205040500070063208140950
030540000784196035002000146600050700257860914300204008060005497403600000905487301
003020004801356297059700600432570060070083920090060043980034002007090086604807350
104000700397185006058040319003002187029070000715063904036017000071620405000090671
008000600041209500609834217007003400305410079012098306904306100083045762020007040
008095076934706080057010392700082500405603210023059700070060803040030000391548020
076008104200903680590640327720060010169080203053100470400739501000020009905006740
000208715079600823008057090750006139000935200600700508830074902901063487007020300
000460080602307190498500037704096850001800200025103709503010470006038025270604008
619030040270061008000047621486302079000014580031009060005720806320106057160400030
349520780070309460065074000801005004000081620097432018000000103480190257900257006
020040930800231047134060008570900084060418005480050160009100856316504002050602400
380020410040961800097004250630875024070602905420000080063058700010436590054000068
381000020020103840465020000800070302913650004072038050206007598030590200597086410
408900060020034501073560409002706054714250008060400207007005190691027840040098700
700192084023000009908730520019620000402070938500084012600019270071240006205060140
015930007003008049680701203100800536840306010530029080760200405301095070900680301
050010700971203460020590108013078654800302000507600203109004520042030019700129040
500607324070094010030580096040700200700960480000248003397820000400009832812403967
006840297097306005024007003015060708609718500008030019073680901960570820500004070
568920041300408600020500097130706280706090510009035070850600130600351908903200700
650400001073029006014000723065091370380745060027300509000964207000500834741800600
002008301300400805580067402267001000830725146104930700003004057015070000078253904
900800014000102780068070002719035640006000073304060059650001807240583061801620405
701602354850310072200005900070836095069040000180097240005728060300960510048053000
010637450530904006609000270951070832080290500200503004390700020008069005064150398
004209070562007010007035280000006001640002098009178040300081467076504839400763052
070003000956408302308105900619547238035801640004600005002014063100286000860309000
400879300308104600710000428240098001000041070871200943930002056082016730100037009
803027194040800576076004328605703901000001285180240007702318009000006000508000763
005832000012047500800005402080000076360071248427380159056029834000058010700400605
060054803000682159009703260903460782070529030206837490007100006000005040820340900
046038570207059846805064930064010290000503760000026004050601307608070419301002000
010972400809364002040150903025009000400000095090000864002503607060827549704691028
940020083300806020680039057200970018590300064013048090030000005100593840859704230
070390820803057000409008637200439510148700092090800006002903160736001089004280700
836021540070308009020467003000080900192530786308019050600070290000800160019605378
004300790073800060860947520380520900450730206010009830008100350237605401040083009
904060502100570000005439000301005076089700253057304801096203104542091067000000925
102008000630520080859607234060054028000780040087206519700805491908003602040190000
154789030902060170000012005096827004040500000270100000420651789508903206769000301
086702004000540800154090237070905061029304008510600042205070083000153000391008475
003865170105300240760020030390082504004150067016007300002004798970236001450008003
148007300270600901096020457961204705802065049007001020000000800024870010703516204
923001854001908007006504300089100706704089120100206008098610472000490500342800009
090026048103048560408700900806409032019000006004612809080064013030071290741090005
085200097409006583730580400000360871567891004008027609003100006104638020076000300
964012735000700000120503460000070050740005081659148027080020009276051843090307200
708143620140850930030000800860529071215000060000301250321905740050030002007016590
748200539502073600603509000200430095054008306800760400381057920076000058020104003
010096305030210700675003091902070053050604810061530007300800964194360008006907002
640007902291803570805902030000486190080731025000009840010070258428000009507208300
030702005208096074094500106000300240046250037329410008002005780875924013003800050
300827064006539027502600030703900810859100472014700300037290000200450003945306000
600105034490830002051900870720300008008402007906087123500010249204759300019040700
098005031003619800071800509800097450035204096140500007320700010500042068084301025
517090360000006005490253870902301540850600703030540080025168900100030650069070028
170638000023009780900724035014307802002040071307200690500410967260070010041003500
367200108500361002020007503708506020246080315000403007870105936010900000095038270
370204956940500870085971400006853024030002009214000085400015090009028040023069007
800712000003596708079384106740900800601253000300007201900408510408105003157030400
008060040001007865654238070837109400540002090000084357203700010710800630005913082
685000009004289000239460801547006000006357010000040056172638005450700002908024137
040810050080009346953067010167002400030194500090006281670028100000670924529040070
408003179300761480071090000205907308010600007037420091703142006904500800006009724
008203500009670408346050702430010059967005001000496203280034067703500904004107020
036107458527380600000060200709850042053002097002093500310200065605409801200506700
501046090400802507807003604304209100690100040100460359000051070910680425785020001
023946501006002390097318600674800030300000409150034800030780906961400080048093010
047021060600409007920070481401500300073902016009013870090034008082100643034260009
009800625203706000068402709600510007305007861720609004016900003002175086540008012
030005684086030520000869710073000040060004205410970068308240106092506037047003850
086321050320007600174860092840503209200004073053000480000009820018402937502730000
420000090038649750900810604602004005359281406000006820013470269000065000867900501
009000040810709063000631080798210356006305479003900802000060001001897624602150790
042308000003209678897600300309004056400037000010920834974010063030405180500700429
001008645007300100600100370000560297050942801962001450005600000876000912410287536
523090006001820305070051042210000008900012407604587120165470000040230681002060750
710006003060250870908031046041903007020004009370065482004300068207600910106597300
207951830690400702300200001056708293903020010002069500000690080169030425720045300
082400009005021380140608207610300428830900000500846103090107540006084001471500032
003001605765098104002306090304610580071039402090004070219083000050160940400070218
605000290840692510200015030400001800731204950050370042074068329060039701309007000
900317560006985074030040100080021700402570030065834920070400000090050813053168490
530860201800057060640030087004300009001528634365090700090642005006000072123085046
405100908109840735600790000010007306204068007036210850007001683892673540001004000
004260305630000182208153000950007830003089021061032007320800019009301670087046003
209400178300270400840016200908060013031095007500032094700640950004020300652380740
000684950690003240547200003050001084820740130064805020905400012370150400006092078
500006700084019520079503680750630900020078465096050300817005006900160037002407059
070103080109680074086400590090800065504309820810520900901230700638050200000960438
007500230805230009034790860003004198748150003006023007351060780400310056070085002
640900031035146087179000206304010698001800472800604053710480300003069710500000020
007460013036097080908050640040600008390805461065904700180020309003080074079341800
504319200800740513103000900600000702480063009059187604365924800040001026700800490
984517623030084000007000804058472306670150000003000571390000207802039040005621930
060830000082504076945760801654903020270000593100000684437100065509000318000300049
300600089070950143009380265008170036704826591001043802002000004083400620490065000
820390006306800794500760200048016057005000940901547008079080030450003009100659472
029500037470239805010400200008020600001043580254061970682190054900000100100382096
876530001000090083043610207080040900319206870060780305037024568500301000604800102
945087012203601080000050047029800705768520090000076023007032058502460970480090030
034062501006803002082594607258601740309408006060050308003100074000386020020047003
521400000307529801489730000006010008130904027000208160043002985010805604005640012
700200053003000164018350090039501087100020030800709001072465300086170025301980476
603058007040370000005901403376102090200630071810745600520800746900004185000010329
810600402002780560503204800070048200058920700406500189035019600080350901290060045
310270090509001402200509170000946008745082609068000043600107004051000960430698520
210000509796305021534290786000023650300608900005400010080004260157060043602807100
040060350209034700083059140308021000020043015405070823900410638560307200034002500
000000569501600734306040008040096187008400320107000946780050602600930471409200853
015079823060208090092000074500030008030082900928406017301897400040300189089064700
240900000000324017000061900030215708005009236928630150002450679700006320560092480
901420000007156349004009620402067080050084102700201004096745208245000096300692000
109030068208406100030012904904003705000940000325670419000001043016089500783054091
370105009029040710800709650060903005057060438102804900704002006005017084203490501
060830000059104078843750609172903060930000247500000193617200034308000521000300086
485027096902605034000004700850009261109560000300042509590000623210893070003250008
635000729000536008801090000160087205503401086980650147350040070016070004097260050
002890740908070132740600900020100097850720300106904508480500000007041809290380461
740060580010305907605180003000070608987621045350400070560009010009710806170056039
005000480891600052302581600006800004420910067008060235080153740007008500034796028
900000230872365004100720506090001750715086342030047000421600073309072460000490020
549723086300098524810600097001230760400000230236807900000002410720901053100006070
050609000000501240920430610084760020039040000276000053312890507690372004847006092
627003100040507090058126003001008320064352000800001065270804600400019032019205874
016390580005001260042605070280043691004018000301900708528160907069800050000059016
600200000081307205002604370200869500800073902009021648706950083503100000100736459
001205903058000000027961485079152346105004092400800000004326010003019064216000709
860051439590064070100900600059006128080520000023089705006005240240710980908640500
241036087080020300009807064052040010800060500970153428000091070198070042760084105
080290103652300407003457000040100200260035810801040700398074520006019070175803040
100007200034168957065400300987653124002014070400000005023700500509001403001395780
140060308890075460365480200209800140006700039003094072904610583000008900600903710
026307508450201763008090000000070956907026004564039100005008001072903605601702830
205098170038500209090724538000060000072983015081005060004800900520641083017039004
004007305010300600300005214073059046050631809061008523046093752008400901730502000
000090040010820953800007002736180504100050700508760001902045060401076325005218479
062403817010006003038710002040960270087030500106074089800201700050007904274650130
000000608410000007038609510169724850507960021000100976005076130690205004370091205
067830040400907120290050076900340207830705001740009058604500902008290030309480710
700064390010009008400083000902006007051270400074935080145697023807342150206800070
010000703250890014067400290728009051006005409490300806001070060000032048582964137
064537081700081000150090300490005100325106490801000526500309042083710609009058003
006914387100086902093000014010840065700000008980020103659008430031060009478190520
923000050180900460046531029017894600568023900000065070000480702002319084090057010
670040580902008406400265900367001005000437621104080009845092760703650208000800050
072091056840600013100234000090082345500069000201453600000908560028006709050347180
932500081408093002000048059806021530070800096301605040783410905060350074004009010
308029104690000273400073890506000040040530612120000000913060487700381500005704361
005000490030040760600003128387020610010076032460081900040895370073200586051607200
090010037081357926503060000300904670064700058702680009149072803800106700020003410
502601743000278060067304018300100024800703150146002037200030671008400305703000402
420300596010006043650489000040930710005810269981600000132060070004790300090140682
839000106700940200640080000104500869205000304300104725986400502020690431000025698
400032008516004300300905007160340890749208106830600270900000740254009083601080950
021789063983105700500003901204030819096002457058040236049001002000000145600070090
000086054516473928780000360093825600807030200000007800002768003068354072000219400
001908004400031085872005903748302001000506479690040020007204006056800102024609037
456800073900400805001570206804195637590300400010047000740030152130904068260000004
401800503560710890039405070624080107105037080007002950010200340053060718040300205
090380501384000200006427830025600070009814620061070093042530786508960300600700900
204875093730001020900006710860000342003108000509463087050009430300004071647312800
068302500013706080020009136392870405000063700806040021600020054240038019580604070
480902607790050801030108020210406579900001400870503200120060705067245008009007302
027000608190058200084000000071600495952004836600500701035802069009736000068915072
600050010950068204042901008036010509120083706508604000204379860060000401890006372
106009700070680012023701089460203090005400030038096425009800070342510060007902543
563002814108050002000318000630024109874500326210063540007030400350009207406100900
803027194060400853014005276605102708000003649730860001408731005000006000306000417
309004028800007010206983075067508230058030006030609057020805103693000002500326094
048603079095070043300059006004830005580702014970005802701560920050301007402007051
903080706004760109068091005040070300692310508080506910079800001830600047020147890
600070005045081200820450173200700658370008900058614300080043769093067000067005032
450000063010039000009674581186057420003946050945020706701093040030710002890460000
002046010500902340476300890847560030120400705000027089083601924004003108290780000
020098500647513829050070003000354000400089052083021947000965204260037095000000768
507400090123008406800653010358210670206504000904700520000890000400307182082105309
253000400000460013040009050809104030004026798605983120008640070731052946000390580
029070630063801052400063700386945007270300804004720560500000108002180945100400076
295700000016200490003690020057030004132008070004007318028941750500006930609352041
426830170070460050100200804002014000957020410010509726001058900708106032540900081
040062810802007400906018720000840000594023168308600042650004081023180000080075634
002103095035000007601875430560924803028007064010050020070490351200000006159736040
006209045800030607275840900000903200943760581520004006750610439300420000408300702
710009203290457610800200047605300102109020570020091800368945020001080069070100085
140900000873501020500407631019078000407000918208194006020805703061049500005230190
000967184080040039194538762203010000001390805968750400706403050000600008809100076
819004075352900000000003080236049758470005921005872436500030090023401067080006500
030400200091625034620300071007009610960102450052046003209050106086204790400907300
700903200090810700841007369050031400680402970024009053030160020218000096070298130
050209006032004870096170240248030760001420008500610920380750100015390480009040053
240005700015030028897140360000201803531406290020003040052608000984507006106090082
024100005583740921109002040370200019408905002095060004040630157050010208031520090
008095014050701986310000725900000850540870000831950007785309040106400503420010608
050032907302069004960004320500420870723098046006010200007043610619200408400081700
609020371231097500857300200006900703000200684308400912182000069700062830503800020
708020006001436708690001504076300089400802150802910060065108900007690005904200671
518960324000480700307005080026010000100670592085034160673800001050301870090750043
005020001160874253820500400470985036500010908081006040290000600650790010010648592
100749285950310674470026000581030000040900502309675018000250106210060003630100020
029076140070300009016450702401008007080734601063500420200000906107260034038947010
500006700084019520079503680750630900020078465096050300817005006900160037002407059
891057640560490278720830901976513000458000036310600095005000060600140009080000410
030240900692170005148605023900450080800030001310802507760080209009307050053900178
040000609836027401019643280903071060070060903680039075390814006400750090008306000
071003849002010703345907601038106205006002900297405180020360000000741002004509308
490357862360409700205600309510073294020140580047000136084205003030008070059000000
080030769961470000070026840350041680846709302000080050008092476627814500400000020
709080314300709006061040980405028063007000049690071258006030400802004600904160832
020107580987046123001002000200960408810000206405823001000050000058704012792610345
046700080700000254502008600000189540005430700081657030109003005854206071007514829
870560190200381560501000080012076430700004610034910008056720003408650020020040856
542678000309125080871034025200813050007542018100700000725400391400001500013000004
007900236402536080039020100900350070028400315045180002874693501200805640050000003
030024075084107039207300006721040900060013400050980617170005304092071000640208701
090360275602090300730240090870039620003102950021800007017904002009027810280010740
300162849001408063086900170500716300807500620003080007204859730609007000038001205
090005830305041609074390500802050060930407250007012903003000148428136705050074000
068702540510000003400185906001026030250340180390500460730650008680090007100073654
320670489009342010400198032504900063098403100130006000000810096006207548840509000
401002038306748090008060405965417000020039006004620917680000350503086020702001809
450906300390128040018000020043701200000050794520649830170860050635407102000310009
321504609070019005090600180730005861500137204012060000109003040050746918640090300
000349265903060000456200073390700020570806490004052037005090640080423059249005300
841052006705060800060874510504620031023090005008035060910043650080000372300286040
004007002900832174702509000690400701000706349040090006201974605070065000450183927
820946073070005840005703912050837004000560030736294108094078020617000009083000005
080093247400006509917240000063910800500027061790600304356400790070560008800730056
600040108504203970100760354200070003706000219035106840801057002300081790450002081
708200036304081072001073050405706800820014790010030504073068019009027300082300640
025400036009537281708010000040863109903000605017920800200154390851300007090600502
006284091845391267290705830000000143510000609030006700607000050400670918000548370
020500097710038500036207480104780206080000904092354008041900020263845719000001040
805609000703148200010035076000061000600080190301457600174893562030000007958720410
090050020470160890680207013043009076509041008200306049120030004030005960054672380
670902413041005097003400652090000001000706089834100026400068900500074168008501274
042069700008204359709300600103706000860901273400800105084007530006085907501690400
078009005092017408053004600965102003007605210200803509546030702001050040080426350
897156043002040900050900801008007009710069480260804037000670320574280100603400708
759801340000070001401309705960712453500900000203004097090047268826000004040286500
000367052603010804152004600430179080010000573028603900207001300009702410340086705
806000300700305286350602109000004032502136400093827000008003901941208500600491720
060070038825091007700406905204003009106927384900005200340050871000708602678210000
080560100401382050600007032526000071008023065047651008165004203030290010090136004
002000179037215000408976200503020000780130500009057438064501027805742006270008900
007140690320065004610900305135008726400230001070016030006801040250304009043009517
925700036814609020703125000200000740059803012000462058007310089002080301138097000
608007100730861502090003708062300057507619034040500600016005479409036005070104020
000670058804529607075000009067853004400792003309001002906200080083146000021980436
600200010357000809902000740000000281290800375000027694720195408540082130108703950
095263418840005203132804657050649870008057906960000005000900564009080300000030709
908507462700010090340609005590078300800000650004956070400061087180790546627040001
042517938700034100301000004510006309090401027204790050905162483020305006430000002
051604900024019800790825041047908003038001597065270418002300060070006204613000000
050048360897006500403005298070054036608100470300867029004603050500470013732001000
002043596100705200900802714008007000000000157671050840897021035040530900513904028
002180006076509830039072010385067001001308004040001003708210340900836020003794068
003040762700230010428600500000560200245700936816090450604020100501087020072106340
960032480413859627000000000800103506251906800007500102006095003509010068072460015
000590604946000805051364020309480072200170003407009508008640390174053086003010400
582030604300060000901274305070048592608010037020790160700386019200007040809021050
046073918903600207070105604204310805090700002050862493000027041007901080005400029
809204006620070849007096001004050080305709610062048093001080005948365072006010430
210834700400092508089000320340957080960010035008003470801006900090070063620589140
009002000206009478308147096600094582720853009095000003502301904900408351140900000
017043205300900460240805030700004050103702048460108027002081093630009012091036070
970830200003102075280007091617920450300050900500071028092040786800719540750080000
012903806040067012706800009090185064005000103124096008950034687268709001000600020
200930600570416800906000531030604092460301050810070063057209300690040075300750016
675004000800009003000861205000175320562040800000002594348297051706038042259400030
007502803502006907930704200093600105705280360006309008004065702201078604609400500
200900180059027600360540709035600208098034000600870394500700801100050002926381407
097005408600001300001000567810400009924108073576009004400017020762080930150923706
040273061032010700076009023420000670090654012860021090600930140210065037089100200
150004673020003050068957100730509480010078060045060290001096504070830010693040028
820005063700036084630014050010087030300009017476021508500160029068092300093050670
146905300009734086700000054034020760820070490005493010390057600060001009410360527
056018237021035006080600100005874600064300570730050018008240001503187960019000084
087023456005070090130450800014080700060907504790510680001002905009365271652090000
800005704095010080407628190013040059504001073900753010070032000350004927240809031
010702030825039006039105000560000800481006320903520001190050072306200058200814963
014060500682503714035140968478020309000000027090470100027018000840750000569230800
010482976009003008872005010003201000026000183190638507937100005040350090050097432
472681309800200106003549270390826500004090063600300802048002007030000905926000481
079804051040170030310060024800600097400701586697408000765309102000017060023040079
705000821200150046060802507672405398050080460094000710900004603506038100008600259
009342000236750400547908002000500806083020005760090003950617038028030091301209064
502873600718650430090104508480067900900040701200010064079002040300401290824096000
030247900540063700607000342000701204728400030304602507250804670479320050000070403
030912040409305800720000395084690520000084039693500400017060000802001903900238174
734051068659280010800040709020476980160000072497802630040068590900700000500190006
060741809087600540094500070700019003410008907609305018071906000045000621800124790
070850200200430087384007501759013042000008305830540700560000100090765028027089603
070028150008000947010090086043572891001800032820013005100204508082059300050081620
648001093100030004007426508280003105504100020001245069820007430490012086010860002
582370601004651000600002500003500014425016700800430205206003059158740320009005180
028039650006154020904268070641007235075410900009520007090642500060900002410300700
002014078500708309798003200830197624027080035040030000089340050001002083670809410
006950437003406205001300008080070690130560702604092050450638000062705840318000570
500609070062070900970508316800001200291047600030260189620350790010790860740080003
040801207090240518002703000064130002021574980900682100200000360000007409430925871
100038092380060507027054008290000803008325901063091200002000436430210009970483020
070200350021007090036594017600050100710983624240006900090605740057309802102008009
204051000360002800010436520000070298728964010903018074430080100679005000581040960
768031049010000070400657380036508194840060730070903000920005410103426907600700020
004965310070200000516040982805492670600000804490016005740038109103059020008100760
010680457048100329500240008705460980094000000826907140200030061360000890081790205
800405020070009001159700043927184060001000294306900100730890012400200506612547008
000006098095708063468910050500090704620374810047001020710025349930100002800039600
070830461040100000891560032507010046400025178160097000300040807714283090080050310
803061029704390150010004070489615030070080600200030891092043060630102080008070213
709864302100000056306059008007000695860027000903516027078240500500783204032000081
000920705003870020700460108380609214049007050620104097004002006076098540801546070
708320045040006000023049786804900001500002678270815030000078004409103200617200853
135260084070804003009050060003602700027045091600000305501430072700501406340726509
870105049001960207296084005030206098962048103000091400749602800300450902000809000
100040836807900000430865901690100380015690020020530609086021503503400002200306098
830060000150020630760350082000605820506071394407203000013480950670930018040516000
621780004374605109050014000165002470000071603800040010080103020712450396090067800
021480069930200180008019020006907800200050090594068273102840906050030010803790450
500000006702610950460500073120005739945030260807062000019300000058197642604050301
382500614000021700704830020970010000045069371030740806007080109493172508060900040
806210930230070005751038062184027350070359080003100200000803520025700690010062003
061097050294651807000000901700980002030570019952100083100206495320040006609015020
069023187081009050030805090175040029000951076890200010040100500018094030250086941
001609080069308500085070196050106004104002053602043809017905408538420960000800200
295060370060950000080034596419576823000090000038400057903725610052000030070089205
006819200170000904023405016030164790005090340749200100290306500580900031060501420
509030042018045379400207000850003701002079560097068003031700050005916830084300017
350070000200640375096503401503081290607930018009060003971052864800400030030016007
507400090123008406800653010358210670206504000904700520000890000400307182082105309
390764008460580731058231964030800070006900482280006050810020640600405890047000000
200830509307295610450600200000523006130986042602140003004362980000000067860719000
384509270000007408000040003020008365005720189890051742950270010007080934608910500
708305400002710030001640790103250906250006814469800000814500620000400089076002345
019502040830070695005980100054706080020800501906310024240600800501290430600031250
320090400704251060800064007008000102601802090257100836162083700580427013070910000
631247059049516070050900040200804561160350907070601020000080000080000015415723690
029070630063801052400063700386945007270300804004720560500000108002180945100400076
410780003506139480300000901698501030700300619002960005900400050870053092250890340
070960082030802054682045937290504800841600300053281000408019000360400010000306240
036710020072030069010250430160540700804007600700680241340065910600000000091374586
400000000609045213035621840024067000100050674076930052250019406008006020061402730
007361408401008060000002730792613000106405070350027106519000840008570603673100005
603058007040370000005901403376102090200630071810745600520800746900004185000010329
420006059006080017870159040000307000350918276719000408900060004108074903207803065
007890062406270019089100003070060290003409700945028036710930040590007320300041980
042570000003020578087901640704080259320709800900402030270096405406815920050000001
065900701020601003109740250570100604890420100001590028754360802900204507200800030
043290005570806090009000007204970610006120700307600259008051002421780030795362040
230065781067098452840001000000100964510946200090287005306870120001032006008609000
729306108304180009080000406000600800148750020072800590016597300005203781237008900
010794035400002906509800042020103004000509671150478309000205403000037098800940257
090600050061250349320419768014302076600080003073100800907020635000030021130006907
040100967800005040619374080090203006231060078006017203080452000024000015560901724
305094081402100050008037604607348209009700340140009070001900460206413590704060002
367590801490001203012843790629004005000720084000060900700006020200007569050218437
300100000602804013904036287000041025567200040420053890000960072796005008048017609
000930024340050018825104900094500701030640200250780430460002095903475860500300040
030007890258014630600085100982041500007030400006850271000063042160072000724500316
002040015003007420741000093317650280009120000026070139035201047274800361000004950
986057000415002907073140000009200675024596000600701002302408006541003209800005341
307600085082053400050024037806002040001370508503480016960035004010960050705100962
046207015972810400105904000401000003709143208360072190094021080000096001017408300
007328100003006287281004006700080003430070098059463702105009070070240960094017320
150047829048090600720801503002038007403659082090004300007403900230000708915780030
516270008840530006730081040905002400107000063304007280473158629050006037601003000
900000082708106009304928160540780031000012900891030704060007000430801270180260495
419006780207500304650074010100000807875300692960000031000600103706003520320485970
300540009062730040584000367200910058100075602409002700795004020801650934043009005
780304906300091700029006103908473625005210300073000009000608200456030890802940560
007003608180560047304028100070305060029070504405096071240607910703982406900000080
045179823080000000209860470061932007307000012400750630506314700008096004930000261
938504120400000960000091430024730091001640753073180240300978604080050000746003080
006790004001400076794102580015007040309240065007580130003600400902874350408300607
510396807000001000300482006900207003640500780127608000430825970000964030892170605
005701000070843520004529617002000753497105802800670091730210940069000078540000200
080040060039561082067080401005610020346950108100800609600025040053008206024190830
006500010010830206278601509002400100184305092060208045750904023600003001043120950
096780201241369870007004630005030718138506020000840003904007002010290057870050100
627003100050802040094715002008006270071348000900001034710504600400087015086109427
015073209000209617029008045000090526502106700307805104876931000030060001050004963
000600053605318900319400087024500098093720500060901402400030879900107060736890040
106200530070869120820003600240001709057420800600708450400375081583900070010080045
530806017462103908000090060054002081190450603300701400873600540900024000006507139
007605029230700060450092703740006001100947630065300204698400050300069800500120396
516270008840530006730081040905002400107000063304007280473158629050006037601003000
003001090619003085070984031406028070130097064500030209008315946961700300050060020
271945030003800740004060021720581400015700268008009100080070610130450080460190052
064810050100002460503640270010700390032190600908320710845973106000060009609001507
904608530200730869680195427106309000800200306307506218539002000760400900002000003
070068203810230000023500186004002530085410609760305400058001060230840951040950800
400073916301090000906208470097800100065029087800107509640900038580742600009300045
003057060719043082040008903961080200000579631075002040007800400108005026204796018
538000740294006000100854090301560000006140030080020001453071800810493675670285300
032105080897203514600400372089742005500608243006500890000007900703000428060024050
610000000024035901008760045800020704073090100200106030387000612450617300106382457
015369000600025839930000506056084197001000000270591304004910650500408001129003708
150972046400508197703064002085700004947803610000045000869007421000081009070406080
046038570207059846805064930064010290000503760000026004050601307608070419301002000
700560100810020359050130006040600900207014503569302701175890432430050000002700810
508000090200691508069084032070059203021408057390020001150860309480013020900200016
002900080500084923986520010760100030120300058004752069018400005057809302090065801
052908030380105946600700800501492683020680000860000079106000458208306107700841000
502007060607018020010620745059002407300849200024700306205006804060084502403205600
310800049206504081005709030538020690060390850020608010643975120001240903070000060
643005271000040050002006000508910630170000985000508002210309564085261793006450028
143006509200048001060501470005169800689200147001004005002007936096312004034005200
000759000630001509195300472500070063076002104310645008903217840700804025084000900
083004156150300078067000329020915804500082607948070215604007980000800060800200043
010500204400203010298601703561080000000306580803025961020864300084900125730100006
003097215070002360000600970050026400000750082642380597026179803080003750907040026
005760080068400702703208506800006000406089327039170408054801603001600040602904810
800509400913874506406003008004050087107008659605917042500001203320780060000430005
029005013103060824608312009000920007830050106070080000491038270305270001200501438
790205068548609003000800507930780001260490085001050902079500100820163059050007830
000000005530801604108904702681095040005000980397420001859043120000209300213586400
005840102068050000104093758470005800200910340093470501610582400340009085002700019
100700206400086013693402700500604800060170309271008560002051608018060050950840102
703684015601932800800570006090300000185497632006250001408003209060100000530820160
024007916608014705700309000406100002030605140015402067500700008200853401187006023
670938500028617049900200786346080907807090060200740003060870405000109200009425001
546008073020000009397246580204917360100600027703502904405800796008400102000300400
402751803190030005003080206020005081634010027001274009845190602010543078300000050
040500200130840759950230010290371560710600902500900030429100375800790020001052090
000000135210079000063058270050000063098610450000830001846590307032046918109083046
502870030610035402008020905700008010830610540160407023473580261056000008000263004
057103000013609405900200613020090301390020047108436200530768190801900700009010520
164000000857026901900015870008050690029841037305607128001062403080530000090108060
070210863130890400280040009600730205040028600310564080021400300704309026860172000
005308107301759004060020050082090370106583209000000586209610430013842700047905000
190003067006970130703640200070390810360180070580200049007456920005010080612800054
230065781071098436640001000000500162810924300050176004705840610004057008003602000
050020009903050280100390060235061700810274650760800000020700801071680920308512406
901420000007156349004009620402067080050084102700201004096745208245000096300692000
746000201902316000300002006061003904079041600403650178000207419294080007137960000
900062000130087054076004982097000010020470809640839507063100095410705036009603100
004007305010300600300005214073059046050631809061008523046093752008400901730502000
803100006000030841142968700000003487374025000089017023001009068030206104568301070
090050020470160890680207013043009076509041008200306049120030004030005960054672380
043700085581060070070050000090607050025040708730502904300100827950238041812006590
700000310183046257002173000008010670901060500507834901019007005230090768070358090
407800000103029087800301495005600740321700068700938020639000054000140030014593870
004702810060030020700580600690010002007048350008025090203894165986103274041000930
567089020000005780803702096086500049070108005025930078638070050000603807701054630
100024380023950761085300000040009870230087104078046030010060900709413620802005403
910200470070010092802970631097108304605390018100002050730040906509006000061729080
000012050702900030816507249384000670005604920009753004590028007007069502608300091
080052690601009002029301075060080437940027060870640100530790214018004050200510003
892600001003970802050210096000065043006092007030741000005100960921506730607439210
605408700839002600024095803400950076597260000002001950208000109100020038943816007
913080020820034600746920085000000208031208750280507000409152800100073964308000502
536040007000735906017800503400090070072450198089102005060014730004380001193060820
378692050462108730900040800000207980780904020240586000600300070820070693007860240
060980500392475816807002409080750004500140967074036100030804090008000200249060750
100539460926140083005000700804970105760050930500310600270003801600705390053890070
000600850507280349300079106030720095900153780780406031092310008850062070070005900
050009614800764092469200000092400800108306950500108240610003725020517006780002100
457932608000056300960084005000805100000490250076001409010570842025648000748209500
040701008720508013508030062400390821391840000002010304280100500070453200905006147
024630907001902460908040010040300000100008702385217649059000106073169500002570390
876530019300901687090060000908204061260050094007610002050483006603020040480006375
014003007900407350307901084051076400073000620008524013709830046040000530130642009
709603400630005720002804603093080006060941800801006942300210000025009087076308214
068204031900376458430918706010689000870001069000000080247003000609500310053802640
024971065009500840510004700790082134038190000060300580340709008907006410100408027
100006008923587406700001503416000035070138060030650201001905380087060150205810040
927000600100670008863924751680405000079068010450009836006387020204006580710040000
400000150017653490092008000750006301000375049900400605389500217000821034240730580
920006500087000042046072918060000007034080025815327060600054831053008794470030200
169030705847006210200017000382509070574001002600273008000000327706328590023005006
904570628106089354002006007300100070001042000407950061053014700700395246000800135
740060300000483750836000049964200805208040107017050460001590670689004500500600984
130204005400000138076318004253109480960807002000500906042970000010030809095082741
047030020100020005052918473200380750013200690074096030720809306000073280389060500
093002010152309046000510023860253091501007802004100007608091030000430109319800670
100200005495378016020100980940500027286007000000632849674000001030916408010704302
070305806406008152508240000023801405005409307140050090060980020091502680052004970
005072419023510007709060030238000750000758320570103008000600905351940080960085103
472681309800200106003549270390826500004090063600300802048002007030000905926000481
491207860300698007800000920500002000704963501908005234005100378139074000200350409
073089402081604730040732000009540006738920000654300290092070004005400920007291580
000040890070821364340965001000400006001586403400009250702014000094253080603790142
456100080200009015719045203805000790090000348370698501947506032080902000500004109
200000000058010974410570608100045060080960240690802157700004005040320016931057482
002701050578392400031050092000020080057480620800615300004270030760139208283006900
800540001450800290300067054005980612196000040208100905984600020570308460620005180
600000071580274060309016025900060010728140006006082734210058003400730680803020107
028000059715090003004508200509100030172069548860200000406031700030025810201870394
000037045000000908320850001035001609096003057748500302807012004912640873453700100
039400020740908000060725040000640275074203091900010364406372089083100607090006402
062415000500932006093680000705029000201056047609374102376500004128040060004008301
708006502001238490020900106630700025050080014807040903005860271076020340180304050
967140300000726809200395640603001002405907060109060704030610008546809201000570006
807502396200978400509000080051620970008090030920057104085304720302080641060209000
600001052039004716172906400760029845958740200200060079800402000000000090097518624
740150006010600345590403020009030204005064170874021500051090007032047618080306050
006098450080040006432067081093475600000903007547000398309824165250100809060050000
100009002326801749007062003269587030070104908040000207405200070700695024032700095
904025806105806790030700040700963100456007329300050070810570902060210030240030580
025079031000061902193080006200694005364050190050010604030540019502036040840100560
873000010000193750091870360417900023305048006000031047708012930050300071109607080
500019680018007230093806010941050078820703450000104060257008043004001895080435000
100200700020651908853074000301000802080700300060108590502040179710320456609010283
680053090003671850070090260040100005200068070016040902090030716307419008002786349
000820590708000006040657310800001940104032065605090700582009070903275000401386259
030045070072968000564732108301000050000057081720090360056200003013400509297510046
003042706604789500000563924000806000301425690200307015046938250089270003700000009
004001800012043005753208604000439158049860237508007946000000400081304560020506300
090361008305007004600940130850703426207490010160080700940008600086109007721600380
002040306694387020300090074028761053040900002706002180489603210200004030100820640
206408300574390002081705004453007001700001400108502000602053800935804006007269503
690307008050009610407106029300594271520700430104002000940200083000470902732068004
024906008086310749090050600602039084000801200948020370805060900000593800239100465
402751803190030005003080206020005081634010027001274009845190602010543078300000050
009010708081900460064387002052871000073500801100003576807009135300720090940035080
370021540950604000002080193040560008506208739280007600120800367035076000600012085
007001000045287106602030798309708024580304600070060081708003005403056910050902043
070400503605890470124007608243570080091083047800104350380000002010960730050201060
060703020371052496020400700610008052000510007945230608750120864006080000280670130
003100400010496730476300029600200000307804206082609543804001970001780050720043601
204310605001080004076025081007293100003008206812500037060000013320741560045039002
860302794045107302070900000480601029600700030530204067354020971008470050006510003
500031706600245903932000040709018500000650070258009461390004650800093207105860300
096100300358200701002370865043000600070038109901062500004610953137904086060003007
008300200390507041015084309050002003980056007760031458840005700007163984609700010
531002904084509703976010020003090050029158076050070490092040600807031502045007009
803257001520106030010308925009004862478062510200810479000023090040000086361080000
300405908098630542204008730900060851070080200005912470806009105509201080702056000
100070348080009610003010790400090070961500204700068039305900400006124953204753061
000900800531782609089400702206390085710026930090008200127004590004015320050270001
000014070000976304904005060547002018180750643609048050020000736390407100706083095
260734085003500100509001024106970500904010830005340609050286490010400050492100068
000408106154200387809071000620003005590704008003082619006020051982135060010040023
005139086638075290004080005500703014310040000200950803401098700902364100853200040
065004008902360015300820067053008620420006093600243800841000370230781540000409100
400957000590201043010034002372500680000008130009060520065102370847005201201870405
923001854001908007006504300089100706704089120100206008098610472000490500342800009
351070004607400000009005067000630002073054019560192403745360020136720008090501730
020109307500280046083067512070340605000000030042695071705901060000576020260804709
000001605402396108619007003024070019093428750007010400086000501031765904040102007
308409007090812030402007069900003006163925708025008913000230570270000004501794002
475109283012803600080000000001026008000980104004307025000031850006548379350792406
600930205030205900295006037540023098086050002300608074970501800104002003800067149
100690024904028000060010038407000603600730200025160047840270060756900380291386400
305018040000623080208050931083006204540809160700040008000064003604082570027095416
265470089010200400090806072970360501056120008080090043830010904001987035520040010
270641083600203704394000016060107002100400897008002000016704009950010078430059621
000150406761400000045086139150060800000017390930000001013520080879631250004078613
587902100940170520123006700730090060000020097092037451019004280205008900874209000
206095000007406985950008032501200079008750016309860050802947060040002798705003001
504369120610247050020001403835020094270400030401700002700512008340070905108930000
500708316263010807180903025030000260002680109001032708304050901000007082008291603
008501790502497318090300045400750603000180050903240070005902184020010030700835960
090400510360518290507002300059760400720943050100000679600084005400370062931006780
003007845050469000040305092004006150605201934017594260000752080470010503008900710
090106300006204901451090267142000890605981032008500170003060024069400013724000080
007004901098060002461007003549802000003670000170400298030745180615238709784090000
690540302300001640407093100812956730000000080506480901108074205970005803200069007
067095420391247060020610937589720604003000009002459073000800000204001705970502040
601502094054100306080046005000010050018200937975438010840620500027050863006870040
080479160060500090794600058547263981030004070009080600950307406600001020410906807
002085310906071084013090070509000060600912058108706032760509803090003100304107605
900301007627405091010700680746009038001800056500614070802940710309108020004050809
020360000500948000087205609943500760201709050750426190032854971104093000000002006
530860201800057060640030087004300009001528634365090700090642005006000072123085046
945130702820700504000250800302001400000083921198420030036090045409500070070346209
903000008067183904040906201156007849300490065004608000080704090079325080501000427
863100509100900020200387406570031208081020040002870035405700962908463050700200300
800596300602001945095400008308600001020130070560907423003004609016708004280360107
400879300308104600710000428240098001000041070871200943930002056082016730100037009
217058903003900008060210570430090802070030609805162300701340280609780431080001000
173060002029074800000209763037945026090700000450001379004102030082450091015003280
406000732000827050257406010700004861310060000068712340845601200002500006600209185
020040063583967102600008070802090017004810600069470208098051700405009086006084091
006080127170250300203706009050307001307091205408500703001628004820105976605000002
261004709070900605050673200030087506580009003706032091020015980897006050010208307
600070005045081200820450173200700658370008900058614300080043769093067000067005032
573409200002060847060701003605070014300045008740810320006200109207198436910600000
800270640106409780402100090003006000085317904704090563307601059920705400060030017
083460007060709003792030506200000051000290634614800009356912070021007005907006312
007092380931086200208350000009210463100043090403700000012670000605004721794021038
850691470000274005497000006269100040710406008080927060000012004625803719040060802
068140070009500000430900005000653091076019520000008643013804900740395186805261007
560008010072140060341000080003610400087254000204903006020836109038495002496700830
903160847106040003007020106705931680008502400030400579069318000370600018004200065
860000270532170090001620035000097560209050083350081900083010450000065318905840706
041832060052700108007010094080470509015200040079180603028000300093028470060351082
605000904000674800804502670092780405401065007750039000109300782200100039530907106
628070190007085206500016007042050019050839604309040050006403080084061970930020460
570400803130007406040563001620100070907380210010204960005702039061900002302605087
620030005800071940407280301709300000082006490030958627018007036306102004200803109
510482300070000405406537000924001000108905000735824069840703000650090704307100528
045308791008001403390750000000280074470503086869007020184602539000010640206039000
945087012203601080000050047029800705768520090000076023007032058502460970480090030
186902057020070081070180060090005146017063002260019008052690014601307029030001070
006030005730800401804971360009010520360207108201048030007306004003789050628000973
820005063700036084630014050010087030300009017476021508500160029068092300093050670
612850000070100208004290361030609507896470103005080004108036942203940700900010006
