167000048000407061908316700079053180603040570080600000012000694356900810004168205
607108000100450280502090401000000318401300009830705024208930040914502800305064192
405280960106054307000070005753009006900701053001045089804037592007410630632008000
542009060307500800008463270685907400403000029000604000009248156816070040204096038
000394570074000109239570008700135000802000013301280756085700320403950007600803095
320010450107054003000620780674005230932080517010372906049001070261530804000009000
083601200006500003001000400024010050139740682005982340040260139002453768307000024
005100804403205007290804603030007200026508009910032578067029100100080740042750096
706002001529480600318967500100600094673249000094108307402090700900000020060720439
802065370516307028030020050240000039980000007603098000160004285327580001050912703
000506900175003640063408270089605127016080003040109006090057002831200709002091304
003095004012600035540720106006340057350079018027006300230400001400930560608012470
001007006307512840045600210506208403470009001008061702003904075729105064100700008
000049203529006104007820596096185307000003010371264059005092068002600000680010920
427896130830001026510400798960000203053048670270369500000900001080507940092000050
581247009900050478006030100627810304008000520009362800000500703270081005895073240
560030912049000500300905048002350890700049250095780104100507309970013425250600000
167032900009080041005016302524609003000340509903008064301094050090107438408060090
000009005381457006290010734000104508654290370803700400037900600900002140102683907
070000800950000072840030019394076028085920734017803006769285340001000007000610295
200670083009135070317400659090017800001943060002000000760392041943000020125784090
800907321203800604409023000038172000100060780607009215985006007000408906304790052
590100840074530000010409675702040500150860027008207301067010250021695730080004060
860000270175280090009470058000013720607050034250048100046090380000027546502360907
036401070902853000001000832687092043093045286405038107018000620700214000050000709
058000040009760081102843096814630905200470803700050002007026054020090730341580009
582034007073000900000672835309720050010040300760310429820003091130095780900087200
560408700307002059001057630890700160100094080270806905005201006010503094738040510
680453700050000043403012650031865020004097805098000360005700400840509036026084509
680020340520007869009846000302980706070260134065070000856402073200053401400090020
800950702420307060907002805000804970274100608089605004000040297502708016741260000
420508910983602750710030028500061009201903586049280071860020005150090000090007002
602354701084000000070082643030800020007135896859020007420768310908010070003009508
080040935925318406070090018010020703090006042030007801800001327100503689360009054
027806501050209060096005207765000480002340609040658700010504006600701905574900120
690040100010620049423080070000270368300095020074000591062750413009016007147032900
009004000000630900071890200580001492146259308700000561900516783000903054005487029
678500903200003008013070520406001302050004000107360409802107045060409837030650291
000104873753908000108007605600201450021530768580006000310005900060790510075802306
630700410190000270400019506001905600209640730063087194802106007004503062300008901
140060308390085760685710900403600120009300085006052037708120593000007200900506870
017304289000080504548069000002603890396070410700905020030726150865090070070500046
960700501040000608120035040836029105574360890210008463090800000602957000301040087
500007389010950060470068000095680000038079020704521008907030010382705694051200870
086037090245619308000000120000400203428065009603720054017946502304070901900080007
006084590094630020350007046005009180070402360963870200480700900507040610010523408
320061587509200004701435900840096200013570408902000603030850102100023045200600009
496512873002030005003900600004601200251048300900005148640070002300004761170263400
500072060970308051021090048450007813002405600067930005010020070284759036090600502
036007402700980630210306700190625300503004926060009070300090060624570890009063210
031090000008320905029107643004013056210760038306002100000950024140600509953204001
400068103008000062016000840750040630040072008839156274204700380080023007173004506
207065040100070530045901762000030495903040200000192803430029657000400081580013904
836021540070308009020467003000080900192530786308019050600070290000800160019605378
500203006942005301300407520810000600050031790207569084420158000060002450790300218
021540900705801264900003010500002006608035420402908150380004075200089041046350090
000500621201086573050072008030600084900850367760304210087200030690418700010009840
040000609913067805086394210802036070070020306360018052720641003600850020005902000
000106004000247006064800020049325670836704200075900000017600900652493781408071300
040100257079530610061280000136000070005063102400751960954020701003009006600315089
984517623030084000007000804058472306670150000003000571390000207802039040005621930
701040503285013460030725009300051980402690030809372046008000650500064308163000000
730200408080509271000084635001970543040053010309421867203005000504007320008000106
008003701902147005103009062410002006000070123327961500609034010700506204204008609
001705680680031900945200710004609850702054136568010009053902000200046300076003500
020604070000210056030700100300800215900520300042036980007460532060085041451370698
580402106004586073300097058001365027973200564265000801400070300010023000730900600
008596004109007020047020369680019503004050290905203080070080150006075030251360908
803006020700350610061084309020043087480790050079800062038520000010067835607400201
000613400460200015819500203200106904380009027604072001935761802040000036006084500
925700036814609020703125000200000740059803012000462058007310089002080301138097000
853200900900000360601903005400807030129430678708090500594072016016004000087160053
010039060064800000309050400870614003406308071030527048748061300100243006003780014
513700000000400197704126035008000400075864309430072518689043050040500960350690000
084600902015009003609083000070806041201430896060921030036590470890004020540710300
001004090500000100004100570807501030460020780903867025748310259100200048256409307
670028105002014030080970046726030050809002600050709002340206907960003824210007063
850347901094580720100000005008000010315270094007136580720010400500704230036950078
401930500375108400000004163640000000258410937000853240500601700900007051714305690
863921750200500800004006901902865107080030602730100040300250086608410200409070305
008104600271060503640370801004900000090046005506738009100000954059481200062507138
038400092902630548057090063560871039000504810080320600106703920890140076000000400
040607900097050632056309700025800340019273056600005100080036090060010470971540063
249605108008900750750802004500308017300451826180029540030007400400183000001006305
020406079048023051706009200004067500005094036639200084410008960890071400007042018
145269008000507210003018900306920050254000006070856402010392600007600529692005003
901520746007009005502047080423100950005034060600290073009000807276980500100753092
920547060030000940067103052000002706580030004276914508800479621090000400741260300
630902010040071693710300008007103824060027900123080006072608059050700102081035060
000400590249068013510079800925036008063900120000850609600704051401605087750200900
000009473904060285008035069075800000840600007690057002162543098307920014000108026
015080706004170203207560080500010369340052108190036000403007502009601004820340097
020096040781500693600308005098600530015903076006450008004000061100705300937861054
004596030691830250370002689100765000060000001209048076002970068706283095080050700
004360501073005260650904070430106725009072400027008900012040800896050100000281639
030001572265739040700500030170090480023850006050016307042005860090048050501360704
907250048041837290050049700005070002209403560103625009704360001328090000006004023
051083920000710300738002016043001608180200030070834092800309250010020040592108760
580900016670018003090560420240053060806020350007091280008170035960340072035080900
006030080035208004842976135060002370089007500000503806090750010410820007257361008
070190408804300600056048709020089104680000397410763085001670040008900506502010970
709000058864013007532700614926100000005370000070009105200064501608930742341250000
320981546450026000698000021260190780003054160004008230030507890040802600072000450
000200150536089070071450930107063002490005860002840093705008420004602305320590010
003840620294500078005072400907610582801205060006007001009008356752364009008050007
020540601004160590506980247238004069007001835005000724041070052309000008702005906
001053028068002103030681947059007280180026039027948060703200090090870000012000075
309007680006900503072863004090258431130079060208000700020100906950326810860090020
070005402065084190034209800000130248840027900326090001780952614409803000002000089
950410820037002000020705643045806702070000305093157400300908006702500034509304081
400205080127400056005670240069007400003904628240160700602008514931506000000702063
060000341809631750037405000906087415780540000003006207302164008500070906078050130
004002000013074690260018534409060723725340108000807000370481050008090470940700301
908050423053740010100039500060010004489075032002980760830400659040001300097368001
200063070049502603703400250004635801032001006608007034000754382085006000427300065
605390017000700062417605800040009308950187600780460000030001046074930180561840003
067050031050840096000031005008170649070006300936028000005314002004002153312965704
906003025140206089005709300408000050709502830600834107090305210020091508561400003
503001040247300081910000205001046503000173094409080006792654000300200760186709052
067518402180000500003407061612009085070106049030280010290854100050070604740020058
090080004084072015560340098935128400010030050400500231703010082600807100840093506
000100037750608140891034020926000014030416980008970060300090006680200091049563270
300854009405060713209007400097001534600503007032048006020410078148309002700080940
600500201005302690240000000007910060000738100980625304708293416002456738406800050
570001360206430780003270090020569030050300079639007105900020010381790056002150903
460950803800006904709104060106540097005070108380210006604327080078090031090800042
904850007001460890803020056002700640049605028086204009007000081120986070038570062
004793050000005008205816974103009782082000049697248513300980420000000007729104000
160090287004000000702800060010920300083147659409030721076014890320009476940006100
980001475710530802025700310532640098006008030098310600050470000809002740307800201
700804302908500700203096450000108200025973841381000070002000900160427583034059020
002008074430107602860320001970031005003089417106005003095406008600500109041802706
405210098010800702902035040098020400061487039700600201040570610057060024120903070
901350002540108796002090030400900081010075060659810027390680070720500618100047009
690021085208576000030000627004090560009062308316054002781030204900410800400280706
020047801401802307870100090060019504208600000059403276004508000530000018980361745
826510794000602380107080000200900408783120056004708100008000607300861049962307005
000406120090180003080203000750629431104738592000004087905800270017042065042007009
500072060800495100907360004083124095405037002062580073650010700000706930071048050
006814790900530000150000203501203974740006580029075631405700068600308000087001029
085017602070026050230900104708069503000005000563701298650083900802504361300090080
008640350456003790301090002710938624040102875862004010000026000000050287127080040
154789030806010570000046008019234006060100000320800000730458169605901203941000807
160879340548632019937004026016000502205013068400000900000090653320460107001080000
521400000406739502973510000007090004610208093000301680054007238090803401008120057
060800000850001009490060570304050917910487200672913485129000004748520006530000090
940230105600857943375900002400090700297500030810043209100070020700020610562401300
300540009065270010842000675200650031100034507703001400638005040509480163021009008
900008200308710096057946301030007810082105043179800652014000025526400000000520067
450068300380019542900050700100080630600043020243170058004890260012607405069400003
005706804608100509401890006802573961059000070060410200003901042926047005010002390
010702853080100409397000260630874900501020648040050032103000500708203190004507306
003204950065790843790000601589010036021600409007800512008900004906140275002050100
768031049010000070400657380036508194840060730070903000920005410103426907600700020
024000050005821004730000091002600137470392685650010429506230918200004000080160540
008009107906800304570340089060090712185020400020016030803160205601000943247000061
005260090008931056690407000200090010060310240007000369900672804340180605706503921
201905000040018200308007009035470682024639700106800004410500803092703416003020590
900800014000907650056020008583094260004000097207060035840009506760582043305640709
040500703703006125105320000900002804528040070034005291000073610890100532310209407
008090024912034087300208001400000000780905236509126470164070893005460710200809000
158000600040126058070450309020040890836205001005801063900002500004500036583964107
201905000090071200403008001017680932042537800306100007630800705028703649009020180
500026301703015480106007050074060003000590047365042910230684195600200030081300002
007038050105009360039510008004600100010007039092143576043780200720904613000002847
060704150500009020007000800000400500394158006080692341042987605650001907879036402
309001208007090014408652009520930000034026951800010430900070100640180723170403005
380945207009003154740010000400056890807000005510498703000580070073024589958300010
200703084100009730700451206417596028803000640062000071600900857079100062080670010
607051308003007124291030607032080001589140700016020009004690010000413070168502040
930040800021970635008130040850603204003002700209704056500827100300001509176009420
030089025268030079090720030079602003180957206050000017300090058025008164807165000
650020310008304900437169280723000698800692173106708400004503701071006009080000000
030000259002009030009023018100060973603290080598437000005182307380006002261370890
501024069000570020623981750000830046000195280208000905789053002002008593340200070
800509400463712809901003002005070024104006785207154063500001307320640010000930006
930167205005080709024090100056731900003900610180040503001600850807015062502870090
070340001930060780015087203050010800206870154701450020360700519027590030040038070
000004073536709208087230900109308467060000300043196800008041032310062704604070009
100702800960580073078900025024067008096450010700800564057604080300200650680015047
050479000790005001006321700027046380503807000184032076679204800030008094008063507
500208040804009072201704980005300067307006400026487039058600200010940058490075610
035200608100907052270035004020050090596300841001896030302400007010020503607513409
407061200100500978590207001040716092201000706760805004005002017002150600914608305
028006400040720056601043092000409025290037108384200900002570000509060281036190570
060517200807600300190400657501940032070083090309005460706801900040309176015700800
670418009904520000520007403000680002200701300048209075050372010730094856010806037
260493510053860900849000603500078002790145386600320000006000837301006059485000200
860000270532170090001620035000097560209050083350081900083010450000065318905840706
539071084020000097070942600783100020940230816000085009000010060067503908392064501
006030080035208004842976135060002370089007500000503806090750010410820007257361008
580034001430915086701080003270100040158009600643050007904026300007500000825390164
081207004023800100957040002162450708094610005830700400306580907008030051549000280
019463500050070061600005973031080240200001007967300008490108720020940805178052300
032801609001006082508902400083027914070100030150093800400010768307200000810475203
020089610810602073003507842030821067080035094501406000000003026009000001360154789
813040050200530600546070080320807506600050420900000037700385904409721805085400370
846010092001208400700069018167504900208607150000100860680352700310906200070000639
050003870027890400081207560530700290018020304200354100070402601800071900162030048
040057310051300076607190500200010740489700052100942800508400607306270085700086030
605390017000200068478601200090006805510832700860940000080007054041560980256480003
456008007000940538830270100064590072178400956000087000701009000685120740000054681
006409210091020408840170009574030680109568304000700900467003002200047890080250740
360540900500019040480700615130020709706800031900371060803000594600084027074953000
940030001300104079105028640052001390700092060804370120080009406019603708063057010
052080600036095040009106572604003128010640000093801406040000203807324915021069000
935001040000605000060004257086472190704508020002160080801246509053819400409300060
620005300900100802014382906400000600736420090005768143869250730007610285050800000
100800073207136095830700010370009480000213059951080006723940060004508032080300107
860039402900006817270004903000300284002470506450060000780020040106800705029647138
001020098089401002600900510068143029900670040070892100007000285230080900895017634
700090053910530027520170090005347209172000034004280060800705042051023076037400500
401000059009008243238049071687352910300900020000600008026803095053426100800095060
098001002000097035457320190764010009000904860039075204070100040002053981185069003
400009700073065000251000030034106928015970040600004070127690485000581267580020093
000020507601907203732410080069000408003846102028790600305279061290008050006300709
300070821060012070271840003003260719400980050916050004604520130732096040000400690
098400216000960500726058934007020340080003790900004861000390087879241050100086009
806102000147500089503807460039050008071084502408023006705318000300069870080470003
823579000059104720700360800098206007400003002230890564070000100002637495340015070
000000002274056193015732040007100200108025437032078050600580004051000920803219065
170600008968230074032708960280350406001020700007014093005000030090573140020109857
006020000024718596090043728002080070147500903658007102710200804289056300400870000
305010046000052301261438007100860734050007810730190002003006008819043000506981003
630700410190000270400019506001905600209640730063087194802106007004503062300008901
000506001201000064340080500014205600902864100000090428478659312195020080000708945
768249531009713800431060007600450308004000609002070400900638142800120906206090000
793046182005829007208000659470301005581060020630085001806030500900050300300007298
084050970030902080510037260000005300965203047170409850600090718090026005341508020
900060000720590680568430900457180206286000137130002500610820070070350461094700000
930060178001085460800703002364207001082000030507000624600800740470351086208070310
803002590750034100009501072120093060064100020070806941501607238407008009080350007
092014870670023904001070020007300000960080201208146597700208106013409700806700309
360900740720410836080736020016040057840007600573000018031570062298060100000290004
070493006069058300483621005732065010090037560051000037006209000300500690900376250
032180460589360000400900035104093700806510042375246090040000613600421900907030000
730500001400381007125047308903206510004803700207415000609734102002009600001000945
000574960350600070700080020017952804009710650020300700978200546540067001260090387
008009050059076182230105040810020096043061020020708304360814070504000060700052438
060023010041007200703109846070238401294001308010090060002070150087900023650312700
095074002730105649420906087006000923300090168200003400910560000003709250040301796
002018000536274819001000402490156007007009158310020090004700930283901040009430201
763815402000470600084006107300007004040682000800094021508721300432900015617000089
407650890006009700290810460070230104104970020602100970820004630503701009040360580
020047801401802307870100090060019504208600000059403276004508000530000018980361745
692073008018025600500000100000519862000080705080062390051947006003051087279608051
370105009029040710800709650060903005057060438102804900704002006005017084203490501
084350709006090050507608013942070500630920070000403926051864092020500040460007105
003620947047508600960304000750802039000040700894750002000005200415037806208460351
034071020800002079207380046740008530300004000610253794072030401400815267086400000
013085090079260410060009730046308027037002600900601540028030950054920060001804072
820039500150067294090100006000916002710000408362048901608390025001605740905070600
751009042309240800000503069008000010140380975970154080295708630014000720000426500
300080700280971360170004590062013005008000140401852603800026009604100030023540816
600500201005302690240000000007910060000738100980625304708293416002456738406800050
015003700803057029200000305608031200034082601002065037089004103406019502021570006
300827064006539027502600030703900810859100472014700300037290000200450003945306000
601048720700200040230069850072031068403802000080050432906503000020170396307006580
610897250005600010098100760806430090050709438034080100060900380307206901109370020
309010200000970015010000068435109780087460103261000400193040672500001094640092031
063070402804301006100042098070105800300824701581000230615003907700410605040706100
014597386037002410009031000046129500000040172108000604095078060362014057800060040
216930074903274561045000392308009040000800003427000986534700018072006400001000025
000048007475030082320709106504820670060170050780060210907012068100380005850090320
000400530071050200835200049602090175314070906907001084500040890029865000108730650
020405006805206947106300020200003709057008260093527080060004802002031004984702015
790560100034018062021743800000600294000430510009000306043871025000254900800396071
572006100608172459409083060950024300201300847843060000006900030304000508005238004
080562140040003607206400850060130574730000201058024390009010065600045010410290708
327080150010205004050063072509001028004820091280039040072000000005417263103052780
287010504109046080364785192905637010010490007602150000500000830791803020000500070
940020083300806020680039057200970018590300064013048090030000005100593840859704230
509040600861573940207000000983005204172009306000301700320810070790034165604007020
059360008060894250480000690210003049500600031390148002024900375801430000900270180
008209360092005040150048092805007639007001004039586200900050000506190823084062051
800070052601209870000050931706842593005006128900310460080007005067421089290000010
005000490030040760600003128387020610010076032460081900040895370073200586051607200
060280005125906780080070620074012569690540070050090040036824917740050000900003402
107040600640901372300720400900350700581090243030802009070430100006000804413268907
000060791318579060079241030703856004540032879021400000007900085985700206032000000
260540038840200001007803064604009507700460003015087420000618070301700040576900812
317680295064050030000023040923010400006408901400260073605800004070046052042075089
401927835307000090900601070046093052012780043003004100675010329280300010000572008
700000128532860470108279503903607852604080007087510040006130204000000630020000785
098057000703060218001208759000000307876090125932005860089000070000829431004570980
004596030795380460610007985900765000050000008302014079009470016401658093080030700
058000040009760081102843096814630905200470803700050002007026054020090730341580009
704230001001084052920005074109450280503020607006301005607840530490010720030097100
360027850000050060985304102876005409200086007010209630008693700453700296007002001
500870903789000021010006785167230050030604290940085316400160000090458000201097008
809601200000073085507809360206734500000016020013580400064090000902468107308125040
003045000478006510900702463090654130056200940034800020509008076301060090007329850
621780004934501702070023000859007320000018907200090060060904070795830146080076200
709000058356097002284500697128700000003280000040009806600042103802650749491370000
206095000007406985950008032501200079008750016309860050802947060040002798705003001
102983504305400870004700010890302700000007900753809426508000600420536187600208040
800079001479305008600400579020100867068540100091860200280031040000200015147056380
370150490041090805008034001035940600704060913060210500500001204010070300483526109
080700500403608901120930068340009015050103009016405280894307100000891307031000802
100030608408006190005009702713062580000805300584071026856013200040590060070028430
004605238620003010980040060007500002500726841208439000301907520800102403002304180
000394570074000109239570008700135000802000013301280756085700320403950007600803095
460930857910580000007200013000050009631490085095018430500020090189305206300160570
000514630305007109261900050427056390080730506050040010076098420002470960034200800
400605200105020036026019047003050001087143620014060870752401069040500002090207150
580302070700050326023674085070145902051000800430208517100500790000003040307021650
090508273802600090045209060067002001501463907300001052470026030203794810600000720
904032700672580409135409806548003000026004001001700542813090000000810290069307008
007400806108605940904278015002009700001750083070010200240063108716004002085127600
060803040007015008831200765073006054020094876086027000700062593600001080394750020
092807006600250030507090842030714629076009100109500080061438295420005001900006400
008417059106008207704600100800501076069780000401006583210364895680100000900002760
780040109610700205900531078436008700590020084870050900000000020340172590267495003
056943800009000037084710605027530008430086729800007300170809006640300981500061070
490000150053148079010795204074020001080401300130086420300000002728000913940037860
006400938814953072070006000607002019000860007382710450720305064400108790109600200
043700085581060070070050000090607050025040708730502904300100827950238041812006590
002760590006390080917004306060589030580020907029006045048000603000645270675230010
070082054028503960001004020843210075900040210052630400204006109095421006706300002
941300065003050900025900071082109700097038000036470298200010009310040507760092134
032800040006020300047163829160970004200084091098500730784030005000740210301690470
081392540400050980906008300000705609630920050195060207572086103000510704310200005
007060028410007609608921007106578094500400806380006050065210073003005280201083005
239000405000950007607314209071006502063085074004091600002500840385140926100820000
100005460630401500507068301006010040005674010214090675490007056800009700750246109
060050914584960020700204800040500076952608140007140080000000452316425090420780030
906501023007240985850300000091728364364010002000004500703002006620457138005800007
405900060100620390906401702740000905059748006008109403000007020672814509013090840
370064592040005008250098600516407900090031760080600420104980257025700000900540806
924870600605049387000001020201705400409100062080062109106900000040580291802310750
006030080035208004842976135060002370089007500000503806090750010410820007257361008
000740009065982037704036082000608300000027650617354090450873000900005843823000710
000106004000247006064800020049325670836704200075900000017600900652493781408071300
048907500200003910360805407020070000786054109003081742035006004004700680072548390
907584106040702890580910703090800051318045967206100400860000002005090074073020009
650400001041056002097000564036025490580314020074800103000598207000600849918200600
501024069000180040348679520000730095000951670709000103187092006005003712260400050
095007003400018720780409015270043950014096300009700106900002067650980001028670094
509307280387526914000980503408009307003000802926700050090170605600405008700800109
098107432200304907037200000009530601083400529105690000064720095901045003300010704
352708619148906070900305482720090008500080791609037204000059006000001005805200940
605000290840692510200015030400001800731204950050370042074068329060039701309007000
306800000970246538080300210107060820802701060050082041508604903039008050004509180
470900860806507092100036005007198206068400509041060300603704900009002704704310608
427896130830001026510400798960000203053048670270369500000900001080507940092000050
509142300008700050072080941023008764651473020000006030006304200040800593135097080
000000900007800023090316784750900006064571298910602530489100000601090045520480160
031028907900000503567001240079403150004965870006017430005039000008602391103000025
080109007750608012016700803920507104003810009067003058000905041805301026431070900
007021408805730000610090735079004380406080010020357906700910004900075103251800670
600040800307185096028060710005030067709050082260978500032594608004020050906010023
608195432105002700300874000059613074480950203000000190503700906000000008064529317
800000503195840070060975041018000625037501400500486300006090150042157008051200730
639487100175260480020150907490030672003706098067090000352074016006010000000000734
306819542040060000800307691004000015092075080508400260000120009217030456009754120
091620870408000091003981004207039406800065107130008050005090712612003000900512068
108050003000903100736210859900802061300100085861075040600508204502001600403720508
739056000001070306265310090002507080008020010003184270506741930197632000300890100
002000179047159000309762800408070000960520300005096214073905068506247001190008700
289100350005302006060490120408207690970054280002030010810069532320001009500820040
870025600040196580506000093600210075701050400305704809900002008408670002160809754
000080720903502004800049563300250017051000046409001050504630298798420031000918005
389400265001062004020508700840253910200106087910000020062081009108009650003605078
000002030002100740300490002230541600401360208576920000859670124760014080000859370
407910805015043206002060900008270590093586000051000768080007629570020300029638050
071000920005182074420930001090000005304279068160408390049810206010000800083725410
860490023403850619952100070000070005306500200510028360090000706035700842704080931
741000200398600015006810097070480060132796004600005900400268039059001640063509700
007351200000760908026089000238090540000240039600105082079810003003024197412070056
002459107900087405075030090056870940804000056007000008000794200709125604240308579
180590000923687150756021398861009037500100000070005801007032405040000782208704000
052000960070050043308070152080047095004105630026080004015302070239710580607098001
315728090420006587000005200540060710076941052900002800054307068003280070087600420
345600108289100005700859043000000000810704029504021006607010054003065701108497360
019450082520081900004090150290348716078900205001005000080134000050820391137000420
063405820407083510050100046009000000800036900700042638201309065374508192000214003
000105700085790613791300002008400970906037004470950806060570020327600190050013407
600084035004503861853900000040052009170038250028600043080700304730800600460329078
006007018040108960190200405071965000035012806900003150200674080604029700700380624
000000495240080730009340218064003009013760804825094070450001362600452080002030047
700645108509010037006039540310080056690057081258061309073000865800090700020006003
628350000701962803500004000060590312900126000172438090006849730405073000000010648
405719268006000700297000401670903080940500600010620034754000816801470329029000040
000406120040320005060105000380217596706534812000009047402900670037042051019003004
050000007080720654967514003800470000105860479076030805700300048640007502503248060
010042000504038016380605020265300008047089650800450070400590860950000237631820040
030940100917006543480300629001860400004592081850174236148000300500000010703600050
570420090640510270900030041092603850430087906006001004250064089860105700300800065
801047203030805670025001008300409807648050009010260530583100902090304710004502080
004080107390170508810026090903050700501740632002031900008400050640302870720065301
204090051019200047060451002920000010856049720000827560035004076008570104402610090
023450006080930007904807153600510074000003680270648000347185260056270008002004005
050009000040670850763100040380900610007356098500800027108060279070208134429710500
798342100000000709160950302670080904080479000902006871800000413530614090410820050
100004700470650032059208016080306150600120047541800060802000000930580670005469328
006510902890700005720063041040020006609037210207605490960204100100076029502090304
200510034341872056900000020092700400604390002010250689159000300000965041406107095
010008040456003089800964057294030571500490062070510000360089000000341726147000908
250006700068407200040509816594760002801000670000298450000002103412903500605804027
270000315500701846610405720430000102980142003025970600842050030000008407061000258
410908203803026090900700804080007009047089002350041687534000710060134005002805406
500108600600475823842000070030219408160007052028500100409752300007800290086030710
807109253003075080520006090042900805050402900076801340034708019200000637015693000
021080305706134208008020006005702140200048050674050803507010932103295084800070000
026070050700840396409063002178000620600718503040609070837190260050200030200350904
058200060906531208200008097015984720600703051024000009000010604163495800807300910
352708619798301040600205873120080007800030421507029306000052008000004002201600950
100960724050082030200470805090720000812650073005048001708506109041097002036014080
290300675047268300060900004002007060680019002109032458000056090916023540750090820
002040015005008630163000089918460270006230000034090561027504096481600357000003820
043900817009176500570030002058210000000400028962083451010090005200607180386021709
413680507000200143702004000165048702938000400207560008004306071670002000329017054
500109270003050090107002053002560000400908300059421008716094502084215030235080901
460080105008001432030457096010846300604502008003100000306795001901624500040310907
900408157506300092018520000280910040304052719009003008605197403801004506070600020
108090736020043050506780200001006807600024000392108564260000070900367482073410005
065004008902360015300820067053008620420006093600243800841000370230781540000409100
327080150010205004050063072509001028004820091280039040072000000005417263103052780
350700000076402859004019360593201008720603591000800200630008005910300706005167902
168030072370080491509700600907300080003152060020900100700805924801247000254090807
802000400130248060400901728924005036010093075070806001280064090069080054003709602
608195432105002700300874000059613074480950203000000190503700906000000008064529317
397040002841630507000978001705000804280050013016403720008195206659304000003007400
007105002340007950506940310030076490054300071902450800700060520289500064400792100
008603210020050306463120080841390052090507104005010003980200071010804030506071408
007060000501804702064073581040318200080007630793500014070430050450001326310650040
100507003207008500043062800421050378900470000000823401810730609304196000079080135
350048060040030052608075409070304210020801006461700980030000078085627304706403500
020570980007910254159800000316090040005160300090430168000740000074350816531080097
619000470802400030374159806041560700000200000568910243096005317000090602705031004
610240890403007001080905603900030085040659030352400910060300108104580279520701000
390801057207300091501029400000080045030045070705206000408002713912403508600510024
605207093709000500800569402061952307302806915008000000190005034284073650000490001
007024300456010870000005641600458100301090086580001490920506010100082935730149000
600005827080320004245760900700480069401009378039017000590130700008002416024076500
003048769000930002080712304062001070070269005500080010608170593090820047437000821
026103700730984050084270000070630000600810435153090006000060327300709084217048069
050610030036859007080400059600008005017502900028941763900085420142300508800290300
813040050200530600546070080320807506600050420900000037700385904409721805085400370
400605200105020036026019047003050001087143620014060870752401069040500002090207150
170050240090040016204713080002800407809067132307420068920600000706005824481000050
580900004007004890901258760094007032005029600016043570078430900050601407069700051
103502600800070104904680730400230906037496810209000500390160057700004060041750290
401005203370021405006483009583694700000030508120000090730050914805000630610340850
491207860300698007800000920500002000704963501908005234005100378139074000200350409
006208401524900000000704260302080195100400872009105030201879000698001327057062010
050804290040502007728300150090000071083197506107205300210703068005040010806901035
008567240509004136040019080090075621120036074060801093400092308000608950000700410
019750623000208000425090180090580070002000059581479360050007000030025706276041598
001900030324605807000804016002309700490700125087040069100493602006078001008501973
305008090780560043090130805450000060170025309020786104804390510030801006210007408
071204500004010609603089120400090357107850402506402000005007240340520010702108930
401905027020070905970302100700090612832614050010007003006709030093120408047500290
180092400092740310603815209010209000906400821200130004001000940309580007004021583
700205490210470006604138700809701000073682040560940170400590387086007010300000069
205907400400830762630020008800079340940380150073004800750290604024000900300148075
026037100400209607971006203007090065000058304305004000068975002530082076700463508
800709036950026017030180090041208975000400008280597341003851600068900004000674003
006009132380527006490006007200105060018600040560802913003051074649038021005200080
000647015000285090065000070074050931080002567306070208628010059539068020047509003
876340010009070004500109673097025060601930452400600030200090746064753200710060300
175460329300502400200907500000090700014000892000271645007689050651703000938105060
746058002300700905091423067402600000657039020000040001100074583870315090005896004
050610030036859007080400059600008005017502900028941763900085420142300508800290300
800090726005000080040708351000072100500040600084006203396587012752060839418039060
004970201007608309960320087458000603020403070093800040009030816301506702602700530
300504820005002706429708100538940602070851304900000500092130450004270980703009060
090060418840290300075830900759640102030900080400053609063400790084709000007306845
800300057764105002003790018005600074097204180640071090206017809470920063008003700
058203409003097002940005306200548930470001205380700040026074590830050000004180723
895060030067100905210009600008027300520903764730010850900430106406270590000890207
906000702012789600003602094205130009364970208000006073007001040009427851541060020
650402000480005602001038754210360080308250461090004007740890530039500208005023100
891057640560490278720830901976513000458000036310600095005000060600140009080000410
094000501570241908800609004000070002952180300031490856647010085089024070000067410
009504010142006930600091470904617503710000680020408100060009800091805062530062049
052001080407900253060325014201630805090517430735002069080290000073000008000086391
576401003003907008489000075005006047600705901290100056004810539002369710000074680
009126080068309005321075604010060740000002830006403010154930208082651003607004001
040020350005009204201453678400071502130092080900046130013000905009730800684015020
001380025872005413534000098007000201623048900050700340045036009009500804706090532
412080069000407203937061050508002301109040508304000020001705692200819000793604100
001003075008907163700000020300090201470150609509020700100062897824079006697830502
701908000062170804084206107426387905000400600058000002640701520800092400015060379
010740009902000007758910304005094170007103605160850403590080736003500901070409082
894051067503400091010038040471800003000000780308004000137095420085342100900087635
489103002000720860026500093273900010000207006601058927564830270090470680800600030
700205490210470006604138700809701000073682040560940170400590387086007010300000069
036590700580760009940002050260073890090825006708910300004159260020047008010230940
010008205000500418508001097800154003000309004094827006900206370630915840240783009
750638040000009785894517000140003008005874009038156200000760003321045867406001000
061570040080040016074018025490031500052790601100800204010423870743900160008100050
004051000086970530025006819070000301048510902560293008800130290692700140400620005
060280005125906780080070620074012569690540070050090040036824917740050000900003402
010804000296300184400091350030200560725486030080500407067950043809060075050048010
000092071760034802821706004010280709300019000900060183294000008053008007680321495
090600050061250349320419768014302076600080003073100800907020635000030021130006907
050010700971203460020590108013078654800302000507600203109004520042030019700129040
105000407070061309390004618000005976049678001006392045600509700903000102087120503
002680040160490200409001865507046938200309050093008004820037006005800300306014582
480010723035067100017034800520106487000375206000008359160700902000980001790601500
714903800008200001600701453007005006150472389203600010382167594060020007070009600
034000107005308000609175834086010503207853609003090002001904760700081040468030201
005740090273801406490652100020060037000037602700504081540086710009270064067400800
180050020209040507060217390004132050071500940052090031028075063510803009700900280
050407039730600280180203060040769001827004090010050473400028007008570902271006308
000403078007815206086907415103006724004370069765094301000058190578100600000000800
706258134003000028201930000012500097009012360035097080054600702007005840028741050
921560070308000546500370090103000782080032005250109403019003857760800100030917004
015020306036910074090603002342001700600054983008076020403509007060002548507140600
070280001005703082206541073043008210000302048000057396691004507830070060400126009
508900216090168045406200000360500801829017530000039600705486120040050360680001007
082604530635079420000003800820040063160930750050026004206490310093102670008007200
830020540040305700020470030381064079004200015295010064002100400000602193413059082
103900027009030580042817090910060205805170300700509108368040002001203700050601834
523407180704860050186003000640070000000685902250130800400000695862359700900740320
031500460057410890480300501710600082046800005000900006002730658875296100004150079
980006031601002700400719605503900006190030540020675309708004053049063100300097402
026950087700861092001200460805749020000000508072380910008406700140070030567103840
005040197810720036704091200080109074450837029907000051503000002000572960672010500
207300086680127309300080007071006940500902801902018005709803064063409508400060700
690200080000807300283140975709360051030025040025400093308519020002004039960002508
400027036203680409650003070100508094029700100580910063830051047010309608940070020
296075380001390006300060029900706005578920004060050297010089070800047162725030008
700000128532860470108279503903607852604080007087510040006130204000000630020000785
204650910085000670163008000002160780800300090091582400547806020010205864020910350
008596004109007020047020369680019503004050290905203080070080150006075030251360908
609508437354092816071403590000031000500980003983050004000000301168070040430126700
001359000956470301740020908675942080004600070038005609510034290062097004000060730
960040321810052090200310060390580270540096083080200009036170002020405708750020014
017342059000000837900680010378206041620800073145903200700060000084730005536020098
405210098010800702902035040098020400061487039700600201040570610057060024120903070
804060013010028050209510708342780095065103807000009300020400039400032501173095080
270008316400367829000020540504601000097004165102035000046010700023570091010902630
093265800408701629760000010200613790306002541000000200524187060600000080817306402
835600924090384001700020306008940672379065408460807000007490063640052000080000045
710640005809300472500908030041290780008760510075100004300800047087509060106037058
050260034320897105071045209482070000130009400900520318700002000500918020098706540
000302700437019065102060308010780490970034600260050073649108507300470026700090004
700650008095480763046010009478900526050208000001064807064703001307005642002140005
546008073090000008728365410605834790400200081802609304201500947004900806000400100
796003145034006902002074003320768419080500320400302006008405090150600204043200050
802000403914650872000400000546000000178036090239084765021005009690002340403769020
402150036005083020078009014240930000801700395030018042003820060004006270926074058
039006450000010600106453892057000120800500900600341080740239500928760004305180270
003970806028063007760500102300800950004057008685410720030081470807090005940035201
103760980947080030000930240009305468684200050001840020090408510408009072760103800
005130674076490002034700008017600000020900140690841527062017090059000761700369005
608005724007010390903247000402060107700409003305701046820070019504092638100580000
051802000030504012260039080086003127040021009100708054000906501094307268018000973
002008301300400805580067402267001000830725146104930700003004057015070000078253904
469108005000003407708000009953806000874301250601050900002705094106280570507604810
308000945009305020024891070782460031030708004050002807103500700007913602290007403
080006002670310908504920670097680015108007069006501007003049506429100700005073104
200600003000013862863527190048952300005100008109008046300070419000301607971060035
980100400400532890103804060008300210600000938002008070560783040004921756210645009
670010084451800307038746000000008792000697001007254600320400079745902013000305240
000506002832714569067000008406109050005600941091408600070301295240970100150002030
803002970270936400400010520089600752750800604001200000927104830500307049130080207
090578132703260004201009708000000600004725000907306805148050279000842513502100006
078543062032060080400800093003175006860000570015406309001930054540210600320600910
005760000903800167086103502400038009327014085050020430170400053030290004590370026
760000005050216004304805961087060400400021008106304572073100809008940026940630050
100830400083905060906010835207308100048070256001450008060040003500087910812093047
860409517709001000500037206912706000007003102300014978070300600608905401290160053
096250401080604325004070000030500710027036950018047602002405180000829507865003040
090108372742693018831002040106070905003516704057320060309000006200005093060030200
080300167043079005200010930501024003006153709009780502098460251050201078010500090
480210060620350091030600082004129800902006040068005923810060579790500000040971630
006003570090510840500649302600050701845701603970306400000962185200175000050800207
861900453005048069490653100758201040006074821042080500509810604080039000000000970
001293560235046900000587100523000806780304019009608075008401092047902000900805400
100703685504600079087205000060182007700300001218009436001050093040037062376920040
803040025010732060260100709607090510100504603350071400700400006480310007092860341
370082005415760802090510607050200180109075240200106009000301904024008301000497520
900578021000030479100040000693087500215469083078050962060004030850326000329005600
400035009590780364803004501010002450207050000635000002180560297759008013300907840
100030082060004390040098650020950100090060004538007900657300840983046210214500763
824073059070800030396501080680000023401230000732498500000002046543107002200980305
173850020060903750900010036086195042412008090000004078800532407037000280604709003
693014827000007103801029500940006008700000609006098254400200780028975460000841032
410600800200370106570048230198004307000280914320709000905406701002801600801007402
904000061060403700305076894250000407017200930008730506040800070780010649139040285
370108690006007020180029530248076310001580079009200040800040900907065401410802760
078001239190008076304076005953010060001060903400500800000030547739045018540187300
000081006489060071510402039970810420048300610003205008754630102091728304000000060
000014070000976304904005060547002018180750643609048050020000736390407100706083095
000001260601570830482906010270098350358617492000000000800209107125704900009100506
006409210091020408840170009574030680109568304000700900467003002200047890080250740
014003007900407350307901084051076400073000620008524013709830046040000530130642009
000695078790108050528704016302416709600872035187050000000000507070060390205000861
900700364160000802004062190802591000309074520070308040286050039053409000091030785
670020093003946087405003200009860005081259060046000829032105600004600370160430950
006500010010830206278601509002400100184305092060208045750904023600003001043120950
063050000920403705008170329075804002006002057390065014007000190054901008810627540
070002064630840520025701030203500098790420600004086072187095200000208701052100086
230709500000360271675400090083054009502100307009207085850902704307046908004800050
801036900607059021090200073406073258275601300000004060340860010059002080008190432
139872400680053290500006037090000700061784952000921600018230500040500029203600078
000009540306000010407001960070000620920060350600012084000170238213098476740326195
428130000700264050650790000960813570340509180085400920210000498803000610500600037
201500008007104200056027314070386001310902086620000490002039650064200139093015000
030250060048010753560804010010020047472560301080041020020093670304670098706080030
012003980368529407000010200006001850907250301801340700620075108100604503084100600
031500460057410890480300501710600082046800005000900006002730658875296100004150079
080360400046002350037108906458906032903087060000400109061570240090801605720030800
690021085208576000030000627004090560009062308316054002781030204900410800400280706
060400580708009032040020001076892015080005627235700894007250003604070008590080276
060102040304056019907038052701960020048570963609203000502049036190600004400000290
080401000510000842004002615129000080800005401450800709061530294945120360030049057
369012070020000309000003820517480600284301050093257108431070005802034706900500400
010020480060005079900087160087513602001804530350092840600000308548030010132608050
090600000008257014251800673509320106300076000106900327900082031807030500403560089
204500000005628439960007502600800207800064003347902068106200800002086370470390620
480010723035067100017034800520106487000375206000008359160700902000980001790601500
102560904904870010386410057600140829005000060019600430561094000008300000243780096
634070500500682039298435600015060000983527106420310905040001360050040700067000004
070020009040009210219867034702100040400798300308600791920503080685014970000900405
836021540070308009020467003000080900192530786308019050600070290000800160019605378
710684530640700820030200070206100083178060000000528167500000492061092750920875000
103068749609030102070190600060280401301005820280000500530000010012859004896314200
020506100010000240974123065046702000107090604200460317080201736032080090061037080
065420003030007082710068094300206400049031207201004806003940705027680001406010308
640735821103609507000800000400298705208157400700000208305080000920506183800312900
010094830079082061408060009701040386830021000006370042047800013980216574060400000
508470026902650041004009008003062095790084002046005083867143050059000604000590830
160090287004000000702800060010920300083147659409030721076014890320009476940006100
047320006030070402206410709502037008470090061001604057800060095013958020059040870
900163285816000400052008000083710002700532008421089357298401500005090704040000019
106328070302406510087000300500040039049032185000985006060007093974503821203000007
000008950001563047350020106514632079789045002023000500100290368000056000968301020
300400120709201030104680790080900400210540980096018302805300619901805070600097040
805329716037010200006700500783400091201900004000137805000091080014075060698200157
506013847000400090743095600985004070631750020200138050802006730450000169069500080
409000763537614802820390145600009200900100084040026570164900050098000010750001028
740932000002000703503000942405003170186094025007500469004057801379018000851060007
309010200000970085080000016931408760068790104745000800893060421600002079570049038
300658204040379100609010300003960400804005000005483702908030607230040519010596803
926010053000305960053906020304058002860000300090673184230809710008032509740001030
000080250527640300013920670001800002730092800086034795405010903002300008308456120
058000000100508070372009815034001600289700143760080029910803206645902008800075400
105003040730564019400080703072815360006300100013040905601058000307492680200000597
000400380810050496340020010578049023400182005009735600900004801051890700604071230
020360708058490036630070004070102009265043100400080325590704063007006901106509002
007805406850010700064027805690104200400209071102080904908051047700398050506000180
007300405008520900253064870090740360004030080836209047100802603600090018382610004
806210930530090001791083045984037520070942010003500700000306850069800470050079003
900700364360000207001032950504987000207064830010203070649020083082306000053070692
010042000504038016380605020265300008047089650800450070400590860950000237631820040
703204008094708502206500170000075409000020803520900706045300060810602345602457001
168425900400000620700306041040900500851072093009804706084103200006009154910507060
012096053700104008409500600008413027074820130320000080140258369080009005090600842
980006057000530001615870403450710826007090000830420170094001708008364002201007340
670901800091020756005036900950043107218590000700600080030060098402379610069005370
506021800780039006400500732290380007000270950357090408075043080600002300023807694
460008973000700060093540128931450600246001590008062310080073209309015740000000830
796000000500390087310640005005034900407169350900725840051483709634002010070500020
895060030046300508120005600007028100210503864630040750900210305302850910000930206
860003450400500016290614083903140600008360109700208300000000261109400800682031594
306001078700080001510697042230075816065008200800260004003020760647859100100700409
000208047005403180478510302304900700900040830610037405040605073090300204023790018
080907320096340800732000409900400075267508004300176002159204703023019000000030291
450670009098500732200093600905007806004920500720350014300160007149030268500084001
891057640560490278720830901976513000458000036310600095005000060600140009080000410
087453910003620080295070004300700806026001400000200175102065709060047231074002058
005340820900518460004009050069084012040200086238006574150930048473860005000000031
540902703200617094019000060850200049320800150900754300490360870035078900070009405
028596043570040980060080100897265400010000078006708095040803007302970064081004320
003906052019052600260030004670300508901700026832005000597000061006500239028690475
003000460009048300841637502917056000408001607000072819004905726782164900500000004
030247900540063700607000342000701204728400030304602507250804670479320050000070403
078009005092017408053004600965102003007605210200803509546030702001050040080426350
800634570503800041790100008105009002406200190928700400281070930340001020659300017
034009702060342500102005840700400256420570010603201080370014028040800075086950004
800000410070146850009785260205601784000050000687409030068072045543900000720560308
390020750708501000010907842803102405000804003249300068087253019901700230030009500
003529018910800020028003504200056083804107200069008401007080100100340709352901806
804179350000050980295300007506908020030700095709032406041000038050813000028490671
052080600036095040009106572604003128010640000093801406040000203807324915021069000
700024001690080400402019683325900700048057369000130200539802040006490830800005902
006950437003406205001300008080070690130560702604092050450638000062705840318000570
003040952200580070695302008006904007037061020082050196060000745104637000720405061
420038671100209000650010082001076400065040197094052060370401200008325706510000034
650020310008304900437169280723000698800692173106708400004503701071006009080000000
800054290073008054950203070010040006096082015540610039429831500080070040600400981
500070023207809050803150097309408215104090008008503040000980070780305900915700384
739056000001070306265310090002507080008020010003184270506741930197632000300890100
823579000059401720700620500076102008200008007130790452080000200007214835540037010
709180000400075081608040753196420300000067100027030694904010036301756049060300010
007030002504009086230618074360002040401057039008340250076000020902063710040271065
704060032265710900803402061040006087572390010086100000057900804000600100130247695
204650910058000630316007000005180360100200070032745800521904080060301549090570120
480007106020046738500100029000735004700820003200614975390402860140300007870950002
083004156150300078067000329020915804500082607948070215604007980000800060800200043
867500400105684307004201500001090785030068210078005600053846102400000053782050006
930047608000180095861030200092014586010000400046928030000062700120400863653801900
020047801401802307870100090060019504208600000059403276004508000530000018980361745
005000007200041900608900500074080600826193705591004032000019256150306409400852103
274301805006809701108002460700034619000607580902058000003720940027980150050010030
238070009090426780040008501050603170174085036080700005460837002703109854010000060
803020006040069058905870042009246000002050469684007501520680194006090200308012070
006038972380060040074120060437006208008070504009814030043081029021300056090640080
001080600678004901003167240254000703080045120300278090062400075049806310030702009
840032006002000010073194825705040360400051000018607549184063057050208130200400600
040201500907004261215309748050700000826915300704620180402097850370580006000400000
300800000481200795205010004900578300000060500658301947519702063706003258802605000
500096080400185602090723000300860549820004017900370806003000064765040108140608205
907584106010609830640130705070300012286051379103200400760000003009040061054010007
305010046000052301261438007100860734050007810730190002003006008819043000506981003
004028003270351084390000015710009056400205791089710000040502030021840567830100020
814960372065300140090401086001009803500010900926840705650097031009008600130650000
600070935904006180570390004000251473300840006027039850009000010000915302063782540
100030608403007210006008407832095740000801500519043062768059100020480070040072380
500061090132407600060050241025080100080170006901306854496708512200009408003042000
305094081402100050008037604607348209009700340140009070001900460206413590704060002
089025416004010050156008200470203960200870000098000703040132690912500004600790182
006719000097528130120640080080270491009380672742000003001030000008902010274801069
000003700186520409073690082308000590050036807092185003900000054605749208820350070
257830060019004203436027809000002000908361745340080026000078531004090002583200090
725016948008570603600980020082051070060000001341060002054637109009248005070105200
726005098040609001900027065307040580402750600500062740204083006003094027150200830
007004901098060002461007003549802000003670000170400298030745180615238709784090000
409015627702069080006800001070980432800274005294000800041500700500008310608791204
076140529930500000410269800083910004657000000040702308008304016004021005021095487
029150000005002040700903500600410035543607008018300406206730104800541002001286753
071005000938764025254900736300197082100600473706000019000009804009016350860503000
360008047280740036470320905612000700700601450050200061590060803103809600846070500
908104360672093410000060900400037120700910043319200050260380570097400608001706004
840160900000708020000403710712309500650001409480570100024937060960085347070010095
009010780052708306370640001090081063643900010005403902581000034000150027024836050
214653007030740120507090304903004002420005609760980053800409006006030208095006041
000169540167040209500027030790000000025930710830750904208001090070380105613490802
780903005003107600091005037020376984368009700947008000009530008000804093834701502
675090013002000070080702940120340069834619720056078031509000102700026050003501600
840270003600040108379608250016700482004800710790400500063190825007504301000360040
608740109405109320900080040250304061107000530080651900096035017002017080730006490
005837002379046000008159603500000439760000051920504060450900187837001500106085300
913080020820034600746920085000000208031208750280507000409152800100073964308000502
768000040190486527002790386030640090900812004274000608400200063605100879300068000
874120360200036080006008021910075830507802090008090570100600007425080010700214958
006001040490780610027906308754090106800407093009108500008004725305810409602509000
050860000602040987480397500000000108075618039004973005500480010168030090947026803
604500210017800400002413870070004030009638547438700600791250304060001002200307109
506840200800390060903050487058903700200004908140085306301060509000530040495170630
106950008042007305007430920421370659005609801609000230508294000200000504064580090
000006920902541087800009540387100490210090700050723016193000200625900104740012009
740302965950060001026000473000024007600090048234178009070800002061209000482751096
500109270003050090107002053002560000400908300059421008716094502084215030235080901
100279305073000090520038017485706023600020450002540800908350041230917560050000030
000000086850610970736289001500062013201508069073100020368940207020070108900025004
328041070500090342007503006010370405603008020054210680109705204005060100076102908
093100004285040603600003798067090045128300906004080132400079560806010029509630000
000003052305201470004750983240137005700609230800400000078302509062078041900004728
090002380623784015400090600806501403009030001310970520748300006000067040960805137
836079001070105906500020430040017005005283009289000173958740062100302700020600014
810326000704950012300710008587601020900002070040807053028460507003170004405280130
040500703507009482306720000900005306423070090051003274000057640890400137760301805
349020851050400009120300407982160070000007500001234008034671000097503146605040703
521400000703512408864970000008050007450607081000108950086001534010804706007360012
089210750050406910400509206501094320200300509030725060895107600300002800006908405
076240003001003720230000100690108245520039080048006370305962407402000930760000852
843020751005000940972100086280600504090201670061075208120509007000708100058000469
700560100940010276010470003060100300304096501591308407639280715470050000002600840
510396807000001000300482006900207003640500780127608000430825970000964030892170605
398000070006090450750268190401000082080174000075030014040387621820410530000920840
004070810020680940861005702310794058400150309052000100035409607600510003207006590
009010002600524890482700051900350060034100205065402370806001500043805016007930420
006914387100025904034000052080130049700000008450080701815003470047060003369740210
760820043023040800800390207000409670402630190659002008247005086000700009508263704
003042706802765900000839524000304000308216450600507012026971840087620005100000007
010008205000500418508001097800154003000309004094827006900206370630915840240783009
100509000873204965090060013238041097005007030900305608700000029350170086640983050
140723050320801040800000231780235106600000300950086470030014700071398564096000010
500094861091083000408006930060872509049001700850400023706030092910628357020040000
034900008901042063060801490190200604403509701800014005040600000650178309710003856
000907040140023567000140230407236180056071092310598470001350020003700608500000013
090050020470160890680207013043009076509041008200306049120030004030005960054672380
015026483030100090820309007160000305480260710500431020207618034040000650601540200
074681329206000810100703640000057196605000783007036450062040900700109204490002500
007098102620470850104020006200065731350200000071034065063100580405309627800056000
910804507804050392257963080001080075000009046429675108000008600006007024085046700
619008035250001070000235061107020600804369017005007420031006752400703006506012040
803019000000875030695304710329140086508006400067002391050008000030051060286403075
605890301700600080200000000570324090803009040924106007100908400497263805308541720
459078602080050010200340708728035901006820007100060205003510020045600103610780094
901350002540108796002090030400900081010075060659810027390680070720500618100047009
026100530003006090019483260760820350200007016390605700950730648600948000140000970
403090015509061240010405090802136004060054802390000150975012060206549780000000520
729306108401590003080000604000600400314980060096100830037465900002809341948001500
019040300083910560500308701370204800620800030090160275040050103052001600106482907
547026091000809005809005073058790036003580000902001584031967058605000300700103062
304095706206107048000008932841063007002804000530020684020300000713580400065012870
405600020083095060107020093320400750071209004048070912052086040700350689036001005
001300580807506002092048061300670009010900674679120030043850700920007058008201940
904032785058046001020800400092401053810903204400500009140305090209007540006290310
040100257079530610061280000136000070005063102400751960954020701003009006600315089
400006081097080056000400003970540130041602000200009640052060379860723514034915200
069745081054003960003200500502401000900020054107036829305004010401650273008012005
003001605765098104002306090304610580071039402090004070219083000050160940400070218
500800300213045809090032507104960003060520714370080006400370005006200108785609032
100009002326801749007062003269587030070104908040000207405200070700695024032700095
005168097980702600106000250007405132502071000810020970061034009208006703050017480
600348705048900620037600001074800500052067340100405078015083060200000007790216854
000520037420800906359604001792150048030207010060300702048000500905763284200480060
052103800014800735003049100130020008089610300020350971007486200060705089348000067
004507200721900803900001746600810004003029601148673905809102400057300100016000508
180050923007384050063010070001200590256400000008567142035100087410875309070020400
786000015512000403394010860027450030005002000003901504009024051230597000408136290
048007200000800730061009048073214895002960400400035620056003082090086350830092107
060020081403708009920630057005400002274310590030082740841200000000160874706049210
320010450107054003000620780674005230932080517010372906049001070261530804000009000
700396502000540090090700400070000821502009003800207906469180375001674080007953164
000287100720901030109354007007815960002030475095472010470520001203008750001703000
025986007040007005690010832780002600910403208003078019160800720008040300032769580
900084602008002050265730018084005003300206580702308096046097200039000860007653041
010208005260070948380906007000160850803020601196580400040730580928010000500890216
500790408108320700740010209300040085085902070017503042050270063260450190870009500
918450702240010305035820910087030456050640807600500100590280070403060000800390041
904608530200510469160349728509103000300800906607904183853001000410200300002000005
059200008302940750078306094017500940095460000634879000023105400506034120000000385
000630000942857613056000074003045706507203040180700032708462005000500360615300408
516270008840530006730081040905002400107000063304007280473158629050006037601003000
064800052200059601805620300470280100081700029003096708050904210046510007012008460
040017009029400670067908305000062010081049760632700904200890507470230100903070420
701509028945002076238000940300078619820491753097003000000934000083006592009000007
050241070400906201612000034800405107500063080746008503030012700184009620007504310
800507603203000089067809040694000038325086174010350900401000097030070002502493801
054900062060040059097586004412030608800490075070068040503029400609807520001050086
072961084430800615168430000085090420041000003307002001800209000014608900926304108
005014206013700040204690750108000020700341605046082097020038509031409072860050003
830000425249530786576824000302407008904250130005103000107040360000610000098300540
572069413190300086000047200609780100050001800000536040900670024026900070038254691
020014097670030140045780006054390001017408630080070409400000200060907013738125904
000250064710306052562007010276503149000020680801074000107900438023708096009405000
100860459035201060604050200040007190500980302396012070429070010800090620003125084
038160009950070360040302705071200090800016007065980134329700058000029010504608902
720093408800540030350010902010800600975460803400230509092070080007980246540120090
061700328592804607308002509005006070039100260046000901200981706003047002907200405
160920530350801709000375600075482301408050200002000085093540172040018000501039006
238700560040602380006058200700500640020419007483200905001005006960034708850067103
087453910005170060421090007100700203043005100000900746304089605060017428078004091
412080069000407803387092010104009307605070901809000040001308695500746000263901400
007000400605471029023508061050100000200807613871309042712000900500923174030705006
070498620100000049894602030900240063640070108510906200038109007700004310401035082
640007902291803570805902030000486190080731025000009840010070258428000009507208300
000703591973165204000849006006050000041070800809014607384097152500000008607580043
045308791008001403390750000000280074470503086869007020184602539000010640206039000
002013000609850014340007852408001520030680490065204030900300670820509140703140200
040900612506027934009046587123090806970060050065008000301070060092680340084012000
050200041837040000142009573216950704000780302703000906301008090068590237900070160
094200000020803964037000521419030080065940007070010409940380716706100395100060240
609020371783016900521300400007600503000100726204700189376000094400067830908200010
340506070209700005005082639020057300504060920830920056050100497093670081107240000
502601743000278060067304018300100024800703150146002037200030671008400305703000402
007805406850010700064027805690104200400209071102080904908051047700398050506000180
302090005670210084500630072867001059005700416100956000098103507706520040200008091
089076000402830560070100893700403058803700021504081030000360942930050100246018070
437910256002004801080026000008030620650840300301670504200407165006200400814063090
030000500582019036016032008065124780273985010000603050000250067057461890600000105
040300080000026007027408001380741600500289703201030094493562178750010206002000450
090003700487001090603200840970430621305000480120098300830904102749000508051780030
670001509200090014901030207007004800062078390580200476020040165056080943094300028
020356409000090060506800003061230700058940000070081905005179000740063891610428357
060000007020408069195762083607305890850900000900806524080200005500003912216594030
901030580358067200000059106810205603026700800090680704740000008600028401105974360
000857030370000400198063725534072601009015207007040003782034006600200870001706052
054870213008014000170600408092006104860143590003020006081267340046050020020400860
502000000080053610600248009000376005356821974008400060745630021003000596100582307
527800410800027905040560007734108060000300001085072349400253600050000270269704103
980300451015006000372000869093618245050240076604900100540700600000084097830009024
609405730001380006043009015964001058005940600007560094076154280150006400090700061
000257308027008009485900071843160702062084010000020086034071005010590824908002030
604850072700230100102040360500023086460080205083760009340600020820074691006510003
000041062000570000340629087760234050034107296012986030007062300650000400283400609
700581209209003070103200048401030050075629804900004307010905000530010792807302105
020690517608015903105040000037809400069100832001304600003470120710500300802031705
306002504010030607075614090700056040150048069048007051901503086030001070067409102
295700000016200490003690020057030004132008070004007318028941750500006930609352041
704510860000072405005904007006159000971328054800040001600201003518400792040795006
148700050302080971097602034029801000805346209000097000200173490001560700034908060
093200170001047300208130604002009560345028900060301480020590001907014250510700039
234870650050000007060215038020081079517090040400750063073006980080947010940008720
009568130002001509516030008003250981940010005025380400037090010850027603090043207
008300625316257049050006000125000937609032000000579260507821390201090076040005002
305094081402100050008037604607348209009700340140009070001900460206413590704060002
800072095510900204420051700901508042200310076650700010365140908040205630002030001
070001908009204000600908043100040589290680471700105630457809316023000807800507090
509208040807345609006000025205610708100000402608472050084026931001004000960031580
408726305020005004510030820040860293203500040100000607601402580004300062970608431
009540006615708049080006710108050000306009578900283104891305000030890601002070983
390020070070090260400005809002987503903006080807031000080560340134809052260103798
040500703703006125105320000900002804528040070034005291000073610890100532310209407
073209806040010507890076400900651008187030905300700102059020384030905200702380600
300080700280971360170004590062013005008000140401852603800026009604100030023540816
008026910709001320201908500010200063050607080673804209090002035105403670026780004
293004050508001004001000893135007008902408730487395200004809301006023079010706002
934020600006009074071000309013005068040078090098063400487690030352081940100034082
407806020090020600206037458904270500750610204002500803520060040009142005340080962
802104009530090460690305007908012304040079000716003082007900800089031620065008791
301809647064350900080006003040100075102705064503084020810503290005008030930017450
004900307970345082108700500240650930053894021009000005310079850605103704007006010
003908064940100280072306005708004090001695072205080036080069027100003058657012300
870360910590008002200075460062704590907056020050009870625800047049520600000041250
061239745005080000490010820037050004600900071104376590300521680080000100712063409
710684530640700820030200070206100083178060000000528167500000492061092750920875000
034002856602483090800005030078301540103000970040897003000200409089146005426009081
600041000031072456042003018104305080006400170280107640408200500305780200700504861
289100350005302006060490120408207690970054280002030010810069532320001009500820040
607002053350640870004530001000005002598063704061470390026700038035820000009350126
450906300380421060016000070075102600000060891690384250520610080739208106000740005
400036002729050600300092741046015090250040038100207504900468005082900410604001870
000004100617805049028039057700008462002410700964502030040907286586240003009080500
100080006600400002005063409068042503000831060021570894092000670436008921017609048
050820410032904605410006200679043050020000940004695730043761000201500874500400360
410302560620900700300506209082407150704005900050093407001000300593824671007601800
090080004084072015560340098935128400010030050400500231703010082600807100840093506
002031800001948206608000143300450980980010065165009030010000398040060520273805014
090085460800024019754006003500007300407263901023050780315608200600032075002001630
069078004587023906000500703004802630250004001803017025400206098038005100605980047
007630009059800204608950701080010607195040300006289045800100076571468003900020508
105860903392004080846009501701905406038601009460200810080007160207490000004308002
857204193001095700600800200206007004000512809915400302109603408500108037340009020
176349005305001079000780013700008000050470092401006037203857900860132754500090020
600240000000600193000031020032086745756492381048053062301004600207900500485007010
970004683400080700103697004610325400304900150009010208540802907036009800007501042
630018000200435618840000520008700000923541860060009251002600085406073102309102400
041059700067201008000603145650028000709430800284590603936002580100084000470005230
004500060920006730076382590013740089500060002708021340002638900037100400690004853
780016090000070103004800067960182304000050208805437010070005031510390746038760920
368021045925406800041003960000145206000000070104762580030218657000000428280000309
003620947047508600960304000750802039000040700894750002000005200415037806208460351
000820000407501803819007256090106030504380079031900560040600027902703610370210900
690007530357019048000530700903700800004006053205943610740090085009305060530860079
789005060050130207020607580430062109097010058800750400040576030570040816063200005
209106030105429870700050120050237041020081607000040003012798060500302018860004790
728093450400568210100000030540200068006819000810050793004000300230085601680342970
892354700310670409460009080174500863520003040609480502000800004001930258006040007
970004683400080700103697004610325400304900150009010208540802907036009800007501042
497521360000000702068037400586402100010300540040605087800060070601290853034750600
301064090240795160067000000079300001000009700413580006100973654795640310004051270
508001400604830095900470610761503084000047050420600103047006829380209040200084001
009700010047012956023096040086047095050039860910050070601003500435901087000065109
006089401009000067005004002300006700061030000520791634983050146142960003057140289
400001890910008206086792050805607009090054068024009015060403970200075083173080500
072030000406000020001240693040803009768900130300470580503061948690582071107300006
901000426040300700820496003400973610009018204076000800014000567590160042703542900
078001239190008076304076005953010060001060903400500800000030547739045018540187300
273060090080209300605031200016352479000706001709000002300907600047613908061508703
187902035003015000200003716760090284800647000091020360524039678008250001006004020
020004030645837201030010670013796408870050060500040720406023000007600302390470586
005701000070843520004529617002000753497105802800670091730210940069000078540000200
060102040904038016102067085506870020089610753703209000608041032350900008400000690
007605029230700060450092703740006001100947630065300204698400050300069800500120396
004623750769105020000704000145370980380009200007806015050030608428961530000400190
075032080308065720004700130040890061100207803839050004603508040081006350007024018
654320017802070460031068005000000570547680009128000600215007300300106042470832900
900006305361205090020037608090004080402860571058021900600098000209013804803400769
006510902890700005720063041040020006609037210207605490960204100100076029502090304
261450080080000750007823140035908007020500800870310594000080021018064930692035008
002459107900087405075030090056870940804000056007000008000794200709125604240308579
000073200320400697871609500280030059063090020009742830107054900050000072092387405
400706900783500600200034751630000200800371560057602083500960142042107090901040300
037000800080031007041007053805703042020015398910200075306850921050109736100006500
007504209529010300030809570050187493708000050910405007170043080004078105860900034
008503297503924810090870000059000074047300002362000950784235009000106028021098500
200350097937010805500607010180046070050071020064020581071400209800030106403169050
076008150014036007005270680091750268762010005000402700680020091520180300100095870
310094802008203910004801307802005009009480030060100000625017003901006720437528091
704510860000028104001704002005846000463975018900030005800102006192400583040389001
108060700026094580090703062457000010001476200060850347605930021003042075209007006
105002009836005217000006003087504001049103050051869700508907006792638000063251000
906000850850360000401958020208005400005007936700409582010090008320841005084720391
061870203700090500408203760000006910249187035130020070000300120872041350310702800
704510860000028104001704002005846000463975018900030005800102006192400583040389001
097401050004060391230950006025046010806700040070305862000503084753004600108690705
000006098095708063468910050500090704620374810047001020710025349930100002800039600
620087014530102700100600032706800291301025007002706050067400000013008079090271368
000832075250967001367514902000120030603705190700040050075003468900600703806470000
040281963100706824820439017304520000080000002000167008753600009410805076068002005
200067018140009000370408592004800037530904100807031240001080050080100320463592870
000195207700302908012470630009030080000050100060827409897046020601200000425713896
030247900540063700607000342000701204728400030304602507250804670479320050000070403
870019026090030500301082409030106050100358960026900801000845290009003005754201083
260540038840200001007803064604009507700460003015087420000618070301700040576900812
020986034013040700460310905072501009380009200140002600891720500054008371700150090
607030508050007963098265000004006302060040071973821005530670100040500036820310709
600087240804035007507001608010203080206510003703060512309740800470050029002390054
001480732742603000009100506000800400495271068107040095300504920204010650906730080
702603100003001872005780930000860743309007068800004000004000025927305681530206497
009400306370195004480002970003900060108036740504078103845700601000040850610853009
057190004408206051310040007926410500180305200503082146760000035005000618801054000
829300046410026090706000258000002009002000830568109024384007602600210480251608003
060000581205810070018957004004020605020508400153670029001205000072400098406083152
001200760306081400270450103034972618060005320108060000013028500002040031045130270
003706500709100048120804703201400080584301970000250310497512836000900027302600000
000007400071986302002534179340259000120063590957800000200608900004090286609410005
030020900056908240028037150475890302013654079000000010042105098001002630067380001
401823690908160200002000810054089026320651008080000701800070100743206580006508407
106480090590000004472910836080540020003000048249008160325090471060104009914007600
214653007070190230903020105807006003640009801130740052400301008001070509026005014
