043908056025130080800050302080019070710003529390605040430700065208300097900584030
040067003305240006060831050090004025003095010000380097624978501500026940018403062
874300601006405700010706403580043200730500910060170035043057180020801540150004007
100705040002008059546019308083451002400007080059002413065100804030504900204086507
493001528501200930020050017000830052830026009060009800050170304347095281009002760
528400307047123608030580000190750800470930001080612794004300900013200006050800123
000920705003870020700460108380609214049007050620104097004002006076098540801546070
486051230002070004005840109000568090904000700368094512009130028003085970817600040
349800600100270893800690001700006380002500000936748215008057400204309158503400006
506008703008325046301006800097003061083107020100069078832600509000031280705902600
150340200049010076200000413461753000025681300083004650500000060697430180810096005
005010946006000730097006508030564280762031090458090300203485000074020053089603004
001800542604025000250940067013560974006309010790100003360018250542093701000200400
014060500756203984082950176539040807000000045070380600063078000840120000197430200
004100037310407500890530041070005209059804170103270080040050010030028704685740302
002089000300102657514300209208903510071020308900608002890204060107030004006701835
078205031960107082005003400520789014001052609390000005002908100130470208680020093
105809460083604009600300087400902600006700328728530100360008741502400036800163000
570083269002400500390072800009708020045020038720305910061854390080017604407000002
500006700084019520079503680750630900020078465096050300817005006900160037002407059
003470090401529760000080241000240109049610508130000070250068317008130004306004982
400270360086013704930400005763000002040365879005120040004000201008641930319702400
450010320023605010008203670000006400504301069369024087032150746940002801070038000
040712009092604718016000005904007851067140000100803074653401082080030047070920030
030670000745100306002350179090760010207003090601402537003900042970241850408007001
007630009059800204608950701080010607195040300006289045800100076571468003900020508
085730000200000301130624785904000002012487003003902417546310078001005906300076050
000005801075030240601870053908710430132408005067200009209007008713589004506002007
970080063065902017083006920000608371790340000016507009250009130009805740000073695
100749285950310674470026000581030000040900502309675018000250106210060003630100020
400359007083007140920008600600004930894605001070000486030092564046003098750406012
643971002270450003085200904000045080034702509061080400300020106010030795706094208
385700024074900060906400030063079280050860740728340500602158009801607002037000008
249537000010042007035060000501300874973180500402050901697205003100493706300608000
000040108405908260820160000700804036080293705309070821070351080690027513031000002
730006002540000009690040783850670231900130560306000974105490007289001046003802100
004830050002046103837001204685074002700009500090308647010900835009605470578410000
629150400057032190103009000970000804234805960568900002080506040005097608306084010
003709608065203094740500100070130509308600402950074060280406930000001040436027805
000007065000985002200140389040862950702090813800371246500608000008000500431750628
908403207007089430036075081019040008000590012302860009090038020283000106740020853
427896130830001026510400798960000203053048670270369500000900001080507940092000050
005000480891600052302581600006800004420910067008060235080153740007008500034796028
009410268040260000862070043038140000000920380621080794094052810200600030710034509
080450100270960004940700286010290700029047810560001409150876030890030070030020548
800950702420307060907002805000804970274100608089605004000040297502708016741260000
000510000075042891168003054702001000006004128410285609007100486604037500801056007
058300010301746090700005623970520401085960230100008050507009100804107360200084509
540090380032548160891030700659273008084010500010854000960480001000000030105360874
708006502006532780030900406340200065080050073502080901009160324054020190120709050
789060401000187009106400780004800915502640007017503600040036178360050000970014306
000600053605318900319400087024500098093720500060901402400030879900107060736890040
008001500047930080015067234502003400009504763036079050603002048790400026004396070
061703290827109053943600000630400900498210000710305008000000719209830540150900032
082316005050020080006890012819200360200401058064900201008502106040139820000678500
280500009004010020079428651423180960006004080090206310160809040530740190900001230
150390027679040005000170089465827901002030068300060200500402170820013500730600840
720903040041000983905080670053401796009000800060807051017009060402706539596040007
297043006000520190065079204602004873070632001004018020380200400400395000759400062
004007906936108004800960105740009600300001872081572400200490018408210507160700040
001005603206743080093010204120980006078530410300020098037800109080062340402370800
160375402800200003250004071078030940002040008430698057020716004786050129010020005
972050840085040000060801520546008370018030465700000082307400016690200758800670204
751032800004800251208601470982000000470018500130024680013009726600003900049076300
035096287670830050002050300596020078080900630020681004047010906901060840060349010
109030068208406100030012904904003705000940000325670419000001043016089500783054091
836021540020704006040653001000070100279310654104069030400030960000500410092106875
706002001829410500135869700400200053358674000092301807203040100900000070060780492
049085103200060405081034600820610009065097004003500861912058006050100902006320018
800405030400060052029000068008207096294006307065900000183792045950610073607503001
702090008038021007500870432289600345075209081000308000624980173000762004057000006
940605000760009042001000809020034008385170920400890056850060000276950403190703685
207300086680127309300080007071006940500902801902018005709803064063409508400060700
600002058853097204240150703007564009105009000090701030500206890080900520912075340
014080902900261400080304071030002010269148300075009280000970020820415703093026100
096074201001962730037000060849251073000480500065000028654023007708105340000007850
030007890258014630600085100982041500007030400006850271000063042160072000724500316
001876003093004100078009654009003700710090405320741860034900520057460080100085907
850041026460020500100609840908105730035070910200403005080236109516080073300007060
107900500390450267640002030003805000906124800201370000034210706009600328702530041
740009800830705100260180003087352004050407930410008075504821360120040080308506000
605009102082107603009602004500720900300910857796004001003490700050070409947205310
853090106060815009009600580032000408906381005007029601400063207670042010320050904
315400870007000426002700513009304785070056004154007002041023000200005041736140208
009300046200941080054008210520030090743090008918500003400683050835009401092405037
150002097490735010070006052010360020024150709035200081000640005309027160567800043
034087006006103500850006437610408203500310600203060801300290000490870365180005940
070200039000934086396008401010060070450302610630081950063100800001059062509023107
370548019018320000205610040187435926000100804640870135050060081000001603060083000
000060791176592080089174020401725008560049213092600000005400032743200809028000000
657013042009504030040070510090001005501460083780390120274106300130049207000002051
058300461470050000600184790007891603010240057392000008700402300230060514104930070
601890020900000500504173896400008100006312749217050600068039005705640003002007961
304860250085074091001200030000500080173980420850430109600045912419003000007108046
000014070000972406907006010834005067790430852105068040080000321350609700402083095
042130007030720140078005063090007050725360081080250076250010038014073529060082000
189000200072865300350291040700000406000439002208070003521980037864007900037002584
904032700672580409135409806548003000026004001001700542813090000000810290069307008
201030908900081200063095701420100803080973402107800009016029080040068097508007620
978010200060908007001076893409200700002039410607180520000690351590801072126300000
045003009003980600802056143271608904030500280500490700008000397069840502057329000
300910420159082706420635908578260109600000500940700860290000001700129380010000207
700250108340010207810360004050001082204780091083092005030028006579006820020503019
031658902260007003007002140016005004942061057000209601090006328075803010803094005
005093170034010908601850200040170509358009001070530860400021695562004010007065400
054167900290584173000290405012809004037010080009320701040002807000940310000031546
920001875178005200006280190600108500034002009050900000702800431309426058485010960
023009805069054302080310090301480269098726100002000008250908031906201507800030900
839000500001703908050489301020800015083510000510960837096048703305070100070305240
004501062358920074010003090581670240030050910200130700100805027095060801820310009
004103000050020800180965300209018040830506912040792600978004165020071489000009720
094000006703506900106800003867341529240600007019050468058473000002010075071205004
270008316800961742000070950905106000036009521401037000012080600048290073090604280
005400009000009280200800510064087950710905042009604837482096075053100498000048306
500203006942005301300407520810000600050031790207569084420158000060002450790300218
361000020407006830002703460000075040200040708870021650543982170600100504709560203
005600000100309007000071098901004830250003640346928005019205086807106453503007920
000279805005038040007054063430502078070301000050040000010406507542093186796810032
060835720570204801082000030805379160000080570791600003608103040020500018904028306
070360100016078245408005006804700020050480013021039860003241900902600430140800650
320000080045018620100325907603907201001530070074100309806279514010000790059460000
030590816890007200406081700360409580080030401210056090040020900623908104500103620
802564000650000801000981060280003950105246087076805010960152000531409020027038000
012090638379680450000340000691074305040030010500019860920100006086027093700068041
400000150017653490092008000750006301000375049900400605389500217000821034240730580
060000052051370800207056900539210684802900570006038120100805067045001390700640005
005720060361045907002030048703486210050000380620150004830004602246390800000208039
327958060000320897690000300056071043010005208702049010070400086089062004063580109
154789030806010570000046008019234006060100000320800000730458169605901203941000807
003001087068593421201004000000830914819002003407610050004006200376925108090008370
261098030503026008000030462706215049405009000010003675157302804300980150600004003
680090010052170690090620804045300089008004000710582346030209701071806450506700900
180590000923687150756021398861009037500100000070005801007032405040000782208704000
480000027063427105500083060008305942230900008650802030000700504095030070847516290
908140030074082005516030002149806003702391004683020970031060050060018009000253010
006400702308067000027890463001030800790028050830046129189005204000304501450910008
003900210206108000701452000004563082612800070008210600809720401107304500035601720
001005683503201049080634012005060007000748105800010496304006251090400008608120970
040002100086701024910036085060300240435079061009014003293000407004927300070043690
081000590045180700900265801076891230804020106002040900053012000020406319109300420
005001080039650071004398560500400098070905240400827605146083000002570130057069020
726005098040609001900027065307040580402750600500062740204083006003094027150200830
002000179037215000408976200503020000780130500009057438064501027805742006270008900
601307852570000000002159306016094708035001900040083025354968007008000043100402509
046038570207059846805064930064010290000503760000026004050601307608070419301002000
800140507007200040914506028280000075079420080040837910700304001420008706301062850
056204319419365720300000005094832070080046003673109042908000630762400081000600000
600981000049000083805023697400805209008047006351600740196270300030010060080064971
000506002832714569067000008406109050005600941091408600070301295240970100150002030
800507603507000028012304050193000087254073196080910200401000075060030002308452901
600375100001020056452600309847130560000007030390280740014560200073001690060702403
090060418840290300075830900759640102030900080400053609063400790084709000007306845
560070840437086015900304067600021300278000491014008602009607000840900026000842109
000507001907803254845000030170089605096001008008056149001290003480605000309170462
020000054358469007400028390610074500080052063042080170234690080807203005000040932
100038092380060507027054008290000803008325901063091200002000436430210009970483020
053460079704005638082007000008390460305804000010070803906103004837649152001080300
780903005003107600091005037020376984368009700947008000009530008000804093834701502
281000004530200190400100372000814725140007009002630041905080006306090287004761903
070405060906700104504096028090207840850300007047680510280903071700041030403500980
906204070004056092002070406009083160360500900081460003095308010073195680008627030
310600758067502100804310062543000006021063540600405000400100603296730805008250007
608195432105002700300874000059613074480950203000000190503700906000000008064529317
200903010810004075065081420400307251701400000920810064600002507008509600572640103
000057000794003602050960008561300280307010000480726510035600824040095001178402960
700200091904760302038140060006050709503901026097306100082403070301607208070500610
508470026902650041004009008003062095790084002046005083867143050059000604000590830
860000259700985300035042008246590730500003080008260095170356024053020007080100063
120780500598060020400100090864093100200847306375210980901078230600005407700020009
006900000402510769071680205063040800090050372708139050630025008040700520205308640
074350912351200060000801003706015009043060870900083640097134580008570324035000000
800257009015006403209400087021045630300860200058030094197508340002091075006300900
701463908009280475408070003043602580186735000070894600090306004010900350230000800
761025840400718203032940700006009508580060000200507030900003002628050390040892615
806405170004271580701008402607302914502040600009000720290703040063010050008524300
094000006703506900106800003867341529240600007019050468058473000002010075071205004
062815973150090080080700050040059037500680109978004020090403518030920000714060092
486012000012700906930000010608479100090020684124036795861000509009008401040690200
680310200402600391003420080000900800538261479067800010806730940720506100090100720
006003942793004080040089031079068020000400893028395107000801006812036070050927010
340098705651407200708520600005000962070280153000309807209005076060910020480702090
041600050032190608006052103327910005908047306000005290415300729003409060009520030
306072045008409036045800001950380062200097080860020370570906420680045910030008007
061009250008205700072063098910520080803007602200608910000892004184076509029000036
080290103695700802001548000020800700510023490806010300152089670008075030973402080
932500081408093002000048059806021530070800096301605040783410905060350074004009010
000003908184709530930058001400030100705190820013027490500340289090506000341900650
067321804040809062000005003035906008604500030800437609008760915900204306006100427
149000708800146000500780142975260000001000509080591627410800396650900000090613204
406000501205631009079504060000068030003005247051200896607452903000079604504080702
600900028420000001598160703800010054056090010300578960760040105904350206035627009
090240583300019000286050091739400100010920608800501940428075360601300870000604010
107090800803540709000000300781036950642057080300081076218060000070800501930714628
860003450400500016290614083903140600008360109700208300000000261109400800682031594
005063489180020500940078020000890030850201604319004072034985010020700943601040008
000740009065982037704036082000608300000027650617354090450873000900005843823000710
000900150853061002609205703045810009090430215106090008304129007900050801520070390
050087043080000906647390180070031800009408007002050409798245630524060700016879000
002601004600008007891450236580046792409570008060009500120904870000703005376020410
008012965000308704602090813274005690910000250850729000005080476307204080080071030
703684015501973800900150007090700000835421679007860003306008402050300000180290530
100900005269100008850300010094200001020019540715403620970831456400062090030094102
200503198035180020861090000410036209070915380003028607000601802004072005726050030
580907412370410900001020050037609024009004603460052009000501806013740200895003740
030670000745100306002350179090760010207003090601402537003900042970241850408007001
036208401819037605074500900003106800007900000002873009708054002620789300345002098
075100340800037105310045080720694000400008679603050420037800950500013007064570801
020100046540300000901246875004037108073901600052004730089763512260010900005800400
720098050069200010080105792102309476403006009090710005610903508005872300208000940
804007213000802659092010400500028147000104390007309062470030080385400021020780530
420591000900003571103800092039012786800035019012009000706300024340906057005104060
040002100086701024910036085060300240435079061009014003293000407004927300070043690
102904860703005120800012004415297680080300002200040905001529048028060091304001050
930001500501420603007530140605708031018200970002190800820350719100900080079012005
103680097675004021000071065502708910008543070407000030309802740006000053740350089
140060308380057290592830400709100820003700064004092013401320589000008100900504630
057618200091000645006059010000960570965003000042085369600500031500200900319876402
009500100825146930007003042008674200700201059261000804083700495400905006590408020
000056931053001078900003250071008040548102760009070180190840620830069017000310094
059287103800601020107000680403560700090070364708403500580904076940700030070016409
000214003903500408004380701600703050470895236502001007000000012108962375025108040
017003690064790103009210007001504760083070509605809001590000204006142000042085376
074100502095062314600054000013426850208500036009030001430010007007040095950678140
709000058356097002284500697128700000003280000040009806600042103802650749491370000
006301700050602418189050003760020039002403807530109600203015000000906024695040381
062100004800036057350094806200540790980070045570029080100853009438900510600002308
046210590820070100010089072031006800008154329902007060200040015093502700084091206
096780201851492360002003850005070194674901030000850002508007003030610025120030400
513070000009300100760200930206001587190537206475028319681700092050090000040180003
036208401819037605074500900003106800007900000002873009708054002620789300345002098
602080705850670901009340060008230659060054078591800000080020097026700080307598210
367590801490001203012843790629004005000720084000060900700006020200007569050218437
001963702023007800507008049010704680039500020078201504100305078382609010700002906
920006500056000014074015268010000002089030046263481050600078491042003685190060300
950200300100003209083000007730140682501702403800900715008001506600509834375460900
003025008080130200000876134672543019508900763139760002364090080000000000801307940
023765981006098300908000040240007600001040500075826194090054203560002009130680075
106950008042007305007430920421370659005609801609000230508294000200000504064580090
700000000020304910594178362200007859809021030053096001905743120107600590002010006
400216970070803045298000003500301406142609300060020091700908100023060780804702560
706005001200630547150072090402017030070086104015090076640050082903100760020368400
002087904701290530409600020074120090095073040008009753100500080903018265850042070
803257001520106030010308925009004862478062510200810479000023090040000086361080000
900063050016007030530940687200194003601200405403600091005080740720406008340709520
002340086400056132605128009700002905080571324203004817000715090010400070360200400
100700206400086013693402700500604800060170309271008560002051608018060050950840102
004623750769105020000704000145370980380009200007806015050030608428961530000400190
800709036460058029090620040021504368000200004580396172008417600049800007000962005
740009800950801300830560001064753009070906540190008037407395260580040010603107000
205600309068530040003902610400100030871003520090825074607009000184356792000700460
217006400000120037034078210059413800180600009600800351020369008076205194095000003
563002814108050002000318000630024109874500326210063540007030400350009207406100900
072030000103000070008710936010204003894100520300950180407095261250876049609400008
809300710340207006500910804050603148608140000094002065210409007906720003003060921
756043280089201300210586097000009720524060810030020560800610900340000070005732048
802000403194650728000200000549000000218097060736048291083002005420005830605839040
650723801000090005134860027900070200071206480000910753000080104408607090523009678
001082060360700900204000810610327408483061070700840031037008106090074305846003002
230004706054960302007302040300470800470189500508000174040201037910706050720030091
204090051019200047060451002920000010856049720000827560035004076008570104402610090
001023489000901750005876310910057034030219560050000001007060198060090075129080640
009002563504630901306509000008374050175000430003051078840006005930020014002413890
091080054600351800503900017060709102930012060410060903150203786020100400740506030
001200049432080607806100250960518002100007536700000198000849060304760925610300080
980026004265471300140900006030002471800704600006135900650010207312540860000063005
572069413160200075000017200906430100020001600000628090700980056053100080098356741
195000480084951603000804900003040260461095730900603100007012806010409002629030501
900058401400900802518602003095003140030490508604105300007061209309784015106000004
050867300002000084879204501016300049040921600903005017097482156080150900105000020
003500080064310205902046017507180609046090500090670130309062850005031940021008060
602079501001050704850014900400095867508036000109020053386041009790083015000007048
834075209007201583512000064096010008785060042301080600059020030043059800000030956
270000315500701846610405720430000102980142003025970600842050030000008407061000258
702530004009400003403026179500700910936102740100950600071040000805091427090075301
490007013207049068300002970000604800800015732052738146009050381638091000000070029
530807629000601007670053184023700458050980000700030000067028945092405061040109300
007500049460081073390706008730860200500403080906010435209058010100320907640100802
070190408804300600056048709020089104680000397410763085001670040008900506502010970
209400178300270400840016200908060013031095007500032094700640950004020300652380740
140768523030024006208000090000300087673892005820010360400200001700685002352009678
761302980058916000003780004070020810089451230032079500317294650000500001020060400
046008720000004956910706038809572100600803297021000000097005800263480009485930010
589016000630020000002500000064035009320791605195680273840157930000000487903042100
900317560006485091050090800060021900705840020012569430070100000020050374089274610
050860000804070629620934500000000203046783015003251007300490050568020090492018706
582030604400070000901864503010047296604080057020690840100756032200003060309028010
039006450000010600106453892057000120800500900600341080740239500928760004305180270
907250048052894360080037900006080001708605490509341006403910002275060000001002034
006310804800074610431080050105008007280750031900042560017093240002000105608521070
080040060039561082067080401005610020346950108100800609600025040053008206024190830
003007045540029370870053900002530714007091250135700000000280560754910802208300400
450906300390128040018000020043701200000050794520649830170860050635407102000310009
301028594502970000904003287049780130000046078807519062010090600290460001050800009
076090004509306172300081500610070320057630490900102080800510047490800653730460000
841209650205086009390457080400000836500678290089024570150943000730000010900000023
002040015007008060651932807870654031006090050503001609004080006900075103135069780
000900604596430080380072105010046058608509300053010240409100020002890567805203009
401070305070569024056003007910004650800390700740601230530810090100456873604000002
420051900005098200800023405594030006083140509060000342002879653037500001600012094
892354700310670409460009080174500863520003040609480502000800004001930258006040007
054071002732098060001200080306814209009300610125769800200000098048906070900087420
821347500070060100006020378910703005008050901203190087087019603032670809005030002
049835107087100605100070008096000200020907064401362709900083450060400370374650090
890461007140507020003290461000070190201080536460300270384050000917020600600049780
020364018146089020038521946090600000000008039007093800360150480000946350500032690
602080405300607001704502086460070032807061549100490000041736958086054720500000000
180092400092740310603815209010209000906400821200130004001000940309580007004021583
275319000100600057068027390000008020080473109934261078640002905300096840800040006
650710230290083047700246159007604092023001504000092801480107006002000003360020015
318005927005072010002091005006907150579100002001053069903206074200504800104009206
085400702000019005493205180047090500031500007020387914354020601060154030010003059
067050031050840096000031005008170649070006300936028000005314002004002153312965704
572006100806213759301085060960047500204900617157030000009300040405000306003524001
319500072004900510507230946800403007003102694600095028000029005006304081035800069
821000547463870102050010000974031025300090401215700630000187003508009016107006080
019463500080010093300008761056070820400001006293600007520806370060530208837092600
690020380530047006200903075040056038019204007860700401903618700406070019008090503
034900008901042063060801490190200604403509701800014005040600000650178309710003856
563002814108050002000318000630024109874500326210063540007030400350009207406100900
007500089930047150026980300352800060800005037100364025681003502703452018000008700
700062908648030502001508670410600290562900381830201007920005030174006000380000120
047003001051807036060510480082731000603008702010020843008065120026004090034089670
001060052780035900025091403008000045450012097302549600060300120510920870209107030
000981740948002051102030080601329500750006023020800160265013400300460215004005007
900540308036008705025093010593060070000430061041027083069302047702604009080070650
078040012502710980006802040691300250800260407004085003300008679407600520069157000
007024300563010820000008671600489200408030065370005940780203010900071483130846000
026103700380274060045980000060710000500340681413090007000020439100809072259037016
000307800063000029098012075300801004089053210000000538031945762524170080006230051
298406050000500042051230096064800010125679438000040020509700061010920300840360079
807600009645073810000150407750840030439017685000060004570400196060081500103096008
840502390000400000903618405400985000306020508108004902005209800639807214284006700
724050380060130750010702040586971230003540106040000070137465008402000060000290413
016387020000021360000465078085130006107094203243576810000000402530709600090210030
041653078080700069036200500608072014397005002000960703460020835010006097503894000
501473029078100000003090716002840600015007408804609170180230050250004360006905280
980026004243195600650700002020007965400901800009258400830070106716840250000012008
038146020010500603652893714003065498007904302000000160486001500001408070070039800
800900300003820105621057498050716280000400050180009740006198004518043009930005810
071583600603049002405060380524000931010400070007310045150034700006028450800600123
412006058067350090903080007020700613736100900109000275308510006005247031200063009
760508100802010503005930087001003270038120006027605390070301804510809700086070015
040019580600003019917504600720045068004830001803020950009062870078050006206708105
267009100008201063010840079102603790036900400009012038071025006685704302000060057
746120950080060410200340600400601097039070105610580004350006709900054001104093026
029150000007008020400702500200680041851307002046200305904510206100476008005829134
012003800080019200350806417500397684803100000406008071005901740900740106147002005
000864000008072300007935168310000089020509013890041002072400801009703526163250040
620100405410002300007500002300420897200357164004900200138295000502684931046001000
260501300700820561305006008401369800053470100800000643174600900900157284002004006
070030290601020008908456307093280600080604900706500482009170020042000705057342069
014058020000467198897023600200045801041009560080001439000002050070394286400580900
803002970270936400400010520089600752750800604001200000927104830500307049130080207
017002000850030172600781450005018200206040010043067985308000620560023008020896034
500040670006107085200800934903070010704618390000900756492785060830400509000309807
700000004603849501040030060160028430030500706000603819015082693070096008986351200
708143620140850930030000800860529071215000060000301250321905740050030002007016590
408023601076005028050000370810000569630580047020409013940356702700012095080970000
100509000873204965090060013238041097005007030900305608700000029350170086640983050
043082050010540780200600094300214075150097608097800201921400060500160003036005410
070200601831054920050710300200430860185070030003820019520048100300097002740002593
570912004231068705408500600023741006105030907704859100002090000000124009600380270
008500097096307081340089020280003905901046030070205048800401003032900604015032870
901040657302100804604050201800201703207004185100780420710520000009406078006970002
003700060289610070610000205430906700000073514000002096804230950075489030392567800
005740090492806103730192600050020086000015402200308051370084560009560014064900800
945130702820700504000250800302001400000083921198420030036090045409500070070346209
000007168007926504034108972001034095053000801000010640070091256020503480040680310
060009320820037506900000800006903280402871009189502743014358900290006400370004008
926010053000305960053906020304058002860000300090673184230809710008032509740001030
105627090200903154089015027020100830008700916013056742800261500700008000000304209
046937251092004000503820000010780690085003107020610438067250010050300789408070002
905267840080000900036804021050120460004053710691040050200480105068971204140000080
890401602010250709205009013080902300004705260602300000020194836009036027068020190
080509013259600740000482056096004070703900480010350020360000097870290164000708532
000006000062109703193057426900600050450203607270980034340500260600400070025761049
030256007400398120020010093270041059310005870096003040059080002100700008783562904
480210060620350091030600082004129800902006040068005923810060579790500000040971630
020410060814039507600000413003000004467192805050043690031528006700304159000070082
000102095004500870905340000790408302802093040100270900071804530520030604408906721
037596008006000009800004615089057006741069000065020907908210504620900001514070392
054900062060040059097586004412030608800490075070068040503029400609807520001050086
700100369049062008680705002001873095508006207407200600300908056052630000906001823
104090005259001067837206409600074230041003006000069780012007543406005002305410090
013908520020056730000312890000105608069047200054623010000004102281039060045201009
800000904031248056560091003208013600306820041005060230000470000402300160683102479
079620800000004702423087109785040601000708045340906080890105420230070018004830900
000684950690003240547200003050001084820740130064805020905400012370150400006092078
004970201009403807150620049592000604080504010013200070001050486905801703608300190
500100306091370480070000105060400500307510869185600247806701904002903008050806703
072961084430800615168430000085090420041000003307002001800209000014608900926304108
750030006300604210026870039500087600138400750007015304000003028205008063863129400
834090000697002581125760903082076004350120007700980302000800405003609010510203009
090240583300019000286050091739400100010920608800501940428075360601300870000604010
340092651085104000001500807008050002910428006520700984002340769104987300039000008
040726180900030420100804536460108002051000304792003861509000008674900010210300095
201706530406052070570041020020410069069008240307029005604007090002094356038005400
008710900710020360062903501200507100100068095975004602520049807640071250090050400
094000630001970240503416800108759060035200170200040058459032006080507413010080500
700205490450170003902384500603702000041893050870640230100520364067008010300000085
639700000270400030040020000700302948100879500300054721587130492400298150900040086
684073029009200060002049053305420980106087045400001200003862017001090600267004590
527041390000895700408000501081936045350008907040010080004250006230164079109000450
864000000007042380500060074678010402250496008349208560000927805782004010000103027
024000050005821004730000091002600137470392685650010429506230918200004000080160540
000040567659008043000615092000061004001480950086500370003094705005032609012056438
130000052004005900050109840490501706063042501200076430080690070902010065346250180
407806020090020600206037458904270500750610204002500803520060040009142005340080962
046508023109360754520714000097003516460801370301000000200036095004000030905047601
640392005700005090150040362007651028481000057060480001015003006976520103000810570
094510000031207060075060913068321000020700650700806000480030006356170800917682305
087030100300080900196204000540308601700006005608925403005490016960513207030067540
040801207030420691009307000086940003071538460300176900100000340000004106450613829
100030082060004390040098650020950100090060004538007900657300840983046210214500763
904000061080301900603074258140000805026700490008420607060100030730050146451030789
001480732742603000009100506000800400495271068107040095300504920204010650906730080
700090031030071249100003687480050310000430000359002076800120754502704963900300028
690174520840500310005080004109802053504000600700956401058761209301405867006000000
038705010000306009709402053586000147043670205900050086302807501461030700005060904
570083269002400500390072800009708020045020038720305910061854390080017604407000002
130204005400000138076318004253109480960807002000500906042970000010030809095082741
401730069076420005003900074620510080500000320048672590702350000805160942100200750
300006500870504009150809247900300052023001004410652790639007400240003970000495320
823700090709065218105020470006900002307200060952130800508010026004082731201607000
039406857700030600460907030300060709096270000078390265854700910600859420900001008
000760900087010030429850167000001340014098706076005809003000470765300281140507603
370040020092005014418602957003400702764208503000007000040801205026573000531024800
024309150005026030391458060000081000100045890500700210760092041900004627050617903
000073200320400697871609500280030059063090020009742830107054900050000072092387405
070190408806300100045082306060023504580000263430615089004560070009200805708030640
508901623602807010090200050250070381086105090900480002103098200709002006005064179
010096305030210700675003091902070053050604810061530007300800964194360008006907002
004037029087250103039100700051672830708090510006500002470005060805004390100368057
260054000708960524500703001610508902400239086980007340105376000096000217004000603
210000000790105402005824179047010800650938701003040960030000090400651087576089204
000000897952070016748060002806009045497502163025340078000090000200030584001054729
461302090005690140090008506006041830004700200273065019710900604032570900009086072
930750006016804500705631080400079600300506012561003700023047800094210060107060024
000907040140023567000140230407236180056071092310598470001350020003700608500000013
201634097080000240604870300102390070805400020007028635409783060506040083070200910
239067005140090627068010934300970802000206500080003769850600471420850306000004050
843001205102530060765000081007610830901000607004003000050280913070046028218095406
097431206034609000600005093040057030700208050100000709071543802480910075025870901
281050700000170823043086005809043510004507089507001400056038201300400960910702050
876530001000090083043610207080040900319206870060780305037024568500301000604800102
320670489009824030400319062802400016037908200560002000000540073003206854940703000
700168524050000800648032100006451390417090058300800400500089740063710000074600931
380097065901000470450601093006000000100060000248913056819204007720380041604170520
100230406896040002400607910270063009010400060064790238005006801680302000709014653
170028549060430070054900030492070053000093064601502900006000008018069420905384016
058300010301746090700005623970520401085960230100008050507009100804107360200084509
740900000090802510800730496000520608609078251085610000063097040578360000024180703
082604530635079420000003800820040063160930750050026004206490310093102670008007200
690540302300001640407093100812956730000000080506480901108074205970005803200069007
057020000000804315431690720009036084504010006360450102102500843080340690603081000
705612038002089700398050002007103020200540380400208590001837240900400060804065073
013000062020609008085214730204006053500100870801547090092380640050470980740900005
042305008006020930903408075298004750030070100001853490069030001085942307020100540
010482976009003008872005010003201000026000183190638507937100005040350090050097432
000920608005017902020804357003670425050438006496251780240100500000740860610000004
500072060800495100907360004083124095405037002062580073650010700000706930071048050
087500014024107600500004027210603089046059100090010062138095006052301008670002301
008050091023480576590076000081030964050697800309800700007500009006728140845010620
002790068430006501008103047076000000900501080041089723365010470000037056784960032
830027951097510468540009030070300812084200005162075390410000020003102780008006040
701306509530720600800900704000500291305601040194078005486007002000409103910850076
071300200009050073004020519703000420905240761060710935207860050058030600006970182
000107205035692810412035700360000001007060040089574600608019302000200107501783096
309720506070006928206059107400030075138567092000000003004680059905200381820010004
271358064065091000080027315608079123002046750007002000706080500100060872020015030
780903005001207900039005067020496173364008500917002000005780004000304089843609701
120000948760580003983000060000240305051030800372950400816390754009005680007810209
017854006086039257500000080062005040304002678008643900703500062001406530690320700
040809765800524319105030800027001004010002576400780100032078690900165030060003408
102670004480000013009184056000750600025068190678001405200000301043016079801937002
073908052100407000029003471002084710710002005506170203008700100057240908201890037
509760382020035000013002507104500078098017005200640031060200800307900126052186003
603729854020000700708040320046907502200050416000400087062500093380091245190200070
930004060021637894007090500010020038080370150352806900064082379805700000003901405
071300200008040095003050178802000460304760529060420813205690080036010900009570632
821000547795240308040050000389025074200090805154800920000632009507009032902007080
710006003060250870908031046041903007020004009370065482004300068207600910106597300
095804021820009400004205097208740100003150700410003256040600503089037602370021004
620030005800071940407280301709300000082006490030958627018007036306102004200803109
763815402000640300081002607100008009020439000300076045204981500679200014815000023
041600050032190608006052103327910005908047306000005290415300729003409060009520030
089620007050700980731805426375009010026000049914060000048930270500200860203508090
581603294730940580006052370170239460300700809200500030020390000019406000653007900
010600870026079013708013020032700980800001300940386702154900030060038190300160207
003087100100050204792401308879000620020670900004529083947830006006145800001000432
019240008208070630070085209003006742021039800705420100002800065186594300040060901
906503072750082600002700019000094730630050104475801900200170360067000001510468207
650723801000090005134860027900070200071206480000910753000080104408607090523009678
000521038010360520025470169600000045984100206030706000843010050250604010167030980
005040197640730085708051300060507032280316059503000016906000008000192640432060900
060054803000682159009703260903460782070529030206837490007100006000005040820340900
008069471924810000100030089040690052052700014310450008203070000085020190060948523
000080659507960402040210030470631025010507096635029070054000961008150047061000080
964000001500160084800574902709300020081097430002051807206013548030006270078025000
987100425431050009600070813200041300060080041140039057000506000090310604816497002
830700040061408035070003801000306450600945002514080690120009064946150307008670200
250000040901200358807050020780091000190732400530046071318670294000304010075029800
700300820080002475020847009001738500570410300060925180057283900019600050402501700
382004060607020900000107823421009530593640000000000400050302004074516389109478650
010845270247031050090000031902078605004003700750092304065200940800314067073500008
000007065000985002200140389040862950702090813800371246500608000008000500431750628
208070005059318640600050380542900063100003400300645019005100006821500904003892501
080036941950410600060000000206000003370192480498300005829670050040253810031084207
309000270050270940204693100046050300030709801180026095700800600460905780820407510
400270360086013704930400005763000002040365879005120040004000201008641930319702400
820500004009208765460709002000001900302687041618900230971865023000000109503092070
020300405793000010605087302456870120200001007017620583172508904009000750080706001
904000061080301900603074258140000805026700490008420607060100030730050146451030789
050040890693205004400710506300020600820130940140908025200051080938007201010092460
001408035905061078840300010060170083092040700308605190050914020280006541407002060
095036008700009106086420095672010039050273600300004057501002974007901003039760800
800005071010807600472016058039258407080090010054060802008179030607040180301080740
000374106120506340360090857500640000032900500806720900210869075658007000470100608
050008036902356400360004950834090021000102007120640095083209004706030289040071003
802100000197640003534007096001364800328050007046070050405710002219536000073080910
000460080602307190498500037704096850001800200025103709503010470006038025270604008
009080000531200908847906500903050400175498020204071090098135276002860000350020004
000106004000247006064800020049325670836704200075900000017600900652493781408071300
100605309700400000659027148970268403460093000008000796096071830014030520030042001
010008930305071006076340105500704200264000700090216354003605800609480013750100602
063071840051020076700350100306010008007069400190043762005630094470190000039004517
004002000013074690260018534409060723725340108000807000370481050008090470940700301
401293080080070493030405070310507004708321000605040017053600740160800002890032105
108050407004720005750401280010260309360084702470100050041000500097813604003640970
026950087100368052004200690801679030000000901092130740007501300910020070238706510
360842000502031007491007382075028946640795003903100050700486201000070004034009000
863970005249050730005034962000005200307129654500046809000400021902063400034000096
009285076001600300786001540608020014010970035093810200064059703007400001105702480
700163405010489002390005168600002900039006820000007051870054009400308716903071504
695100087000806190081290006013900502907041300050720910034670029200010605069480030
807210000600900003321560080009351804408729361003406000130890400902640100580100079
031970006090030010750821400000603840009700600460182379518469702072300950903000008
209000004687240395005800201000614039400953082000028040720400010000392057594100623
020704103976350400013009050590643000041002039702900004389020607204000385150000942
148700050705010394093502017062903000509461208000087000900124780007390100014805020
406500010950400820008291064073900080805710346004036070540070038000058400189320057
003701000097008140015209378080906000509010027230075986058607210102500803006102050
009302106015790032000501987006030570050010040004850009021480765460170208578006300
007605029230700060450092703740006001100947630065300204698400050300069800500120396
890200540347060082000184070073450020504706390100020450058371069000040005632090014
081076000090325080630000729402067008073400102010239500020614005540783210108000470
046390580509086342802401760950000170003109800071030000097013008300947000104560907
008904360306200170705103020200035609060400002934820051400307090609000280803692410
089307021210685003030000860006150009308970054095004730003760008062010300801530642
000008009196005783027310050004963008085021007009807234500784302908502600000106840
702543009890070130600800470070280903049107620081006007060008200108765394450900006
017030580040850067805674100170063040450000930396500801080400700704395000503708029
675004000100005004000761305000183950961050400000009217517938042209016073386400090
800405030400060052029000068008207096294006307065900000183792045950610073607503001
058300461470050000600184790007891603010240057392000008700402300230060514104930070
004506000000983205000214760001830020709000354260490007600348000417659032308701096
729306108604870003010000607000900200382760010045100730091638400007409862468007300
090870136043209870608035402300420017029006003014053000480000750057640309001007204
032071098600890523089060000020910045040280067958600010014706230290008150060109700
976408053080309004003700908007800320538200670200637800020003190010906080869074530
380007650070500843000830100900702015815003270047165090500000930798301004400650782
080094013970058040304710059008030004549680070102047068407020090050060180006501432
890420605600983100104705380000056721251879400030102098000607050500234860000008003
000809740670103058598004003080490500740508601015700304439000860000046020201985407
040730002830051479700290500407062805208347901603509200109420000000070094074900028
004003197029018004307409060100006075406137009870500640001060780005284016968300050
600040108502801740800730965300020004708000392014308570405016007100075430920003051
800405020070009001159700043927184060001000294306900100730890012400200506612547008
068045230050030106304620070540000900906512087100904302800007620023481790075200800
705642001206197345000530072000300059370850406009204107010000004600920518500406093
004507200721900803900001746600810004003029601148673905809102400057300100016000508
960004100800510360051860209380156400640007091002400036410035020200740653530080700
300827064007943082208500070104200850789600241025100900012350000800490005956708000
087650001100072548092400030024580309870360012030700006209106704310007900700890103
501089670009601580086070002607820051020007040150930027000002730312098460740360010
702500143138246000045007860350002604006800705480675309600920078023700001809000200
506000092040625807280093010400071560051304720870050003305040070068100250004569081
180090003000720451205136089090060170050807302032951608300009516070603024010200030
730001068006208510080004200673400001805706300294080605308500102427319006050860700
009040517578201390403907602045020000932605040060480205006030051301890400700500803
901002080070160020203079164706300900030605801105087406047036200028401793300008040
040810050080009346953067010167002400030194500090006281670028100000670924529040070
000701090279600400301029785000803054097062030538004620120307040040250169085006300
180700004090306875307420009263105907800970000900003158639047021000092003708030096
027140003004070510013059480200803900041700208809620350096031805402907136030500000
504016023820705614169342057351960402007020036006000598090000700600280000008050201
700908061016740000208006574950837642630100000800004910162009430500471206009200080
402037090010506048090400137238000610941600700567810920074060000359070860100385000
005049023034002000690103574920764050301000002050230698580020010000018030213450869
600801970300900800879603504210570000096000247003296108900010406102069705065082090
000710230004620008050008476260591703070086520010470009047063052600007810001840367
900825604860030950354006820400008072081792460006140008030059006679010080205000019
350700000076402859004019360593201008720603591000800200630008005910300706005167902
270480165048600300060032400407201050950043706030005014806704239004020070720390001
218500003009206108005310402002097034304160200087020906003604700706900805840052360
300400206870362941642001350250740100009010765716950408000500010007089600003004509
516270008840530006730081040905002400107000063304007280473158629050006037601003000
260493510053860900849000603500078002790145386600320000006000837301006059485000200
023946501006001840045278600687400010200000309530082400060850104371600050058019020
108043090000001030532907164087052040015790380040008750021405079056009400400806520
647385910000000030008729600001890027702150804800007059005476293003512480406900000
708006095652981704013004628000309070400012009029007051175020943090000560036400800
352708619148906070900305482720090008500080791609037204000059006000001005805200940
408957000000046900007010006540268710890103650010090830605081093074509160009604270
008503297503924810090870000059000074047300002362000950784235009000106028021098500
609805700754010980000709501900530024540290076380600050208900005100082630067103208
002013000609850014340007852408001520030680490065204030900300670820509140703140200
000004100617805049028039057700008462002410700964502030040907286586240003009080500
000486200783019000002500008040605100197300052536901407670804020319002064804100705
900806020210409008075100469090008740460791005720040690342500900007910302100023804
039021046200603900480070032900305064060097300543002098008214605074000820620730400
076008104500607380290140756980060010457020608063700420600572801000010003704009260
827954030600087540501300790406709210102048060000612007705091020000065001010003654
001800964284050010396001528007500402000287090052030000108605309400308257705092080
040073908578600002009084017007931000805002731410800290050040169080105400134790005
350010208001327095260050040800471569194500007600200030036702010700900306908130052
042037060008500047603408102204001039730846015060003080426089071007010800001670023
000684950690003240547200003050001084820740130064805020905400012370150400006092078
204089030650000470030647059007160325068300900120095600786401092040002801002850003
045800697702610000800470210901030074000040160457168020620004701010086002078201430
050080040120405708708609305680200501931008602000916400095864130800001004403090056
740009800830705100260180003087352004050407930410008075504821360120040080308506000
007405001205070834049800752582746300391200000476009008900030000004582960003194007
000000569501600734306040008040096187008400320107000946780050602600930471409200853
041069002693000014000014968067938040038040076005106300210403000350680001784090053
943100520071059408085402010007604800328005009004093271030967100000530000059041086
057300900028060007000709860439870200000130498082495706043000029091284673206050000
780020093900080510310594600106805024040203007027010830098050061070941080051600740
184000050000153894509780010090001020417096580200370041605007130000030260923615400
020407009684090200170623400098006004701932065050840073062074000407560380035000740
086030041009450008504608037061503892200800170097240000610320059940086210070100400
090870136043209870608035402300420017029006003014053000480000750057640309001007204
040010280203978005057600901102596070570280300009000512065103098400009150390850006
040100257079530610061280000136000070005063102400751960954020701003009006600315089
872000913000831000603702405069207051031450002005010640047320508308600004500108730
030400200091625034620300071007009610960102450052046003209050106086204790400907300
038060400504710600060043257006037015059600370307450060690170500870306149010500030
092568047400009800000234195300905084985000703000301906720050439600097521040000670
290036080003004560604802703100073056340920807025080009031049008008007104072108905
005400300039820701001593842900245100350708209010369080140007900590002600200084013
051730409023590060009001057306002940000407602284309010002670190490013500160005280
030100706010367098567090003085419000340000961900603850050040082093780600108036470
286000100359017040040620589070200390900740628028091054030100462700062805060008007
821000547463870102050010000974031025300090401215700630000187003508009016107006080
034009702060342500102005840700400256420570010603201080370014028040800075086950004
000050004754081609906074803680005031300710468021830000003907500079020040042108397
043628000705103264200000830002356040539280076060000023008015307301062480407800600
007400002042800763500030804084375601306104580710020049608040030403580100200960078
200800517746001000105009000000182700610005930500396102467523091800047053950600270
980300451015006000372000869093618245050240076604900100540700600000084097830009024
015309002370600450060050073023485716104062398786930000590200000041800007030040180
600071500720040016051306409086000704905407002010263950308504097100090340094730001
040830269820094731039260084304012605072050000915600307058300000060089003090105800
596038002702000003010706090075160400209507130000289070604072901908014050037895004
182600397607320000000710062570006020020035674490201080060100058709480100310507209
002036400730980010080041902000010794500004021240079856090003047000627080127408563
007340008835070164009061300900704016503608020014500037098027053706403901300080700
109270065300651078057839001408000200091580603005462089903700500502306000800045030
409000867006792040075640200718305406060079008050800720290004675500263904041050000
510004906790502038002906070630479015005100800401005093107250300304090180009340607
297043006000820710061097304604009258010265007009078060750900400100734000943600071
580402106006187052400095083008941035369700214154000908800070500090014000670800300
490065170012007890080109060030400007270001530806973201060004008900506720325790406
003457890980060700024900065150000603302096504800523007097005106061700000008641279
074108530530047190600009700007020364096704200402083070203090000700832609809006423
935007028100398070600500490073004009400175080061800247018700000006080750750413862
862005009500803706007019085204196058030087090085000610008750063620048071059001004
670418009802390000950007304000780001200103700014902036090874060420031958080509073
807300952400009167569720400780000501040156708130800094601938240250000000000015870
084091730200500100310470205801025047605807000070040518708064950100300400490750801
029500063654031008000069507003000806048607930106358004005023000980140352360005081
005320460000908500030054090502843016093070040014695003701039082320086070400200359
003706500709100048120804703201400080584301970000250310497512836000900027302600000
018592604049018300006000018600041059180070060904260180090350000800020537453087096
500208040804009072201704980005300067307006400026487039058600200010940058490075610
020109307500280046083067512070340605000000030042695071705901060000576020260804709
200000890039200105804006002490073021308051000167900500670520419082019070940367008
861943200900000010050108934087039600103072548006005300028791465070300080605004090
030940100719008543850300296008450600005639014340187952481000300500000060903500080
018230045600040839530890701000001900060002003109304058396450102452010080780003590
710080650053900100604300070040750930030240060970100020490020316102604090360591284
970002100081500703020137408090315600300008040658900317807040530200703061035860004
008035206120008053003020918619203080230784091070910002900801070000502060580309120
004103007016925030930000215067002950021097006009510720072360549695040003000709800
080027000703000691046319280402950836390400012060032000200180369904570020610003004
153900460000206070620405803010608700564000380008143250000572600275060908430090520
060830000082504076945760801654903020270000593100000684437100065509000318000300049
279000405460205008085430027520103879040900301030058006004607502090500783857000100
052000960080050013307090528060075039003108750071060002038506090146920380905083001
538960120070280036060100005900070340786320010002509078193402800050730091007600450
070493006046085200189726003523061040090032560018000029001209000400600930900357810
060280005125906780080070620074012569690540070050090040036824917740050000900003402
309006210700209003620370059800900040960020781204867030102003598438795006000100004
850073006602400030007608954746135009200000500010062347005014000078506410420007695
001080709700102380598073002030208590900700403472530060009350806803907200057001034
619000470302500090745196802078430200000200000293860754036004518000050907407018006
002000657567090018800567294689040705020000046003608100700906083096815402250030000
241036087080020300009807064052040010800060500970153428000091070198070042760084105
312609570070203600090400380956002037840376000000800146564920003107500269000760050
000160874640000500189475200900806003070910640264007190701650002020093451403001060
003010089050934160917020004639058710701200400504000003002000645095040301146075920
860039402900006817270004903000300284002470506450060000780020040106800705029647138
039042580008910062021600004246591007080400615005080200590834070310060058060100903
700010820812094000060003791524080376000060410136402089270030905000200107659100230
030670000745100306002350179090760010207003090601402537003900042970241850408007001
001009070036150009900734501300896240295341080860070100078025000450000902609410057
073004906026019075450760801005027614060100098010640200690805140000490580040201009
749130200020090314010800075280900100500468029976251080060009041097500830150040600
071000005406278090283005740007354810508109007042607000700830054800740920014592000
009010708081900460064387002052871000073500801100003576807009135300720090940035080
060104095040003000819027634026305817384010200000208003401009508000871040638002901
082097060095302847010006005504031006139760402000900710800079504340025009057003608
907284001010000806380190024000079018103648270879000060540000100001860045708451032
028190000000300086793086421070050008900701540235048107012460009060810205850020014
609043080015820009080050246750930068160270090900010702030001907200507810871092600
560030912049000500300905048002350890700049250095780104100507309970013425250600000
204017608000934120137862000800700409009180002370400006645309280000250064028600093
021394060846207000003006042369172408075040690010050073100960000680430529050028000
370064592040005008250098600516407900090031760080600420104980257025700000900540806
070010300820075496530690002208049603450703080007001045700000004600134800143027569
710504830040030760085702001058970024090800610670210008007409183001600240429081000
060980500392475816807002409080750004500140967074036100030804090008000200249060750
021780603006001480704039050010850904803247005045000870359400008070190300002308549
070041892680023000402070305240860901008102003590030206024700000007280654056310028
006089153039015024201300000005072008947803005020004796010607400792008501600520930
706105408805630170100008020019000360080360201604721900070203050051006702460950013
050804290040502007728300150090000071083197506107205300210703068005040010806901035
349520780080703960067018000704009002000032470012457093000000107190870326400261009
015079823080102070073000061900060007060057200527904086702481600090300758036095100
600890705257001984040750000700045803804070012025180400182467300060500170003900240
407056291520400803936800057845030600170004025060190000008900000012040976094012508
301250907004001360075403200520910004407800529003540070002089701030670082758020090
304900508007003926201050740100382009902701830700400061009604052023500184005030607
018400027350020008070318094096080030700064905205031076500192860160075249820000000
070180600004002097986703201020076000760300402540098176602004708090820360430607009
257380060068400500941005000004713006600890703002540010406107900000234680023968075
004269178080050000062700005090673214406000850017845600600007580000586423520001096
625048000904070805070000041107200458280500100000781920092610080450007692836409010
046038570803014269205067380092080430000405190000093007020306908109050743307009000
010804000296300184400091350030200560725486030080500407067950043809060075050048010
051083920000710300738002016043001608180200030070834092800309250010020040592108760
000008176800041203172563094430000528007804061690005037086007302200006049700100605
917643528002009001004100030000750084701030965485062000200300006376410892100280070
406050300087360950005108260003407126702003400801096030509800070030075801078920503
005264300200705986007030405109002053078596042502000870800020094406057038003000561
025439106046000802070026003500062908063018450098040020402300065051270009030605014
006482005000310800580970302750800600600057400248100070900728034004691250020543980
967140300000952706500376890203007001106804030405030209030210008821405903000780002
721650309630000200009230001973016500016085970005790030002563410104807003000001852
750304128380210007010008040093027010501030702040180690005002469420063870670940000
040582130850010070026030095068105003002940610409060082090000700600471320371096450
570083269002400500390072800009708020045020038720305910061854390080017604407000002
780040109210500607300971025946008500520060081170090200000000010890614350631752008
812500300305800940000631028004713602603000010201086430096150200020004050530067194
801200390040070060063159408620500830005082700408037052006000504904803000012465983
600050010570091306094607008027040109360078204905106000408719630010000705730005491
148007300930800507057030498724105903503084026001002050000000600075610040206479805
013075080069820305004006270050200008408009003096387524630098402001002900970043806
402085009090100805051307402003058016160039000079001384600902750310040000025870641
800003000009652701657100329740509210095480670060020400006790052901200064504016900
907001420086902700500704309704080932050400007209317050075006290043208070002503048
109030068208406100030012904904003705000940000325670419000001043016089500783054091
002018000536274819001000402490156007007009158310020090004700930283901040009430201
090600310780541006610800405000359000350008901976100853500010082041006507860235009
718006000400005790593780106064078019905103000100400003051937080830042570047850900
904608530200510469160349728509103000300800906607904183853001000410200300002000005
105203060304107980090008023200009400948510302500740091010985037730004500802001049
498010670002609480160200035346957210001803009005001763810700006000196020604030090
240010060610390002005042817100560004520008671480701090050200940802004030304156720
268134709000690284504080163906000402003028005000900831050010320812000907030072018
183025049024619007079000152007250060030197024950340718300061000065004390001000080
130405002850032716920010040000050024742080951503009087400800230260004078370020409
002970813047830695080105007670090240004301700820706059000009502205007030418200076
604580319108043000003020068540309021200405030901800605802704153309250700070100200
030186240094000500810490706056810073920060005003950102160028304200531600370000801
509030042018045379400207000850003701002079560097068003031700050005916830084300017
415360700703081095098007630004923850536470209080006047821000900050090102600710000
600071500720040016051306409086000704905407002010263950308504097100090340094730001
160090070020705130405001926000250401200000090538904060382140609006020318901608702
704006900029107038006009041478060500031072409295400307800700196962015004100090200
210804036840069002600001540401692750560130480090000600970513064126000090000906810
835040902009000008142000507980354271001008690000069800504270086610890724208400050
491600058000105309520089600940200830007034120302807006054760900009001760076092580
009003516031709000084120970008354000756210049003000185000930051012540038345070600
650087000203105807978302014405030601002040050369501000197204306006970005034806000
063281000070504018851379206720005400005400062600830005007058000500023904280146507
243905010006820049007030026035000280860302090009548760008051632072480900051006070
492316050000020610810070029584060003020703586007950100950182067201600090070400031
005008920410020036900007040092006150051283460340091070584000612209610085063000094
804030056200507400530048109058100040060870510103620097005010904020409081491380060
071250306509860000800010759200406035340070902056930400080105020905003800014028593
109400052076081900008039601640708300050090064701340085264803597007005408080904000
309007680006900503072863004090258431130079060208000700020100906950326810860090020
300406050261370409400009206980050071046813092030700600029001004013047820500260013
056204319419365720300000005094832070080046003673109042908000630762400081000600000
840605100700002405302049806030407008960081043401006907693504001504010009000903254
000097600769000532850326009004070100316085020070610853090430207007060040428059061
970102050000007930650893027436921078500036410009005002000014003140079080095268040
007098560093050248586040003238405719001000050700012036019000087002076004074039120
806047003901083547300900600680090300012376084009800706290760031003502060108400270
801300926603020040409650030180590307005701000067834215010980000006403002048270190
800052030063470020029001476490820063250060004030590280900008007005046910672015340
500006700084019520079503680750630900020078465096050300817005006900160037002407059
040509016609720030017000900060097003904002007751843092003965070470010359800304260
481095062500010908002068100040806500908032670067400803600023087005047006724001350
862005009500803706007019085204196058030087090085000610008750063620048071059001004
000037045000000706470650001017006908056008034948300607704023009835160472192800500
026100530003006090019483260760820350200007016390605700950730648600948000140000970
907003008000168902218900406305207604400301025180004090724819003000040789850700040
019208000003509810508010943041780005000100094356490108230906400105000730080371029
680351472170420860004070090800504000016980037532716900900040351040105020000000749
026100530003006090019483260760820350200007016390605700950730648600948000140000970
987562410520014608146090000001687200200450006704320185000008320030045907000206001
900680050046290017280050609025060073470320500001075402102030006300046920704902085
250006700068407200040509816594760002801000670000298450000002103412903500605804027
300201680508064700402080905247000098003842100800039046026475809035028470004000002
704520090501609007060003245605092073040750810802001900090085004207900108403017509
600009010050316007138070962524900170060147005009600408301090054006803001075061089
270050009600947023190800570780030912940008035002195000009706000810020346026013790
802104009940080710610309008209037105030051000156008047007500800091042670068003251
800436705607820001502700830000208369080054210291600584000567008150089070060100050
705090380093571060001040970407005009286907504000460708160750893530600007900103006
180000537050703040730458100861300450020500001500261903400002015008140009315670024
341050026060047305070360800080420003020600078659708012530014280000003009892076130
402790100075080032800301750007008049084216375306007000000450816591003007608170090
097802050080417200320050407700060028948325106002700543864070300073049005100080060
007005010109084236836020754761300009008007060420908105010093087384000591905040000
000841000890076003060000020040000200520064739736980041300690412080413975419007308
760004900080756102052800067308041059605080301900037600034018570507302090090400210
060150709500043200783900015300001074074026900690407150830009046040080307950374800
100702800960580073078900025024067008096450010700800564057604080300200650680015047
460802000700001628089360104300059801010603007692008430120500740806934012050100300
206408300574390002081705004453007001700001400108502000602053800935804006007269503
469058200200300905005402016800004001346209758002086003921875060070901502080000109
806405170004271580701008402607302914502040600009000720290703040063010050008524300
937000012502701004041390065008127006070600123210030078093060247080203059020900300
400010090009308421162047300630480510020106043810500060396750180200030005070890036
308060007960200850020138460004509001009083076735010980102000630073806100800391042
583200061216008074749010800937684000060050709050020083328105096004802050000403200
000078206702490058085602090906315042340027009520946030607004003003109000000760925
005063489180020500940078020000890030850201604319004072034985010020700943601040008
705612038002089700398050002007103020200540380400208590001837240900400060804065073
600180020050300806218607930070021450504003200102065790000710000365048179701500082
009086301380005094210039080003064002604910730701050409165803007078501023000090805
065000102007153064403096700096874200800000076170560089500309600030027001729600843
857000040132804975690007800503000184000000060061503729086025007240609310719040200
083015079745000321691032540002986703070000906956100204034050002867200005020000060
592740080003050200600203591350009164200004000041637902038005026020378405015002030
460520380050300002230160704390750410014200597800940000146030075000672901920005800
201580390603109040005070206419650780030010460060092003890001000300948620104005938
506013847000400090743095600985004070631750020200138050802006730450000169069500080
050400023649205000300091654036004002007123409104600370705940006008300005403078291
000100300025608900480903672150007806039005710078400509042536187803029460000000290
024309150005026030391458060000081000100045890500700210760092041900004627050617903
030089025268030079090720030079602003180957206050000017300090058025008164807165000
700380100850671300030429807500743000980050604401908030008000093290536001305890026
700090031030071249100003687480050310000430000359002076800120754502704963900300028
400230001320450978507800004740103096900070302083604500100000080802045163650381009
005072419023510007709060030238000750000758320570103008000600905351940080960085103
000060740649100205078294060302405690001026038760080010910072800030050174057340020
320004065045376800800500037250407083406150009100003506092705304013009050004630702
010406823040380600800000001392045086470063200080902340903618070150730002000509138
590463801423000060000502309280690413001200500609104008954020087000819000016040932
704095326193028074020700091362014080050000410409280000075860243040350107001000900
010509048059280013084700090070003869038961500602070030563090000800057920020048351
507002004320849605900001032073018060012490080800003421245106007030950208700020150
000758062070023950508609430012074000036005004407900301240801009709540010163090805
724615093009070000500900726058096204040520070970030605415280007260107489000400100
014058020000276154275041900900087201042003670060004539000005090080762315500830400
380200054094001726002945000207010069805609007009870240016438502900006073403700008
050063907897154230003000100038501000219070403000930861020010608976005304001496500
039410026250086003600020190107000008008631940403079510010200050942750361300064200
065000102007153064403096700096874200800000076170560089500309600030027001729600843
001700905305098024690015007908350012400900536032046000089003040203801650050029073
000060000070013800801749053000406139369185072402007006000008305157034960638051040
631000900805310060700009830567208100900071003000956728450190280200085004180740590
010680500009742030847001260035294708104005923000003645950407000403500097701008400
740900000060802540200340679000590203309087456014620000098065030637410000052730804
200537060108000705057910032005070200412300907003295604706152040020000506509703028
210703840308564021064008500182345000030870250040906310800000760020007090706152080
260080719870905004100067500418600900030758140007090306689341050050000401700029063
006500010010830206278601509002400100184305092060208045750904023600003001043120950
090870430060900157470020698010362879080091240200004000658230014940008000020450980
006020395234957068010300000861402003070003006300780214920601530603279801040000020
020006093300275400718009250073040009602103847900068300230080610069320570400601030
023946501006002390097318600674800030300000409150034800030780906961400080048093010
009010002600524890482700051900350060034100205065402370806001500043805016007930420
070950142092710803100000005248070651705681020619400008901840507000190000800063904
063290875007036429090050000200079000008000700671382950309427068045803290006910040
070850200200430087384007501759013042000008305830540700560000100090765028027089603
000410908196050040804092503450036180280040300003570420061009204740005800008124075
000300720037801090892740610160590074084600051500104006940206307700003069350970002
239067005140080672078010349400150807000309200010008954760800421820670503000001060
004900006029006840863700002000000284906508731380007059007295008201863470600170920
070002340504900100013745096006403200730090018045820603308204761607000000050367902
607300201095410306300620070080500060053096800104730592001050608539060100800174930
020098500896752431070030002000921000700064089039087624000249308280015047000000215
030280574025900000078310029190052306000140082842060100014098267050000400086421050
040076910086920574701480206030502800064013000810090653609130085003058069000609000
400027900063400805708530402376092580002008061010640090507300040600074053130065720
760040308539000764840306590400920007078065030025718900090234085004097100000650400
076140529930500000410269800083910004657000000040702308008304016004021005021095487
706201935000907426000000718030500840682004090401090602163009007204168000500372064
190037408500816932068000000001000500450760120023195074005670049930001207240980010
076240003001003720230000100690108245520039080048006370305962407402000930760000852
080053162203840509076009000058400600900230487702608005195002748620084000000970250
830020540060403700090710030783041052009800074145090063002500400000302619976084025
907856030024900070050040819701604320468235090000000068009068140602500080180409650
708006502006532780030900406340200065080050073502080901009160324054020190120709050
560723190807459302090168005000294036935810274002305000009007001086041023000000080
905007060700563894680900307367005019000179000029004500093021680001406000250398701
004506000000983205000214760001830020709000354260490007600348000417659032308701096
256807030000602081083950006002140060048063052617508340305400000079006200801070493
003020685060083079458076000305700014000005300641398750024650103900800507530209040
064020085598070603030508094006080070400705069879040001901007030723600510600310947
460070035208400007007321408910540073054007690700903020045002089009058040870604102
040800905258094060973001240304586000007020496062749000700900520430000609829005071
200000000083050472150370908700034050030680710560701384800003005020810047691047823
080300200072019080340027169520401738710603000003200640050008406038046570069702800
801007023063280107020000096637005982405026701210000504000370648140052300078400005
800045601000086340409003005945000080072010009086009000013764958790352410054890203
008906035039001802702350400200504080850100620690280013001090206380672149026005000
406059307730406290080002600350900108008015740107308009509800401800604900204091036
304900508007003926201050740100382009902701830700400061009604052023500184005030607
830000425295140687476258000603804002509620310004501000102080570000470000057300840
402790100075080032800301750007008049084216375306007000000450816591003007608170090
806102000453700021107605940049060005038097102601058009704523000900074510080910004
060300058310050600405681709000096007709008340641503802590732481134809000000000063
201300900405002136030169020150904387087003010040017600023008060804506003070230845
040809765800524319105030800027001004010002576400780100032078690900165030060003408
006920004980405017140003906803610540070804001401009078000508102217000080098142760
003204950027830146640000803234080095078400601005900482001300008402510379006090200
213076085060190020900030401740800306150003072300752100607004019805921600090007038
501024069000180040348679520000730095000951670709000103187092006005003712260400050
670902413039001085008300296010000008000706029964200037400037800300024971007109364
803019650600720300410500082570943106900050008064007590700305401196204800005001079
046000870009670254007294000790501026008420305405936100500802913980703060360000008
870560190200381560501000080012076430700004610034910008056720003408650020020040856
319008067000309085025170400603297518108000040500804070081063054057480023006002800
070630902235400681190285073080000060620090000759062030000500306060903148003016725
016020708007001030409387620061054000008063917203090450700016094135070002600802075
921560070308000546500370090103000782080032005250109403019003857760800100030917004
709300000030100278015724093006980001500007806481032950100040309902073500340091760
820003040001040805590861270038020014670154300010900027750280401106005902009016050
000973600005684090906150048009205473023090816010800009000069780691008530700341060
813040050200380600647010080760208901500090870900000025100436507409871302076500140
625001084100030029009426700000650270516270090302009506981507432704300068000940000
461302090005690140090008506006041830004700200273065019710900604032570900009086072
310905027600070190790018300400020050207509061059406730500007003831602570002053680
312609570070203600090400380956002037840376000000800146564920003107500269000760050
067950030910800006008032791891470052600305087005010040506109274100003860780504000
007592016982706430006000900520067140609024300040300072308970000095040780060201593
017036240250000090403927100104060820820790430300800571532009604098600010041003900
070028150008000947010090086043572891001800032820013005100204508082059300050081620
100027580402360070056008304908042605007900200043086097605873019091200000004010852
073100080040008190012059370785201000091704250024600900258000030407010829030820645
049008700016493205800100904072800500060925470098010320050200093321650007007340602
504690108132050769000703000493185020200000814008046900065009000021004386007861092
060803040007015008831200765073006054020094876086027000700062593600001080394750020
004305710100706048090014026009082007008100002002963400940600250201539064056241003
090400510360518290507002300059760400720943050100000679600084005400370062931006780
076093810302061400400002730160034580045080120030510040603940270017320004004005068
360049010021607539050300007080073042274000053009254006590068720800701095710020080
057190004408206051310040007926410500180305200503082146760000035005000618801054000
040201500907004261215309748050700000826915300704620180402097850370580006000400000
230709500000360271675400090083054009502100307009207085850902704307046908004800050
617580020023400080000203679075942300090001042402700051701025804540100230200604010
406098071105360802008005300000401903084930107319002400201009000647580219000120604
005063489180020500940078020000890030850201604319004072034985010020700943601040008
015038007034670105006100908527801090000000084403967510100700056350016070068095041
307128005000076192610095300000703051540081000700952060009007504070064938834509020
000050004754081609906074803680005031300710468021830000003907500079020040042108397
309000200570080016008006500250307098900064021010092075031649052892730060600120039
845009172003082504001705638300090015009001803150378009004963207002500340600020900
060000052057430600802056900429860531106200890005091260200503076071004380600970005
098060501200150800057904306600012000815406730002005619940638005083020960700500083
025008100014073025300012604063020400081050267070186009030290000009007832246830701
405800017290700006080619042906081750800032064310007009600205090079040620042106370
451029800230001090000054217100836905802100003063040701310208470000507060726400058
004003197029018004307409060100006075406137009870500640001060780005284016968300050
964125803030000029008096500387610002000000301019538046000400007071089435543701090
570001360206430780003270090020569030050300079639007105900020010381790056002150903
820070504405092730709043628001069000390007400247050000074080913152900847000010206
760004900080756102052800067308041059605080301900037600034018570507302090090400210
009005006635080129040906300010800652970254000008061400001703060062508900784690531
280094500910006820700852690809437050643080209100200483302040708070610000090700065
000078049451206038700031000206813057000754000000900314070049821100380406004120593
000916300709050000100708002356280470071030568094005201000890723400063095930027140
267009100008201063010840079102603790036900400009012038071025006685704302000060057
500890623023650800960003040602705419741080300000016080004570000806241935209000104
034790012200041000908006574005402100342079605100003240070034021501907408093008050
100509670402870019967143285204900000506000008000010420000362740640001050021408936
020005630870960142010002500060038004794510328058000710100300005082090403007854261
870025600040196580506000093600210075701050400305704809900002008408670002160809754
987260400030500068006098702003600080428930176600082090802300617000826000365004820
159480672000029040028060030090010400071054083530802160340091728000037510217040000
072030000103000070008710936010204003894100520300950180407095261250876049609400008
001609080069308500085070196050106004104002053602043809017905408538420960000800200
068203109004060300739004620090700063072000904803946201317852406906430010005600000
000509142540021390001047005060205083052493016104000509090030074010762058200050601
