700980630365210904009300010097060308056870040008109706040690803673500091900034060
800257009015006403209400087021045630300860200058030094197508340002091075006300900
050870093039000070680439025061080204904312000820064010298140350005090060016700902
900800070078069002160027985295730614000100090301690008406503820709200560800016040
904051000820090510030407869370040906206089005500310240010970003608034790093005420
760528300003497612492060570170040925000106843304052700500000480249600100000030009
400085732300074800578060100790030521600057900250091600146800005030046209005710068
001900030542603901000105082005702100630500247017090058300861705008059006006204893
002701050071500386405069700029130807003070200016208093264807105300012079100600020
050870093039000070680439025061080204904312000820064010298140350005090060016700902
863100509100900020200387406570031208081020040002870035405700962908463050700200300
670418009802390000950007304000780001200103700014902036090874060420031958080509073
060050079907204015012807300098105607740028000100006928021070086005010092409682030
000006234563904100800010056130005029254608017706230085000100003380009002075362091
305204860800500400140803705000008052098607340653140070034701086006020037701380500
503010260090746510601003000410830070906000305700562901300627150007090820269005730
008070960460030701090200050180754000040923178000600509052000007830517296600492385
045960012701304000030001874053079000200103956104600207008730149409000020302495060
541820006063150247002600850150908032620503019000002068905001600000006920236090104
004070009008302054203549871001003000005108367809200140156020080340001596007035410
902006380840295610100080900309028500000960142624700800508640030201807450007500068
190003067006970130703640200070390810360180070580200049007456920005010080612800054
002030967759600100038907200301074820000109073075200090026091080510308609080450012
603840000901206407080000365368520790500008000210300600736409510025010046194652000
030005684084010570000384120072000090040002801810560042307890406058206017096007230
050170400013200060097640185079000604305761002800405301704506908080000000061984237
080014507090760483000930162060003209910040008803591046078000634030480000009356801
032407081004109027708200900003690010129074653500001700200730140091008206407902800
000000504180953076752064010016007300020090701079145802000500608068039027237018090
300800502902145300085030940000901084196704230024600100019508023600310059053009010
030652090592870061070000520000090200814200009920134786000046005149085002056700948
238700560040602380006058200700500640020419007483200905001005006960034708850067103
572981043000007000910500287786450102020090038009120400465300821800640000090810360
600582710750041200281673000007069105065307090009258007102006004006735000538000906
007024300524080170000007248600892400203040067140006580430908020700063891960215000
706000000901040856208900040500100900879035604120609730680490073005807460417056090
074500120095201076002940003001000084400608300538124067140005630050410008906032041
210000000790105402005824179047010800650938701003040960030000090400651087576089204
003200049640390021210804500390050187862073090100908302530400006971586200406000000
007024300456010870000005641600458100301090086580001490920506010100082935730149000
685000009009624000124950703417005000002816070000030025241569007870300002503082416
930010070200005100105280040010000895829006700700890306480062950507349201092108067
038705010000108005901304076495000168067480903800050047102509604379040500006010709
039070510021003007056009023018700040695080102000065389000037051587940030160520790
204065000350180400700023060072604081640070000193850647837590000960240530420000096
219050306500130200873462500098300054004006972600594030030981760001670003060003009
103589600090400052704020089040803261230000900960172400400230510385960720002005800
070400503506780910421003706389640050067091048100208670810000007090170830050809060
056943800009000037084710605027530008430086729800007300170809006640300981500061070
298406050000500042051230096064800010125679438000040020509700061010920300840360079
738610005094250700025900034300006000010432059040081372500847203080300507400125800
020165040450070163816090020072053089040007001690481702700816200080540300265700000
200350097937010805500607010180046070050071020064020581071400209800030106403169050
839000106700940200640080000104500869205000304300104725986400502020690431000025698
900320180051800062268015734892000007040007001010609003720100540109540070435068009
000001950906054001815970063690010530043080100050493680501029006067040029020708310
501024069000890050948615720000930017000452980802000305619083004004006192720100030
568920004070405891009070002100006205705100000920587413803659107200000640097014300
605000904000674800804502670092780405401065007750039000109300782200100039530907106
070082054018605270002009080846270035700050810095360700204003107061527008907400003
320000080045018620100325907603907201001530070074100309806279514010000790059460000
020410000005730642408000001600200007297146083304000016170350908009801074043697120
830065200512870046940020857078002065200607400460008720790286504020700030000530002
189000200072865300350291040700000406000439002208070003521980037864007900037002584
095074002730105649420906087006000923300090168200003400910560000003709250040301796
050000780014937005902065430620090807100784050708006910280450000007008324061072590
206408300574390002081705004453007001700001400108502000602053800935804006007269503
000508007745930061012674359070029040008005193054100200580491600600257904400000010
030700081587034092100905004456010837000058006820640900208406050300570268015020040
097065000000470915025090680004350196031904050580716402010000503002631049003580200
607108000100450280502090401000000318401300009830705024208930040914502800305064192
386419050090000081050803906078004000023087069100902875007351208230098610019000007
054061309803000200090843510041580972500300000680902035100008620930620104062035008
500739000001040600048615207780000016215860934460591780657000029090450001100900800
085070436204160590900530000590020074800301005043059120402683000008407610760000843
503091700016780340047602100000100507602053010005204063000508270080017695701926030
061097050294651807000000901700980002030570019952100083100206495320040006609015020
345090601902005038000314020007006003060073504453180096508439160109007000600001359
082079615075401900100500400040036008920005063306820140060200300093714506207050094
243910008010400007860020014631089745000034691904601000170056009400003102095040870
000503260260198005003002017700059084380460070514000300008006051632015048105780023
100002360380197240407003090045020936602430001900508070700010600261380709090076810
405090036201086974007103000678321095300050007009070203500800360003469750716005800
701056030205973000630004578100040005004008060800710493527091084310400059400082307
003200049520480013490706800640050931178092050900104208310600002269573100804000000
050708063030024810827030040080640790006280150214900080042010008060400905305869021
000504800493068205700000634016807003000006900534921060040083057158470090067105082
612850000070100208004290361030609507896470103005080004108036942203940700900010006
010000007008302059005017468040095726509761080700420001000030040092500613453106972
809300710340207006500910804050603148608140000094002065210409007906720003003060921
070498620100000049894602030900240063640070108510906200038109007700004310401035082
063019080045080219018005306100908453006030090000050162594020600800673900630090821
067005398050678201001903567076200004500480739480730050025060003094017005700500400
160097085700600020309108047076310092203084006001900730017832060030060004602070813
200560931916023800500009004705042109060007008490806370009204700320091086071005490
300800502902145300085030940000901084196704230024600100019508023600310059053009010
708200036304081072001073050405706800820014790010030504073068019009027300082300640
001000800096403702780192035019850304840030007007204058073608501900500073052079006
501000780004106305069375040120040670750692013006003008390860200600409830085200901
701509028945002076238000940300078619820491753097003000000934000083006592009000007
001056079093021500560090012719245608005100920200030100030580700078610053052070401
281495307090720180400000009902006050360070208100254690754019030023507910000080405
230000050049035200075240390020913486406082010800406925700300040050100609960700831
008904360306200170705103020200035609060400002934820051400307090609000280803692410
007034068524001039300905001070593084100007926849002000460029057030100090290750410
140060835090001020006800900080127364760940000010356090409602003052403170031705640
546008073020000009397246580204917360100600027703502904405800796008400102000300400
925700036814609020703125000200000740059803012000462058007310089002080301138097000
006480531045001000087305064804079300023004095009650028002038600008540103431090052
704095326352068091090300057479013080010000940203480000021870534030250109005000200
030045070072968000564732108301000050000057081720090360056200003013400509297510046
304510079581470003270800401645000008023005090700603125050320017907160002412000080
800079001479305008600400579020100867068540100091860200280031040000200015147056380
582410709340092000900500804000008160809000072001257908298040050160009083470085291
807060159015907000060250073000100000140590360678320591406009730003705618081630000
083015079745000321691032540002986703070000906956100204034050002867200005020000060
005701900070098531106030800348129057500007210017503490003950106000072309904006020
809061004060204008072090651908420013024010590600059400080045329240037000503080107
403900002670050940090324106705002098061038700800097305040765081080003509256080030
430057690059402780100003005590000162060241000270065830006004907743580006005076308
600800070083401259490720060800190020027540006530002417075316800208050701004070605
041500600760092130300170980107804069520630008009020403470010802210908070005067340
000003165350167800600059030083500201000718054700342980907284510004901620108005000
000501094941083005705600031420107069037905000009008713803702040074016908500009027
620100405470002900009500002200410679700928513001700200182657000906231857057004000
008230060307100080042960371081305607750010803400086010075029030003040728120073900
000506002832714569067000008406109050005600941091408600070301295240970100150002030
600500201005302690240000000007910060000738100980625304708293416002456738406800050
020089610690205083008601279050967041040012056806403000000006094004000002970524168
806210930230070005751038062184027350070359080003100200000803520025700690010062003
000092071760034802821706004010280709300019000900060183294000008053008007680321495
490007013207049068300002970000604800800015732052738146009050381638091000000070029
000263040100058693368900005206000731001807509905036400859071320614000807000685000
652070031000203076003560090001920700087306012249150083008400000475601020130092045
009300002008400507542671908000000200906042070271835694000203750320706019617004003
005000480891600052302581600006800004420910067008060235080153740007008500034796028
904570628106089354002006007300100070001042000407950061053014700700395246000800135
000034002024708350583010074400006593360409007790053200007045010851207039040300720
040700300301250700057830020006310875020687490078090200014500982700126534030900600
230000050049035200075240390020913486406082010800406925700300040050100609960700831
032607098800209106061850207609704850708005000054190600190002005086970324007030080
000541037351800204407009500843700020090084700005260489008032065160007308034610002
481795320060400070003060049807020610090008003302546790500210060029680035140050902
054061309803000200090843510041580972500300000680902035100008620930620104062035008
680053090003186420020040380010500002400092010052060804030020648806439001005618739
038004005600283090079600438062900000007050860840136972501040286403809001006520009
509140006000253409002690500694071205853900061070860300907002158005700642020000970
001705680680031900945200710004609850702054136568010009053902000200046300076003500
590270463408059200200010080340860007060005834780034020000000308813546002027301046
002103095035000007601875430560924803028007064010050020070490351200000006159736040
010000380600841057820503460290000870160709504074360900040056028006200093080130645
050109034610304079403500800205617408000900300974200065106703982527890003000400700
130000052004005900050109840490501706063042501200076430080690070902010065346250180
012084096700000004800692173024000730601003002937425018000107000109208307470509280
490081020500090084068000391075108036000030578836475000240017800687043002000860907
004028003270351084390000015710009056400205791089710000040502030021840567830100020
942080003000400009038619425870036502069850104100090800080302900096001208401970056
080200951907083200026049080208751030004030172071400500040027809032005407709804300
502873600718650430090104508480067900900040701200010064079002040300401290824096000
759000384800390020360000510000009460640017932920030750406702090507080206031006875
380090576600327804410600000200079160009031050173500208006903740900060305738410020
006203090428000060090861724031092040000600035689304210940100052003429070062030409
908035270273418090000000084096100540732046000000089726050801067001063800687004102
204601780100020946806504000307150004460080270010406308639208510000005460540063009
087001596530602010100089002861004050005907680090850024658003047900405000004708265
207105063900000410604930700309080526860009104050700839103590080006000201748016305
410908270807200349020304000100720503370005090508013620204137960709040102030090004
804007213000405786027030900200071469000304150005602078560040090781200034040810520
980026004243195600650700002020007965400901800009258400830070106716840250000012008
603729854020000700708040320046907502200050416000400087062500093380091245190200070
109600300040009100056300279538094021061000090294000850983210064015968700000403018
910750402020069508005120903089271305570003000102000780050012004246007100301506820
308010070500739281700048903106085420200067830053000010012070350405601700000953042
040567090917040658500080004002090705650478031704020800460830527078604903005010000
005001896619258407070009000021890045950402018400010900580104370700063080034080502
059830460748590001000040590500068003823000610070913820000300150015704080982650370
508031400009004002402905731000060014043518920186400300230846105600100270890002003
050241070400906201612000034800405107500063080746008503030012700184009620007504310
010794035400002906509800042020103004000509671150478309000205403000037098800940257
400009702098247061060803504800095003956002017743006025004500009000064058085921400
872605091000029600036007802741582360093400020000006704005208907209054030460010280
891726430000000092002035000920478560000093080008010903057004109230150648184200057
307000500409103800006459000070520638032008957865000020093010005520700093748390216
273060090080209300605031200016352479000706001709000002300907600047613908061508703
010702853020400607378000290160924300907050142080010069701000400802109730003805901
064001007520908410100047506840206390290030070050089160030790650975604038600800040
310905027600070190790018300400020050207509061059406730500007003831602570002053680
510683072728904030000000804953001708006075290002306100300000421491238000060107380
905406280872301940000020070058103709097600510004790030063510002201908357080200001
350007020709082051008590740085000070203075480090328065940051800030840017801200094
039578016206109870080000459002084507074920080008700902825097100790010608600030700
903160847106040003007020106705931680008502400030400579069318000370600018004200065
400700650208406931605130000004072890002904067769005200000003026906541700853200049
004072905250018004910543700360850470001200830708030652623001500080706203000320100
986750000510963007040028596860370005050009302027040900270405639600000250435090080
010097040008040507574308960639200700000903120102084306005032670723850019800400200
003906052057028900290050006720500109308700045549001000865000094002800361034260578
426007008008064320501200746800006400100502030090718062080003900043801257709420680
000982543502060900893004006174800359906507080000049200030095600061270890209010034
008500174104780032039204000002630407016007500307850029290040700401078095800902340
400680030910324785850019260700032406005800900000541802504190020090253608300006001
070210863510860400820090001600480107080021500940753020034100900705908014190542000
607300201095410306300620070080500060053096800104730592001050608539060100800174930
003000080980000700507283906736490120491820635000130097050300801214700060308019004
680020001952318476000009002006900250590240017270035008740800160060073029820650003
050830006060094100417050389100060254608400001205179800700903010080500607591087430
387005201509048760601072500005400078170869320860003190250000007700014800000087932
509036002026080950800025640094261830005340719083000000938602071001003526050017000
080095012031400000597018060300172008170830200800956371063540820000720590005089004
802401076006075410041030500390500160187946200000007904008003009503289641019700030
897156043002040900050900801008007009710069480260804037000670320574280100603400708
250000040901200358807050020780091000190732400530046071318670294000304010075029800
693407082010500749504082031008340006305060827001070300100800060400793215030001470
360900740720410836080736020016040057840007600573000018031570062298060100000290004
356009072894000500072800904201054000700201045945000301027063409403080206600542100
058147003614003798320800140103070082000002407279304500030200879590008200702091000
089603004400019760026007930000000052964325001570061403058100249200548000601002087
804905200005140809709002403493001620000328500208060730941056300530010086000290105
005706804608100509401890006802573961059000070060410200003901042926047005010002390
063071582781920000000800709006047908810503000074009136042018005000094820198600403
503806029800053406706900800987230641000601090062700030608007014000469700274300065
080703001715920060040600752820560070904301006600800539532086490400090305007035020
003245087200000065754908100130094206000000004842536091300400010405100002970623548
907250048041837290050049700005070002209403560103625009704360001328090000006004023
067300148050047693009080205072400309598070000003006507900802051125709800706504900
100004700470650032059208016080306150600120047541800060802000000930580670005469328
093804060400600870060570093040000358002346010070005602900263080000150926216498507
071584260460000050059672301984705000010000430620841970008267090007190006106008003
096200100500016902012970683003520410940637028075048000304060091000054730067001004
094081002027306095800020406579804000006200789080097504740905008250070043900402107
800040390070805204024100860056904001900008500107026039030081942012050000698472150
405600020083095060107020093320400750071209004048070912052086040700350689036001005
012006837803709014007380000020004100704053209580690470170960042490035761200400000
809026470600004821230010605005389700082061030003002106596040300041093208028105000
580910000204605719010700503600300002045092867801076300490561270150200906700009400
680020001952318476000009002006900250590240017270035008740800160060073029820650003
263071589510009070000306001091040826640902050050108900020610398906003400035804002
600317958750060032083090000035100080002640073906503401000750300048901267397020005
000657128167200059802900000901060030300710900048390715589030200204805600000029584
835600924090384001700020306008940672379065408460807000007490063640052000080000045
298406050000500042051230096064800010125679438000040020509700061010920300840360079
240600519615400380009010000100800000736120895850907600570060940903008176401370008
096780201241369870007004630005030718138506020000840003904007002010290057870050100
052001080801500374060398052506230407010846290924007038030620000049000001000014863
513070000009300100760200930206001587190537206475028319681700092050090000040180003
573409200002060847060701003605070014300045008740810320006200109207198436910600000
004596030691830250370002689100765000060000001209048076002970068706283095080050700
160079058000546102040810607601700304000980705705064009000038541308425076000190020
000021097920600001815970240240030650300200104670415020192360785703109400000700010
486012000012700906930000010608479100090020684124036795861000509009008401040690200
105627090700103652036095071050300260001400735024076189600751900500004000000908507
400200386000430012000805794270010003080609070500374029801053467703100258600702001
085200097409006583730580400000360871567891004008027609003100006104638020076000300
070000054468570093500091060750908006086030509090050700905080630640005982013629470
082097060095302847010006005504031006139760402000900710800079504340025009057003608
070835409305006072180070006010060207802090043607524080760400008040680105508910760
000000010370140862261879040010230706920080153607901000846703020090506078050090031
040809765600534812108020400081006007030002196400790500024073650700145020010008904
000000608130000007087609230819276350205480019000500862004025980520908003690034105
005260090008931056690407000200090010060310240007000369900672804340180605706503921
500198740940672835020530600480005301000923070270081006300049560790056003000007204
184000050000153894509780010090001020417096580200370041605007130000030260923615400
301020609064701830009305010750902040020650903093007065842503700007049081900800304
760820043023040800800390207000409670402630190659002008247005086000700009508263704
201830750065007008807205306730020081408051630510368000000082000100094800904073162
009342000236750400547908002000500806083020005760090003950617038028030091301209064
305001070040608350607005004703169040490520000120483700072030608030006009964802537
805062001200301507031500026520000143060204080470158900654900270080400009900826304
307008002500402370024705106402063000150074260090001547006007809901006700730289604
097310045015890062002070030100608907049750010068900403800200500076135084501080096
500010072020780603710000590360158004891060030000097001630501080008902356275006149
930060178001085460800703002364207001082000030507000624600800740470351086208070310
950710040716200539000560700194600075507004098000975100630007402040300080809421650
739056000001070306265310090002507080008020010003184270506741930197632000300890100
000245900970000526125690040601509038009704601507008400010952380803070065052080009
340050821007329605265040739900076002470080090508400000004910060091830050802065014
018975360705003048230810795079561000040789510801342670000000980080007200900000450
300290070069400010028063500000570400914602700270041039003720905490358067650010302
501473029078100000003090716002840600015007408804609170180230050250004360006905280
384007059900043782700890000103900067060730500840065203400000078590471020602089015
700060901010905007924018360070080100800059032593107048302001590000342800487006210
623047900010000073004835601030690040050784310941000086489500132002400097100329000
091547382340000007508260100800791025005432910010000703056300879000905200020806401
700020548052008000430957106900061700041030695307509001083075469200080350074306000
420100036370600190600394200280730960097068300060001408730216840802070000006003752
600200010357000809902000740000000281290800375000027694720195408540082130108703950
320800096840071205006390070400530810013087900085010302508060029070958003960003081
306001890400307200072980043230819765010200030085030020920670300540093682800002009
700064023008003160356092004040085906503006210602730400860020305070010600204659081
504072003010004579780069002000203768872605400061700200020057304037900006058406907
630050709092768003007300250078015092120439075003000001709240500281070930000980607
007539021024600309093040080300276094049001008071004605012065043000028510785400002
981050620530106740000820010200905860009204501156008090600070009720340056305680402
905060004800470009042091786210906400490000030030124967783010240050780093009305070
790054028064072590008010700037001480025480900001530207070025819300700050589140070
000400590249068013510079800925036008063900120000850609600704051401605087750200900
506021800780039006400500732290380007000270950357090408075043080600002300023807694
500070904839060710007913600086009547020741800074600001010405306053006100602037405
230709500000360271675400090083054009502100307009207085850902704307046908004800050
504000276090357000810026903020080530003004608781563400070600309305092180240038005
020000001170640308003208070732890650940576083005300000086457102090003400504902837
086075009090210438204008060000600000732041956069053081075162304020034805940000600
829043100403071508000060032500087010070100084148390025907058041600010300051930806
048750326100062009260003010082007605706530100030028970014005098800206703027809001
521600407007058019080210003790860002032904150100002098004709630953020874600045000
030050070019020060465970020104002538870513942050849700080007053543281600000030004
109804062400130057037050040024517009076008031800600570218300006900760803060082015
204830091370000008900517034400009615610375040025400070703058409190042306040600100
806210930230070005751038062184027350070359080003100200000803520025700690010062003
804007213000405786027030900200071469000304150005602078560040090781200034040810520
516270008840530006730081040905002400107000063304007280473158629050006037601003000
802104070309027506001050820030600905004301080926085730017536298285010000000200057
040730002830051479700290500407062805208347901603509200109420000000070094074900028
009041053040035090006009000470063200800570169000810047914300026507100034038496571
579106004100053720002007605403019876050300000908064250790430160031075040040200530
080050063920130507403706002260907300300000628015623004748062139000800006092370080
803002590750034100009501072120093060064100020070806941501607238407008009080350007
094200000020803964037000521419030080065940007070010409940380716706100395100060240
700090031030071249100003687480050310000430000359002076800120754502704963900300028
501007900067498500409300007142000006003640051608003492015030060326950780800006135
002900080500084923986520010760100030120300058004752069018400005057809302090065801
040700300305980400097350080006270198080549620039010700024800976900126534060400800
157400260200007190603200487030140750470596002500803900064710529005300000780900014
809300710340207006500910804050603148608140000094002065210409007906720003003060921
000406120010520007020107000680273459305819672000005013102900780069052041054001006
004260305630000182208153000950007830003089021061032007320800019009301670087046003
263090458700840601000006290584920006007050800009600540802017000971460080356080714
270000315500701846610405720430000102980142003025970600842050030000008407061000258
600375100001020056452600309847130560000007030390280740014560200073001690060702403
970003254040960178000074609690030001005001306401009527109340860054096003060050902
005400009000009280200800510064087950710905042009604837482096075053100498000048306
985067104304028906000001008400600093608273540103004007000806012541032009806100035
600040380128900674300618000201060500064370802900501706850402137730150400002080060
504000672026470019070628000060050290745206108200830700198560027407080050000047081
523701084047560032000004500019030467052006800004189003205800090600052300098013725
007120603605030200042690150009701065850209307470006002590460730760008904020970080
253000400000460013040009050809104030004026798605983120008640070731052946000390580
340506070209700005005082639020057300504060920830920056050100497093670081107240000
541206900002950460000000500800035709704810250100060308258670100403098627960024005
009502038570003010120760950706029300950070800040085197200047681804236000607000023
040809765600534812108020400081006007030002196400790500024073650700145020010008904
900370826000009054032405001061298705090746100420103698573060400000907083080504000
018400027350020008070318094096080030700064905205031076500192860160075249820000000
700863902003090701894070500970531004300680295580000300027318450000206100158000620
002701050071500386405069700029130807003070200016208093264807105300012079100600020
007065103401302780032100040200030059906804000310906874080240091754600200020503407
090072086387400090060900070070620903000007240904503010700031509219705800603849721
010608005748510600500003819835704090200300480100980063050006300680230054302805076
016000080382601750754893061670002045405309010030004092003000076061007520007456008
980402150034807260007010004300098406500643810648000090793104620800075001400009038
000010860608390201123860007530726048204009006006004520800903602307001084092078005
380090576600327804410600000200079160009031050173500208006903740900060305738410020
030460009091370600065100378042009716010607000570280403950010200607950001100026945
000600000074300809230570100361295487057430000080100900840010502190702048720846390
680453700050000043403012650031865020004097805098000360005700400840509036026084509
021374000937100080054090013089761240405003000210008300063219070790400630108037009
270090000810530029906402083648053970790084230005079040030700100587940300169000050
190308020865100730007090040016530007200784060783060490978450000532016800601007050
002817596100560002600002014201009385050140007006253040700906453500480200900700168
003406097004800030000090050235947681069321000041005023400760018908204765300008209
008094000504082907206007048607830021309700580040200790080413670710026034003070209
027000608680057200094000000056200893839006421100900506063105084008743000075689032
520700000600913254140060037300600508854321790700050020280530009905400312400190600
027001690900806704064072500040008000198064075070105438052403060030059047480007302
900800014000907650056020008583094260004000097207060035840009506760582043305640709
087100039096000500023905701000502900369807240058000017001000476640371890972040103
950673418806090003030008020007060905028309007190704206470006800081920360003045091
207065040100070530045901762000030495903040200000192803430029657000400081580013904
000000897452070036987010005506009024839204761024360089000030000300090458008041673
200500764560002003390007028000650030678304200903200406430005671006900385810006942
002810040148002030300049182809600450034005028500438010280074005605081074070200890
070413068810070050000805130067158903340900586900040020480701695090580002730060010
107008004005041032049026850000410503504007010791230068970080140050092080803670905
070400503605890470124007608243570080091083047800104350380000002010960730050201060
580710039401930802009400100012809500700301028048007603624093700003074001050020394
000000495420050760005840321067001003048690207253084010630002589800435070002060034
300540009065270010842000675200650031100034507703001400638005040509480163021009008
069007000010028904030000870106039058703085601085410723200073005050904207078150049
100074000087210496450008702740102960030040180061703005014520039070800520520460001
589016000210080000007400000058073006160948207972160843840732690000000172705091400
100703802030004601047162509600090320580400907394000108016570200903200710008016490
600430020523078194010500080050893240840000319079210000067340001201907436030080900
100703802030004601047162509600090320580400907394000108016570200903200710008016490
528400307047123608030580000190750800470930001080612794004300900013200006050800123
390020750708501000010907842803102405000804003249300068087253019901700230030009500
490078036057036402060050009500081907639007050100605043000069004786502391940010070
006400938814953072070006000607002019000860007382710450720305064400108790109600200
004507200721900803900001746600810004003029601148673905809102400057300100016000508
067095420392146050010870693685720104003000002001683079000200000208004307730508040
284360071003470608006000349002596180100804705005037206400683900691040050300050400
004007305020600700300004126089076031030819604016003298045068913003400807970301000
007024300456010870000005641600458100301090086580001490920506010100082935730149000
001020948074801000082405307200908050018750200095200186643079021050600073020034600
300406050261370409400009206980050071046813092030700600029001004013047820500260013
510396807000001000300482006900207003640500780127608000430825970000964030892170605
625038970009200005040095302987020030150067009000019587498601053000083640016002090
405280960106054307000070005753009006900701053001045089804037592007410630632008000
517090360000006005490253870902301540850600703030540080025168900100030650069070028
056803002800701054140090060790314006324689017600520009060008700403100000580476301
540060100206097803070502406960005702100024630320086010700341265432050900050009040
006510902890700005720063041040020006609037210207605490960204100100076029502090304
310978052209004700070060089497020035000030064603149800865093040030410608040002093
870019026090030500301082409030106050100358960026900801000845290009003005754201083
086030041009450008504608037061503892200800170097240000610320059940086210070100400
040801207020530486003204000098750002037429860200183700800000570000008609360975148
026037100400209607971006203007090065000058304305004000068975002530082076700463508
630700410190000270400019506001905600209640730063087194802106007004503062300008901
905006047004010580610500900007030019406002073003760425062070054049003061531604098
204609150503004070009301804100400790057890301960107080701046200025910047800020509
502030008000920175978650003057009006203405810600203409130006700060012500024097631
080000090002598001450301802105070430863409725794230100938604010000100050516000380
000509142540021390001047005060205083052493016104000509090030074010762058200050601
960380010821590376050200004002040008605920147418000029073056490049030000080409053
842007310500100024003000706057000903429730080060954072081305097000876000005419268
040801207020530486003204000098750002037429860200183700800000570000008609360975148
908500060200004801706182903601459300580006049090800506070040605002915038859003004
097358620360002000004900831901230048802005010040890073013089402000670100586004097
579106004100053720002007605403019876050300000908064250790430160031075040040200530
309000270050270940204693100046050300030709801180026095700800600460905780820407510
200000745096704300043258100960040503034095017050803900670002451480500000005461079
700192084023000009908730520019620000402070938500084012600019270071240006205060140
030807052507036010860100034405608300008320475290700006051004260302500097080273040
809204000043801260002006748100023074427008006006410805275040601004180530300065400
067950030910800006008032791891470052600305087005010040506109274100003860780504000
741390260200078004800100300092730806310504900674009030080257003920480650400016700
340098705596704800708320400004000176050180942000409508809001054060850090270906080
506840200800390060903050487058903700200004908140085306301060509000530040495170630
728935460005006098009004700006143072310000800097260053000002039953087014064091007
500027008482003070001840629945730086800051940060009300200574063308010004074008210
040800905327065080985004620704296000002080796096751000200100560460000209153009078
760040308148000957350701460600920004014056070093174600020837091001092700000410800
030186240094000500810490706056810073920060005003950102160028304200531600370000801
203819700160004039090200104020030506005926073386007002930600450672480000000301627
630020148020800900987314000201790403006040712070060895060080300000630254349205080
020010060010006239000042851086270305003058100059063402072031040830095620405007013
789060401000187009106400780004800915502640007017503600040036178360050000970014306
108050003000903100736210859900802061300100085861075040600508204502001600403720508
790802030060570902025006074258103600009058041400600805300029058507080009980705410
102000070795813000483267090051600907906000210047008056000705104310020705078301609
006052009300900510195470802901340278250701004400090001600500080817639420030007096
001007006307512840045600210506208403470009001008061702003904075729105064100700008
001020839003610000749803012390176045005008706470090300002931407034705020107000063
060018032358072910002600004003100007100080603687923401500091008026300079901807205
000083104480000720139724600700900530003208010524301908807130046050062070240090350
617498020054000807000750410086370000300000608590682374105000002049235006008904735
029500063654031008000069507003000806048607930106358004005023000980140352360005081
021789063983105700500003901204030819096002457058040236049001002000000145600070090
401823690908160200002000810054089026320651008080000701800070100743206580006508407
008610020020850140050920863200700006300405702506102980092500030063209475800306290
307000500806907100004135000090450378043008916781000050068070005430500082275380691
000150000563042701018060549700501604085604200406200150054300027320475806070800400
080400300327901540005730980091500000508097034003802195030608400854019063002004059
530807629000601007670053184023700458050980000700030000067028945092405061040109300
150972046400508197703064002085700004947803610000045000869007421000081009070406080
080030716410680203500200900079104035605308107008957400390000071001006324004013089
806047003901083547300900600680090300012376084009800706290760031003502060108400270
000657128167200059802900000901060030300710900048390715589030200204805600000029584
532701069600390578070050000800520716205000000740869305006035900300040601459607203
003700210960104008410802039005008973301906500820503100730020800000307060194680327
372080010901370000685000037020010000798026001160739000050003108217948603036100492
930068402062009180070210600253680740000072010704005068020000036546820001080196024
040801207030420691009307000086940003071538460300176900100000340000004106450613829
360900740720410836080736020016040057840007600573000018031570062298060100000290004
300905024920084060045070830160203958030510400402800006003028640706459080204000097
009004170571026800080107560020910007103065420750200016006850034900402680847600200
020360000100489000036102907263700890507906020940528670052874139304095000000003004
020360000800149000016508907793800420208704060160295780082951374501072000000003001
503807904072090003001053820239704001010900002006102439390516008085040370020300095
000520037420800906359604001792150048030207010060300702048000500905763284200480060
040913502050800000972500381010400000030701956789250130590002710060198205021070090
400036002729050600300092741046015090250040038100207504900468005082900410604001870
003902040572140003094073020068300014421760000030081760009510236257000009010208075
000397004607208100080000020014803597030009480079524306700486053428905670000070908
051839040760001309003070052008640910005900003419503608802704590107005060040190830
504000672026470019070628000060050290745206108200830700198560027407080050000047081
720098050069200010080105792102309476403006009090710005610903508005872300208000940
970612000086043900102900007018039000297060803050007094305074609709050240840200375
620030005800071940407280301709300000082006490030958627018007036306102004200803109
060008570700591040205040831073080624680452013001600080012960408800010390900834000
000918000842006719016007380009284571270005003150300020085090106690001200700653804
082730049003204600401008302045300000306051490010460253100972504274000960009106008
005063489180020500940078020000890030850201604319004072034985010020700943601040008
093580060004300825580420100009270080045860002620005794936008201071640050000013078
006180592820000760519000834600740915005010076140900203950467028400001609068090000
249537000010042007035060000501300874973180500402050901697205003100493706300608000
098005031003619800071800509800097450035204096140500007320700010500042068084301025
020001080900276040614500927705604039100083065430050008000010092240005713871392000
040796185098251000510308009026805900401609000000124670032067500700502090160083004
700010820812094000060003791524080376000060410136402089270030905000200107659100230
004100037310407500890530041070005209059804170103270080040050010030028704685740302
050063907897154230003000100038501000219070403000930861020010608976005304001496500
071080592020590006504026001902000007316905084000642019039108405400259003065000908
861900453005048069490653100758201040006074821042080500509810604080039000000000970
370004601009700045408561090940018000050090468086052039500200000694005203800149576
028063100016200930005140702590824070602059010004000529200030081843690007100480306
009005006635080129040906300010800652970254000008061400001703060062508900784690531
080900400641370095005608102020096584057413020096000007214500960508069701000104003
036208401129075608074600200003701800008300000002986003307069002260834500985007064
730910008105080734400705020900361207607009341051400000500072080014590070073008915
907640032603005080200301046120000897090704020036892050082009375501280009300450008
135260084040109005002040060004708100067051098300000207609570042400602509520914603
070560201501487009069000470693100007040230100005906348480750903056023014007004002
089064375510708029006005000640391250052006093003050040360079582075680000400010067
408957000000046900007010006540268710890103650010090830605081093074509160009604270
000005801075030240601870053908710430132408005067200009209007008713589004506002007
000301420020976810195000376000000000843097001279008534086002903537000042910405680
051700000970501836030490075740056080008900004095802763010005300023174090407009512
809340000040108390073060845016000038050037201308416007680000023400281079207650100
007034068524001039300905001070593084100007926849002000460029057030100090290750410
710493800300068507026510000000752400409680200502934000940820170267040390150300040
000213067710648050680005030074006000065320000908150070090570341400001026231069785
405900060100620390906401702740000905059748006008109403000007020672814509013090840
201500008007104200056027314070386001310902086620000490002039650064200139093015000
251080094403900000000614325510890043084027509700100200090000032007209801825431006
050109003390207050107300829640030210001674005705002068980456102016023084070000030
001025078000678400070001265207063500140500006000794300830019647700306050624807039
245308010906071400000020598800700050029016734470903060608030205004200381302485000
900200053340718096012009070260500900000600842781492005420136080800907320039000064
040900612506027934009046587123090806970060050065008000301070060092680340084012000
670304920830701605004006070150060090007930080390108564980257406506840709003000050
201900403005061090903720510800006030650870100702410685340102008128007069000630201
700000000020304910594178362200007859809021030053096001905743120107600590002010006
204609150503004070009301804100400790057890301960107080701046200025910047800020509
007900015038506700029407860290085600053064028006002034002001097061079302970043080
051200706037805400800071350648930120073108064000004003080302619316509007004010500
005837002283019000004652108100000369350000084860903010520700893436008700908021400
001372540587190260030006109703200004612007090008003721806700050320060810105900036
874120360200036080006008021910075830507802090008090570100600007425080010700214958
604900850930806174080504000040052910001008206269107003026089700300205098408010620
519072064800615079063009251408100000102040006076950040605004017900507020200801035
000100805637584092501090700278000456100062900006845070840673510003008600065900340
000196385361000040089320060030410002140035897650070100020850400410260008890700523
760328014405090230010040008090760000604030952031904087040280309906400005803079401
058140230100807900927060080710090052239501040485076009004012003302954000500708020
270150840100032570305080090082610037704300608500078900400800100001503720657240309
850234070000086050000950030530109482962540000401302090095800147148600000023005869
807429506090500200320070098049607820600052047201004600004005060753200084060348015
000014070000976304904005060547002018180750643609048050020000736390407100706083095
008000705379401200050083040487290306520630804063048007004009102810300009695810070
520874600706903120300000750059042031078006540010098007145200370002400010060135082
625048000901020405040000082508300217230800600000256890092680070350001928817902040
209006704008470002034502806007028401482100900300045078970083100120750609800600027
090087103073010000418263070040056037300020850500340000100070098986134025730890601
095006200042089510030250049403568020001000460026043085580007302069835100007900806
093001005010730829082590700060000000841970036300862154920350601004608500650100302
120307950064080073700065001643108700000036048801400630085090300006502800097013562
409570862007068905586230170003800057071953086008000001714300009302090040000604013
987100425362070001100080376500046200030090057720051049000805000090430502845629003
506940318041056020090003004080094006070638059963000840007002405604709083209405070
280500009004010020079428651423180960006004080090206310160809040530740190900001230
164000000579026104200041760002010490091875036603204817005062908010450000020907040
200196780647030090100007023870640309390801070004003860720014906060002100430069208
097028000308700426060503970600050003531060082800132650903070001710306290200910507
104000700397185006058040319003002187029070000715063904036017000071620405000090671
523970860001530927870000051000060170006703289307810546900106732700000400100240090
809004100350018074004590860648750091100063750005080006520076080400809017980040602
019374008000651470047008501164087000895023016020010900430005092971040003250109000
060903070385001092090026501003082005006109720872060910624300100038047259000210300
029074150500090674406510000004360001350900400690450238048036900065709380002100740
000000405084000210507200030040530872720819304050000061179020586005190023230657049
500320940079810060206070850002130085053008120810052009094003500705480390300097610
208067549090032070670080002007620800800790054423800706005210467042576003709000100
040520800900013206070680090789200650605907082002065019524008000361492000807006304
010306005040780096863050041207100584050824079604500000120400908976018450000095200
341000080000740019095861304479005003003080901008936402000609008186024790950008036
250807401470250903009010500008600714104970056026105000002580607045001800807320045
890260574240900100005084030001649720709000003520870690130090056050016807076028010
000075002605208300182400975004003000038700406506849237207901503009004001041607809
000304700063097020759100384000509002015003096947260053090600047370082600026401930
000100065500096803310078042700342080840000309063000457607015200400020106182763504
000037045000000809270480003092008306068004097537600408806043002925810734743200600
007610004046209308820040960930056800100700630702980051289537006010800090005090283
500940071000078500170605493206001047019704025004592106080450019900017000040209708
930068402062009180070210600253680740000072010704005068020000036546820001080196024
340506070209700005005082639020057300504060920830920056050100497093670081107240000
004507200721900803900001746600810004003029601148673905809102400057300100016000508
150004860000671095940500010500923084600415237003080000704360520892057346000000170
942503060810074020075200190709086512580000906620090487003700800090840600458001009
709038501600701300301600820503400018406103070090805406937046100000012049210900603
948030070765092000120850009000300004014905380370000000037589602892163047601004803
050010340381605009004093510407109203020008070830027901708534002500000030603071854
506000743013608025900340160342009817001782004008100006000097302230856470004000650
130080620600050378009236451080305090060000200403702005350004902016020804942003567
530807629000903004890026375048700231050610000900030000089064712025309068070201500
530860201800057060640030087004300009001528634365090700090642005006000072123085046
031970006090030010750821400000603840009700600460182379518469702072300950903000008
390020070070030620600007904007452301805001090201098000080240710413905062720803549
960701245008503000014090083050020037240017508076059020607035492405008070030970050
690005041010907368730401000045702009071800402060094507009608073380270054107040006
400980100018030000039106847027304908060500021050810763601093070390048006002651009
409000867006792040075640200718305406060079008050800720290004675500263904041050000
036010207102004680008267003410800030007459060860300794650140809004005020201083056
080050010690812357305900008076509130930071084800004700520008600009026870708190023
000037045000000706470650001017006908056008034948300607704023009835160472192800500
007306024248000063900028000050012489400030210821040537762050300385000002194280070
370108690006007020180029530248076310001580079009200040800040900907065401410802760
320010450107054003000620780674005230932080517010372906049001070261530804000009000
839000106500130800420090000207900684604000501300405297962300708040580912000029463
450010320023605010008203670000006400504301069369024087032150746940002801070038000
007034068524001039300905001070593084100007926849002000460029057030100090290750410
090106300006204901451090267142000890605981032008500170003060024069400013724000080
090508273802600090045209060067002001501463907300001052470026030203794810600000720
075180290200940800809007106084030009320869540500714382453000008000002963962000005
501000004004197025702045901076080510300051460108064200060510840245800106003420700
068090207010374090037600045009700560670058002302046078503060001700030689046219003
004970201009403807150620049592000604080504010013200070001050486905801703608300190
830027951045310687170006040080100562057200008621085370560000030008602410004008020
010702853080100409397000260630874900501020648040050032103000500708203190004507306
000000608130000007087609230819276350205480019000500862004025980520908003690034105
082070316000006074060000950658742003030809740700153620509630001100400067876215000
009000083520078410107394600392840050006010040005730968750003206961527004000009071
060502190238019006100030840001060430540108607026043010680320500002004060304906281
368021045217408900059007180000514308000000090104739520040896237000000619920000804
048000036900568000260304587096450012420800670007029040004205700800070060732046158
915080006000476951047900080050092364020065000896030105509600032002549600064300097
184000050000153894509780010090001020417096580200370041605007130000030260923615400
420300060300086704689704500910630800200875149500010632006540070702060395000200480
600904385080206900001538627000029763030061000769050102000382090095647001300095070
803154207100063549065907800704030952009002731000090604318070006547200008000008170
000400530071050200835200049602090175314070906907001084500040890029865000108730650
501480009800005026603970510070028045950740102410600080139000250060097801080231004
300608004650702130401300270030501769900406005765003040802000697590067010006294080
370080504600174083024005007100050902503210708402067050005900070900040105718526039
005074069703906120601008500002480006870009431904603007009860710107005802508041003
043700085598040060070050000080206030036080709750904608900800356860392071317005890
058034070400010090102076854093700200620001709001692508367009005210850460000063907
709853600100640075540901000307504009095010247010700583904005031853000400071400806
057300900028060007000709860439870200000130498082495706043000029091284673206050000
057030000032946075400005163041380607800607001306400508205809014713564902000000050
724060005039050060100392847003580700580670920060000508400026103315000672072105009
020060508040012639063507000056704900704031856200659340000076200900045000670320495
002574000160098270040001380609782430008013520210000090800040750704120900096807142
002005381310890000706310902901030800200048705807069410008450039030006540524083060
509408600603705800020301000395000040782043065060850203174586029050904701908200000
408600012020384090590200608950760103030900470160408200000097001789020530015840960
050420000267085100804070206906001002000234960002009010309007825620098470408510639
645109783021480506000060000000008035013607000289304167054970308890530070002800650
200500819360010475901040602493680000026195048015070000670030004004056297009400063
205387641007940325040051097008020570009830060500170483950760204380090000720000008
008070960610090203040200050160529000090867321000300605081000009250783416400951782
024630907001902460908040010040300000100008702385217649059000106073169500002570390
420390700370810602060002590004900170793401208010087009108070324602530010007024060
047530960508760010006002780000981006869000241051620007005803620280006004094207038
528000403400203051010605782100300000075900004006574800302107008789462100651830200
780040109610700205900531078436008700590020084870050900000000020340172590267495003
008300000100000732204600900469002158710058200802190070341075096925860007687003500
207891060063200008080030000000300870000640091601987045896073024715428609040160500
006030005730800401804971360009010520360207108201048030007306004003789050628000973
060094010570301820130020467023486105001007080098100030200073901017240350306009200
640300712390781060715004080026050030481073059570109240200000000100830426060002301
003157098015980000070000040004073012762010034138025907040398701007561420950040000
267009100008201063010840079102603790036900400009012038071025006685704302000060057
073089402081604730040732000009540006738920000654300290092070004005400920007291580
610720058570060001030140690300009006002014980896037510000001060167582309405300170
300068019802014603401900002200090006635072908070603105009781360746059080003000097
793650081524080967000209500006100042081020670207408100640700010010806700870500496
060800000850001009490060570304050917910487200672913485129000004748520006530000090
010350907753091280800400005000073006328000759609285100900802471080009030234710008
060054803000682159009703260903460782070529030206837490007100006000005040820340900
360019478740506900090740160900050307178034009500970601089300704007020890410007050
430806520020070803810053040070020100682307904100608370290065008701002035060430207
617580020023400080000203679075942300090001042402700051701025804540100230200604010
100497803060020019090031270058902030400705000900386054203160590009270106070059042
200070040074000219983124567040600091090000000007891620319207008720405030005389102
002430156003060780160590304906000407274600005010074960085046090040023078020800643
820060431060000500005304689200609103017500200503142870400090310931000708780403065
072091056840600013100234000090082345500069000201453600000908560028006709050347180
070400900430060718016090042624018007180030420050000080040009163060173290391642005
041300620700280514590016300000945001457831000019762845000600400608100200030528100
005308107102574009030010050081090430306247801000000765608150270013726900079403000
000001857314008002507269010039000240006190370405326900703685020051900730200010069
570400803130007406040563001620100070907380210010204960005702039061900002302605087
030000708826400100007698320500380010072106850481950673000800200290704000743015086
859610024207980630000200009026097805001008070570130402904701200710002943080309100
304000200008932400750406983003020769100360500469805001801200600030741852205008007
320981546450026000698000021260190780003054160004008230030507890040802600072000450
000503260260198005003002017700059084380460070514000300008006051632015048105780023
038701002541362870760080001005008046024600090006100350457200000089470610610895700
014536020700810456508270000630008070102963500040002001000390745401687090390005608
650870090047093058380215000010320586528006300930158402093507800165080000000030060
746390080035700910000540630004107009071003028590460370083209706067805042100600090
518290060000301750703500021300470205007000309451932600234708106070040500090603870
960032480413859627000000000800103506251906800007500102006095003509010068072460015
050201493000600517710900826400058261000040789102700340506003008800007602937020054
008004030701059000046738021304925078157843269900070000005090800023501490610080002
009600003006193870238050610015409007003015904094070105042001798960380051080907000
020496010870513094000020003008004706060270500200650309402789005081300972095062408
400003506670054082580710030907260800000400020824590613208005490045089067010042300
906204070004056092002070406009083160360500900081460003095308010073195680008627030
053706102000400930724310060500800074348970650007034009170640520430098000200100493
050241070400906201612000034800405107500063080746008503030012700184009620007504310
800509000070034500035800900108407350000095200352018090960203870003781649400906123
605390017000200068478601200090006805510832700860940000080007054041560980256480003
106502098200080360840301020400203007060817002782000913007030800594720130300056079
054900062060040059097586004412030608800490075070068040503029400609807520001050086
613280450500436702720501008000060284002100000847020106000872590971050803008310600
180002730300004000590378241058010309400759128019200000000640580875020460042035007
268134709000690284504080163906000402003028005000900831050010320812000907030072018
623047900010000073004835601030690040050784310941000086489500132002400097100329000
800751234731006005005380700104000600596000047203400809002573198307090006000624570
830900420915230800000806039069070084580002910100398700650429108421700000000005342
058200060906531208200008097015984720600703051024000009000010604163495800807300910
020307061430610509160400070698174320002900708300008090903041007206739810040000902
627003100040507090058126003001008320064352000800001065270804600400019032019205874
407806020090020600206037458904270500750610204002500803520060040009142005340080962
800091400930004201170502980360050108500348700208100095403700000610425037080900624
000302700437019065102060308010780490970034600260050073649108507300470026700090004
356021407010470680004090001107908504940760208080004900001300746462007800030649002
009530800021760090580010230170200369460097180000680054012800047700020518056174000
040607900097050632056309700025800340019273056600005100080036090060010470971540063
643971002890560007072300609000047080024806501038050700200090406080020175307015908
020503709805700000090080635958007304147639852000004090370248006600070048500901270
170080600000309010962740538640003050097815060010004827700408096829056470030007100
020410060814039507600000413003000004467192805050043690031528006700304159000070082
000603170010570038307840052030900780086437091709000345942350010070010400163004500
092104785040050039075800614109063800400708051720900340010580460504076090007300008
930060178001085460800703002364207001082000030507000624600800740470351086208070310
040712009092604718016000005904007851067140000100803074653401082080030047070920030
560008010072140060341000080003610400087254000204903006020836109038495002496700830
960085034002430005053007028240009071519870003000510802024050300100740059390028047
690200080000807300283140975709360051030025040025400093308519020002004039960002508
800270001001430750375080409050004080920013574084560100007108005402900810508307902
164000000957024108800015470006070520015496037408502691003047906020150000040903080
204006510500004760860090420001900240098207001420010090082159630046732105150460000
906820710170009030080013902549107280008045070007200504024301009750602001090008327
802564000670000408000817020920005360704329085053706040430658000581203070096071000
310094802008203910004801307802005009009480030060100000625017003901006720437528091
000574960640800050300010080068195402004320790090400800456700329930046008820050641
005706804608100509401890006802573961059000070060410200003901042926047005010002390
800140507007200040914506028280000075079420080040837910700304001420008706301062850
916073042008010300004820017700451083401307020503000071000039260635702090190040708
004036982600004100093020400030400098081200050407890600719348526345002800060050347
009000040810709063000631080798210356006305479003900802000060001001897624602150790
024971065009500840510004700790082134038190000060300580340709008907006410100408027
002010509408629703910500060000840037083006020294307081376981004100460008005000196
000080396580023007316704008008005000020107865651802730402006081065210473003078000
480705061090003400605014027904301578800047100051002030078006240000058006216409803
670420059093150806040090300350014900800905004014700635700500003409270568520308700
403095062600020093921006405000000734792300016006500000039208601017649058860100920
007038050105009360039510008004600100010007039092143576043780200720904613000002847
812950734746238051590000200364080500000000318900573460008700005670805040025004007
083051267900674008060820409038045196041396800059000040000102004100539000300480901
950410820037002000020705643045806702070000305093157400300908006702500034509304081
710430000023815090658720001846290150930050000501004930365900010200300070100548203
107400023050270010680091407700902305209030761035607000000789130316004079908060040
003157098015980000070000040004073012762010034138025907040398701007561420950040000
203000014076930008004182036849301672030000500500297800008005020407809365025740009
007900236402536080039020100900350070028400315045180002874693501200805640050000003
037025108204710953005043067703060009608430000509280006001804092470300000802156004
080657032006102008005030106350709021260015800000200547640320700872541000010076204
410020750003076400580091206870015004091600825600209003009708500104900680058160092
006304500059170248014020070597648103060200800003010460108460005030001084605830702
739056000001070306265310090002507080008020010003184270506741930197632000300890100
001003075008907163700000020300090201470150609509020700100062897824079006697830502
410506072507001680200038500080459010704600805350800064075002030043075296006084007
080006002670310908504920670097680015108007069006501007003049506429100700005073104
234870650050000007060215038020081079517090040400750063073006980080947010940008720
894051067306800059070069020167900003000000790903002000758014930039528400400093586
940605000370009068006000204010098007759130840800750016130060000497510603260803179
071204500004010609603089120400090357107850402506402000005007240340520010702108930
807090534300507900905360008700040052690870041540120060009452603483000095006930010
349020851010500007670100402194680070000001200007953004056319000038207145701040306
709068020520009600000040703157026040348750000062480057080607405491035006005214030
600307409301090862098206000000728940947003081802040030204871600130004028080600150
400702365002350400135060070268093540903420618000080000006930050500040032314205806
760004900080756102052800067308041059605080301900037600034018570507302090090400210
020496007004053290935000041306000509040689023079310400690500132413902070000730900
043700085581060070070050000090607050025040708730502904300100827950238041812006590
003609018000008506600037040080403625240780003100205487801960302304802900072351000
321507648000020930590640000009058003834700059600430027056280091980006500040075206
300704650790000348640905021500000410084520070030147580400261895900450107801000060
900070002807039165103806040710008053490067081030250070369082700580094306000600098
380090576600327804410600000200079160009031050173500208006903740900060305738410020
005308107703195006080020030037050410209413705000000963102940350058231600046507000
501047306200631570703000400007890102915370000020400937038200705670154803400700001
701509028945002076238000940300078619820491753097003000000934000083006592009000007
079430061104028307326170500040817002012500009008002070280004900007381020035096708
080401260026035740403600005004157600600000074597046021040009850760018002850304910
006834527207900408084200000632478015405009200000005604763541802500003041008700006
200058009390602807780090062010409083602017905809200070106080050403506090900170326
004506000000432608000198420002680040408000236610320007300261000296743051107809062
809204006620070849007096001004050080305709610062048093001080005948365072006010430
067312845500000060180000703209860107836700409040590086400037518008000600600289304
001705680680031900945200710004609850702054136568010009053902000200046300076003500
609400080802765004070009625083004760001098002506370840007100050018950076065087410
096780201241369870007004630005030718138506020000840003904007002010290057870050100
501306024620001500400805607907280050806107009030009178102034085080560740705008300
038701002172695830560030001003007098089300010001900240247800000096510480810479300
000562047047900010629001830013254760400007300706800204008149026190700080064005109
003410020846902007090500634137000050009073408060295073000054080305800240684021705
671300950040605300002017804010453620200100570965070400007509243490700000023801096
010008040456003089800964057294030571500490062070510000360089000000341726147000908
060204700720091086801300420050000014210946800049810072406120537130400000002053108
120945060307000045500130802001409050000802314402371600216004508703500900085000471
612805009075000820000912650028760103007400205340201700036108070790546082800000910
700500902904027560025409700306072890100805306408003100049030007007600251201758400
627003100040507090058126003001008320064352000800001065270804600400019032019205874
003065170006043000000870963840700036025094710307586492008000320031627059090030007
021405609384602005500701800158007006007908050209000180940806520015000908802159300
001803296320000047700524803200065000009700150507001002865137429143208605000050300
642093007050601008100040263010300809807206005025409071560032700030700510074150930
670503209050009063209104700100908070894030510700410308000700850917005630506341020
400200386000370095000508427140050008060407010300126049705042961801600754600705002
806210930530090001791083045984037520070942010003500700000306850069800470050079003
183504760065100009970260030001042300037900046540306100428010973059020000006470805
000906570789002031053708020075301894001870000840500703560190080037080946008043050
090007608006590700147083902900050380438900265600328000803060100014230806200804503
260100054000402300481053902140905000029360745300008609574806103902700000000019427
700065000853704621100000004302010005508640010619053742960080003031570080405236090
005936147604781230030050006402190563300560400569340700000010072040605810076000004
401906027926785340030021009789000000200090016100250408072009504508003970694000103
628070190007085206500016007042050019050839604309040050006403080084061970930020460
000072965867000000920364018290051007073200590080037106018000609702640800009718430
000049203429008506005610948052897104000001090941356082004063057003900000810070430
004596030769230480130004692200745000010000006407063059008650021901382064050010300
652709010030065000940021506000050027026173958075082400014090002503000790208317600
407800000103029087800301495005600740321700068700938020639000054000140030014593870
430506000107084200008210460926430087704008002080060941601029075000145096850003100
204650910031000270895007000008360420900700050026149800457901080080406591060580740
004005189328900600519004300830009200400003068270658093082396004640500030903702010
500800162406201000019650408652074381304100906000560000025300004000425809841006023
004506000000432608000198420002680040408000236610320007300261000296743051107809062
601048720700200040230069850072031068403802000080050432906503000020170396307006580
080007360407103080302065047001008720230071650750032900870510206520700490006320800
910346072204050390080070050790063021106005980030089600460518030350000008800630415
759000384400780050180000270000006530260038497340050860503602040904070603028004715
080094013370056020902870045008020009423960070709031084806010050040080190001602837
650100493104009008700000561596028014873000600402530089007905840040207000201064057
906000850820460000501893060208004500003001692600709438050040006160258003084310925
200500819390010674108040502953870000072136045016020000680050007001092458009400061
463917258080030007007400100235090000070043521010520079740160830806074900001800740
026080579089653000500090083075060002943002050000735498008540960057920800091070045
375801090080070650900034078060120400190050700034690815040219080819700006700080941
072961084430800615168430000085090420041000003307002001800209000014608900926304108
008046700406001532170590006610054003200010468047302009560108927001670000703400610
500090000300058097897003160600074900004916038000500674179060480085040010436281059
560008010032690070478000060004950300097862000201703008040219506026537009915400730
703684015601932800800570006090300000185497632006250001408003209060100000530820160
093200080200085003086730254975800031000074060604503807700062048329400070008057902
019463500080010093300008761056070820400001006293600007520806370060530208837092600
510723084803010050700008910100302040200641300437000261954260030300090406008104507
240010060610390002005042817100560004520008671480701090050200940802004030304156720
760051928942300017000900043124706300600010492389000760036000800895632070000009206
041300620700280514590016300000945001457831000019762845000600400608100200030528100
039680700006402509800009360450060198700854006060093405607000012002910857905008603
750901306001000500908357210094500107007608905510094003143860092280400630000120050
347285001690300085805490703081040006070800539030900014008730642000604008069008057
034790012200041000908006574005402100342079605100003240070034021501907408093008050
400010905507902000608507421261070543005003089080465000374201050020350090100006234
008070960610090203040200050160529000090867321000300605081000009250783416400951782
040730002620091537100250900702043106503819204401602300304920000000080091059100023
913080020820034600746920085000000208031208750280507000409152800100073964308000502
429800671008419502030060000580120709706000120010547008000280916290050400864901050
002430075060002910078190304800003259453019700609005000246301007030860042000924160
721650309630000200009230001973016500016085970005790030002563410104807003000001852
004600820063478590079010300730205109081037050050100740108304670325709408000050030
207940100108526073030000502001070030760830240304205706009162300013400620640300081
100030608408006190005009702713062580000805300584071026856013200040590060070028430
502000190980240073067193582700800400008007015016900020870509041000021758125008300
074350912351200060000801003706015009043060870900083640097134580008570324035000000
150976020000010405893005670309047200040360910062090530630201800405039062020004703
815079420004001098060820050508200010700086043940053870493010085000405230052708060
436000000001000473097001602600900720012050869004082135843275010160090040029040358
401005203370021405006483009583694700000030508120000090730050914805000630610340850
043501002070400100210380594000050019035094260629038007300002675052603900460015800
400957000190804035070036009315400690000005370007090580064701950759003108801540207
023015604960300025500042700100830000079200543036409807090586072082700000307004968
906000850740560000105894070604005100007001438200407569060010005870356002059240716
497521360000000702068037400586402100010300540040605087800060070601290853034750600
090065020086302907407001530052104080809503704700080052073908005900000870108457290
500049030320085091098003026709501042080004060054908103165407280042090050000802014
030000609156329874400081000325096040090408050007002936500960407084275301063000005
050209006032004870096170240248030760001420008500610920380750100015390480009040053
459600180007004009003952740305001090004307800902048631246785010730000004000406278
372860500509302764000007200268090140057480003000701806401078690800630470096005002
560008010073520090218000070002860500037159000106402009080614903094283007321700460
852170403300005001009604580630007200470562310200300056907400035026753890500090600
086030041009450008504608037061503892200800170097240000610320059940086210070100400
270480165048600300060032400407201050950043706030005014806704239004020070720390001
100200700020651908853074000301000802080700300060108590502040179710320456609010283
004000020010000836685123700058000000192700340060948002537094281000582673806007450
492651080050008902007009450306097100071060008040012763900103000704006520018405639
000040209258170304409062005003010027814027056500906001900000000140708692302694510
070960082030802054682045937290504800841600300053281000408019000360400010000306240
107900064489005070000473819062040700015706243003000098070090020650230907201860035
010083700834527091070000803508790316100035400360008050053804162701200900006310070
005040197640930028809052400050301046160894052904000081706000005000513670593080200
620087014530102700100600032706800291301025007002706050067400000013008079090271368
067053018083760052040800007008920040410500700790601823051374000300080195820090370
360019478290308600080540290500030906873094005600120307027400509008060730930002010
058902060001350009049060852402076090570400208800210640600193020127500036030600085
081350694075014002030200001350401968760509000009030705807040309003790106506180200
934052070000100500150903428002300917071090000390217046840530762700086050506700080
005008607860734250027005100050140002406800005092073846204000008583697420000082503
410063080783240156520871400051604008000002003290010500100905807005480301034120005
000791065167805000290000178002050001450130829901206040703042900640018002500600413
400520938826009510030018000340005079600971040710800250100052007264190380007080021
609405730001380006043009015964001058005940600007560094076154280150006400090700061
813700029050903060700042510620001045045680090001520037090138270074009300230006051
810205974090800000270013056001000089389172400700089203130690547050004301940350000
003060010486132070010400326040023067350870104907500002091647250200000601604201009
297043006000620470016057302901005247040296003008014060150400700600538000832900054
700900005651230479009067200068020094040810032012450600000085700104600058835104906
000387005408100037731500062060970420847005090200640078584700210100820650600051080
000307800087000052036082091100709008073016420000000173058973214791420030004160087
062815973150090080080700050040059037500680109978004020090403518030920000714060092
012090860069087010050604203093020674800340009240906008020450301134060002080102706
249537000010042007035060000501300874973180500402050901697205003100493706300608000
800350190390004680076029040058001009430905760600043805960407250240090070080032910
309502000482137690571098002840310500053029046290004300014000708608005010025400060
040067003208140006070298050030001047005029010000380062726915804300076120081402079
904002830030480070710039024560308900309720658070500040183907062020060700600204305
001020670925167400700400201308210045017000986500978000840052167070000000650741093
806430005004600381210058090642305009701060532000180060060243758457096020300000900
629150400058076210107002000370000801894207630516800007060403050003029108205061090
012006837803709014007380000020004100704053209580690470170960042490035761200400000
210740005000068040480053726021400907500080214000521083092804501104090070600310092
941300065006080200078900013069802500082054000054610382400090008620040901890073624
085600290100800006204005000903008120812009000607142938538091462491006780700000510
024007916608014705700309000406100002030605140015402067500700008200853401187006023
751032800004800251208601470982000000470018500130024680013009726600003900049076300
080562140040003607206400850060130574730000201058024390009010065600045010410290708
072000010304891706010420359138060240697005100405030097043002560000600470000574903
070190408804300600056048709020089104680000397410763085001670040008900506502010970
060571004703400910800329000126047350000090006409602701240936100607005493300000625
495060007670402005001597864024318000019050243300024010143000700706040082982070000
320010450107054003000620780674005230932080517010372906049001070261530804000009000
700048030043019726901070005450021300180063254030400008000735001370000502514092803
068702540510000003400185906001026030250340180390500460730650008680090007100073654
000695078790108050528704016302416709600872035187050000000000507070060390205000861
570849361100506000608000495000160859405028003819000240050403627000697008006250030
253000400000950032090002080502106090001093856906587240008630010649071325000420670
806030021070000894250140700465982107310470250020010086030000910580000670702800345
508031400009004002402905731000060014043518920186400300230846105600100270890002003
080401000510000842004002615129000080800005401450800709061530294945120360030049057
008009050059076182230105040810020096043061020020708304360814070504000060700052438
709258304000000200231490075650709001940501630008004520014072960026015040800003102
125700089063901000490002730001870045000100308049205060050007012602509070317428506
386000700710034800402678301501300908604029500978500400007000605800156279065700080
103200569280700014549163872032806000004501098051009030000652081005004020000910603
700015008030070495006400000602348950008100000310206047240830510589061304103504089
105002009836005217000006003087504001049103050051869700508907006792638000063251000
205036900040090316009401508304907862006503091000680035500024189402008670007300050
082004910100709604709061003307908026096302701500070300401200835970485002050600070
005701900020059148104020700269437081500002470071508320007180204000064807908005010
620030790950670000710200060870463200065920147049007630100000000490805026532796004
908042376070800000026701904460008120802007409007423005741089053005010008080305240
302500600050026371806907040700209106081400020069078053400300867608740000097680230
143600702000240601602701900251080009008562017007900820096004003014300500020879146
078543062032060080400800093003175006860000570015406309001930054540210600320600910
130086000076240801040715906507460018081530204000821005769002003850000009400098560
009300002008400507542671908000000200906042070271835694000203750320706019617004003
030020601216039805004510009308960007002100598049705060490008156860301020001690003
923001854001908007006504300089100706704089120100206008098610472000490500342800009
900270180587000024120803670070582091000731060200046753001000902009028000732190840
600078249009001000527304018004106800362809104090002360900023480276085000800010526
001706489090043020600598000902007004370489201086310950067035140000261000100870690
653914007004080006981206500016409000307050091592037400079862000005701080168590000
300905024920084060045070830160203958030510400402800006003028640706459080204000097
450000063030079000006453178719036520003741090864020307302094080080310009940260000
904063120000005034263180050695801070001057200020030815310948567000002080789010040
908500060200004801706182903601459300580006049090800506070040605002915038859003004
180356200090004081320001605050000973609430020073529060000100059761085432035042000
000175024172000960085609070800004310710360000290510486028700501940801030001032708
154200603206509801907316205509400102040090500010025030000070426020064300460902018
169030705425007630300054000847501060591003007200478009000000916604789520053006004
864007000320140675000206980005400720076800003230715460003080290650009000082674351
410063080783240156520871400051604008000002003290010500100905807005480301034120005
509000020004107509026495830400500710705301080910078056007014298601002000208750041
080562140040003607206400850060130574730000201058024390009010065600045010410290708
020500007190270506706180402305791604001600070072030015400010009017904368530802040
032071098600890523089060000020910045040280067958600010014706230290008150060109700
230500010010084205095206073040730800086100002903640157150420930409053021070900004
004805000820007409056430812391050287400010095600972000108500703000041960269703500
841052006705060800060874510504620031023090005008035060910043650080000372300286040
200653140846200503100004007005719486610300720907002000762008031400037002500026804
305000412046005000870409005004096003952371800630250900020010080100080034583647129
903052067208300504470000230150004000897023605004009721040038100580060073301705086
602587934050003200740001005180702450009005760305840100001200306267310049500079800
000072050070609003000480000007308602869214305321567049238940760690030000000826930
890043000317600854406107239600009000500008071200470365005704002020036040764820103
497521360000000702068037400586402100010300540040605087800060070601290853034750600
109030068208406100030012904904003705000940000325670419000001043016089500783054091
900800014000102780068070002719035640006000073304060059650001807240583061801620405
004070009008302054203549871001003000005108367809200140156020080340001596007035410
607051308001008642823090705019080004238940100056020007005760020000435070974802060
050048360897006500403005298070054036608100470300867029004603050500470013732001000
518209700007000006060781952080002305603497000072800469031528604020043580045000030
210709048360102507970530210080000705607000084000370000490857021051000479020091853
385700024062400050901300080096038740020960530573240800204875009807604005059000008
705642001102839745000150023000900074490780206006304508010000009300490862900508017
913080020820034600746920085000000208031208750280507000409152800100073964308000502
924000057070000308035001042403752960697130825002009400009600704000423019041597000
032801609001006082508902400083027914070100030150093800400010768307200000810475203
300014289450000100210863005600051302503026871901070000032609407005742003760000908
307008002500402370024705106402063000150074260090001547006007809901006700730289604
008000600041209500609834217007003400305410079012098306904306100083045762020007040
643005271000020040005007000807230910290000386000904007570608439068379152001540068
070190408908200700065038901020087105850000293140523087002310060001800304504070810
640900031035146087179000206304010698001800472800604053710480300003069710500000020
