704630918000821004081070203008560701200140689607000402009710320102000840030280107
600001052039004716172906400760029845958740200200060079800402000000000090097518624
130405002850032716920010040000050024742080951503009087400800230260004078370020409
085609400004085069062003508057926003600001904091300607309060075206098341008107000
300801275500300009872560004180005703050006400240718950708004602090127040420080507
000870130023001780187035400092006070050703628036420500309500201074209063010064900
609805200000276001210439000004027006763040890000300704400690508031780469980150320
350097081000006300286301704060705008049820156805060002023674019078002040090008260
692301004040600001008902563430295006051080730080100059804703915005020640069014000
072315090018400700903006200050960428409000060236180057890537640020041009300090071
619000470302400090847956201021630700000100000463790812035009186000060503206013007
306051480801024703024060005209135007460289531035076000903000050500097306008000270
710080650053900100604300070040750930030240060970100020490020316102604090360591284
350007109040038027710049600004300058800052016635901400270000030081093260500824701
040027896009063070765008040680309005301004009007850413572640930008930200900700054
304095706501604089000008345462079008008301000190040567040900000215480900039057620
300056000045130209096200538053781006900024051460000802029305107004870600037010980
570001360206430780003270090020569030050300079639007105900020010381790056002150903
008530010000678400206904308047203081301489060029761000700006890903000104084190230
867500400401872506002106800008050162050063780076008900025394608900000047684020005
705002030230100056090536720406081205809004000300095648040053180523000069001429003
900024800607301000421568970200013705150680239308050104706800500590070008010005620
060104095040003000819027634026305817384010200000208003401009508000871040638002901
600475890490000067075089030386090070040036021010540603700310059059000048820954010
300006071067530080021740360000050836104080007856973020200365018670800042510400600
049103005000290016010407309000814063300009182160532704003041050025700030081025047
907000450102347600003085270005803009076059340390020780010738900738602504020000830
501640080086072041040001709005736498800210030367000005000900053602083070739504810
409003156060529004803040070576430009004208067002007041015074693600015008308900010
580402106004586073300097058001365027973200564265000801400070300010023000730900600
006950437003406205001300008080070690130560702604092050450638000062705840318000570
105860903392004080846009501701905406038601009460200810080007160207490000004308002
100900005269100008850300010094200001020019540715403620970831456400062090030094102
010502060500480200248601500600710945000845020051296000075068012026100379090320600
800600070100200865600108430050719028086350049921486753000030584390064000010007090
720403580809526107300000060062070943007064800085901600510042700000109008294007351
000008700243071568600250000702016000030024079400307050805639427007005386360702105
170020043600130897438760015040200500590001002260040700010407320080693150054802900
824073059070800030396501080680000023401230000732498500000002046543107002200980305
002040015005008630163000089918460270006230000034090561027504096481600357000003820
405100908109840735600790000010007306204068007036210850007001683892673540001004000
805736249020495308490000600500029000369080401170003900007900164050060073084301502
603510980850900106791308002400057001267801345000400078109600023000029010570043009
060352174103000000000010380497123500812905007030807902620700809081090620340080750
751009042309240800000503069008000010140380975970154080295708630014000720000426500
052000060048091025006572408001009003037210004860450172900307006084905731073100800
040103750010090080000520001709432508523016000480000302697000820054268973030759100
953600470000734900072005103004000219690420080801379005510200004300048521049107800
072430508004095206059001004098607102000043067763200005040302609507060003036504701
007300405008520900253064870090740360004030080836209047100802603600090018382610004
800097005021400063690031074012970580067502400900100230249306750100800600080049012
090005830305041609074390500802050060930407250007012903003000148428136705050074000
078001420600482050420000013040763180700005204165208097250000670090100502307526008
170903068308700925095002137030604081004590076000070000013005742807140650006007019
060094010570301820130020467023486105001007080098100030200073901017240350306009200
072608095003005708985073010000019604500302901691057200030080560706024809809030100
090001830301580009806320045000003270937265408064008050405806790603970002700050064
806397002090506004153284009009450827024008600078002905400620070962005000700840096
708934105390100020006200903803702040067305091400006072630009018570400030900623750
015080706004170203207560080500010369340052108190036000403007502009601004820340097
705000821200150046060802507672405398050080460094000710900004603506038100008600259
049103005000950014080402906000821053300004687450637102006015040034700020071049068
070850200200430087384007501759013042000008305830540700560000100090765028027089603
231850094080004013050903020017200305000740089945380060500476031163090072400002050
400957000590201043010034002372500680000008130009060520065102370847005201201870405
058000000200609070697002183024005600813200759560070024170908306986403007300016500
631090008280075060000063921078910000900004107052307694704201800816700340000608709
900103042805702100042060307021806950300090006590021074204000631053214000010038405
008230060307100080042960371081305607750010803400086010075029030003040728120073900
007610004046209308820040960930056800100700630702980051289537006010800090005090283
009051472513472009004000500001060040076128935250003001860207394130504006900800100
010023067206015304083070200705198030002000100041602758124560073000340920390200040
000009473904060285008035069075800000840600007690057002162543098307920014000108026
080401260026035740403600005004157600600000074597046021040009850760018002850304910
049573800008000074750068320193850002870920601000300085014035000060100093380609157
032758900007000860018620307005070030700590120361802509429017600100089703070060201
200359670910762403063000002134096008092403105650018009079000200526130097001900000
002010509408629703910500060000840037083006020294307081376981004100460008005000196
002701349900000800173498500801670900736009102000810603007000001318907465009165700
070420506920036714645709030002004003006000000019380070504800062861205047207040859
052000301600310250039256400008093502004020006521087930010002008005061703276034190
087003910009270586206508000692417058704000090000029607420050009105930804900180720
823700090709065218105020470006900002307200060952130800508010026004082731201607000
074350100030409056560080903010205069450801002280003405040760090608910007190002684
634578102100000000750910063349807605000195324500340078070001480010080050485700001
800300126010005000436218709760801503092006870080590060001604900947002630020903017
450906300390128040018000020043701200000050794520649830170860050635407102000310009
460030890030748000180050243054090021090516730310400008070100400501080306608374510
200560931916023800500009004705042109060007008490806370009204700320091086071005490
700396502000540090090700400070000821502009003800207906469180375001674080007953164
400002105237500690195006028020000080714203006800009732001025060672804000583001247
257809600910064730060107895106300000300796158095001003004008927079050000021903040
501279300003040210270003504004130970300052061915004003409580702052300048008407600
029367010500400620180050043802001406704532890090040005210003904048105300005790180
000608340963051782240900000300716090601090007570200163052840036837069250000002070
003000460009048300841637502917056000408001607000072819004905726782164900500000004
700380451421690070030001006003004012014736900907020064072069108085240609009010007
240907180000003070873052906024706850009030402180520300407019020008270604012600730
390801057708300091501097400000030012030042060902608000203005986475906103600120045
408027503620900807100408060506003124001064000709082306804305200070006008012049675
685000009009624000124950703417005000002816070000030025241569007870300002503082416
014060500756203984082950176539040807000000045070380600063078000840120000197430200
067005398050678201001903567076200004500480739480730050025060003094017005700500400
245318067980654002601000000402509618596001070803407509020040800000183090100000743
100560009726090584500082001001057832672001000030049017008000073450028190309476200
501048792409670058700200000940852060012007845050100009130526907205009031008003500
165380002003002001002410638924807300056190024000200805010000207038740060540926083
947235680030000002020174390000000758014658239350000160003012006209080017001509023
006400702308067000027890463001030800790028050830046129189005204000304501450910008
950320140806947020300000690078419536005008010034600080703200401061870052500160800
100007689000500401047619000635872010294350760010096253080000000321965000076120090
000061020063200198251940600000093580385702040609050201040030802538406009002087304
701056030906372000230001687600030008008004020400260519327089064860400075500027803
306819542020070000800602317003000051085031020402900780000420009297050164008197230
384509270000007408000040003020008365005720189890051742950270010007080934608910500
102000070973826000584137090039200701806000950015008062000501609350090407091304508
027095640006034002014007035040306189681042500900080020008609250079008304160403090
040801207020530486003204000098750002037429860200183700800000570000008609360975148
204006510500004760860090420001900240098207001420010090082159630046732105150460000
634070500500682039298435600015060000983527106420310905040001360050040700067000004
270381049003024150041605070504270030000400290000009060026940580730050406400167923
230709500000360271675400090083054009502100307009207085850902704307046908004800050
001090438000030702000408195230080501590001643140653209804010020020340810710800950
759801340000070001401309705960712453500900000203004097090047268826000004040286500
000213067120796040370004090051009000083140000204560080030470618800001034417038952
010509048059280013084700090070003869038961500602070030563090000800057920020048351
001008940480925130926014007109270000005189700802000319598000000713002498000891070
831947050070602001200530900020000804540263709010478530450000623092000470380024005
090007000070259640621300597930715200000900030756800419509002106260590080003670902
081350694075014002030200001350401968760509000009030705807040309003790106506180200
590270463408059200200010080340860007060005834780034020000000308813546002027301046
150003008004950623306028100460039210000010030813702906571004309200067001030105740
080040935925318406070090018010020703090006042030007801800001327100503689360009054
604580319108043000003020068540309021200405030901800605802704153309250700070100200
600981000049000083805023697400805209008047006351600740196270300030010060080064971
453071002810050700079042531020600050035020867046508020200095016300204075500103008
500067001001002708749081630456173209803204516000000000960000007087406195010739004
000750193159083040740900200204000030001320076036547012410072069698400720000690080
748200539502073600603509000200430095054008306800760400381057920076000058020104003
678500903100006002052070860403005209080003000207490506504801027030204698020930145
010023067206015304083070200705198030002000100041602758124560073000340920390200040
800700005265081370700035018006120804108940056029006100040602083603590702502300060
403900002670050940090324106705002098061038700800097305040765081080003509256080030
300004005400608210268075043700506301034092076906010008600009700827400109040781032
060280005125906780080070620074012569690540070050090040036824917740050000900003402
046038570207059846805064930064010290000503760000026004050601307608070419301002000
060571004703400910800329000126047350000090006409602701240936100607005493300000625
903100005200057980058304102045800006801003407700541390032908004480706520060005039
506013847000400090743095600985004070631750020200138050802006730450000169069500080
060309001789060203040205680024506837030092004507030060603940020400020706190057308
180596407400700530970002006031904608040620001760050340092065174810309065004007000
572006100609531274103072090810029400206300917934050000008900050705000309001745002
540109007000687040187340000400060050060008004070053698859076013600501780700894562
050063048381070500600180309874630000030590280005800736503408697490010000060709410
040001800053090027100058463006742001008500046400863205905007634060085900704906018
621780004374605109050014000165002470000071603800040010080103020712450396090067800
075180290200940800809007106084030009320869540500714382453000008000002963962000005
300504820005002706429708100538940602070851304900000500092130450004270980703009060
387005201405018970102043600006400097910572360570006120740000002200057400000024739
008230651100967020320008700700543006060700039040690587005019872890376045400005000
026007910097030246184006007039004051418750609760200000950472863873000400000008100
245309000600078009879056400960800024300190687000020005026981703190742068000063900
490608003008002104210904087030275418800460000574000302080040270009307005742506901
700100369049062008680705002001873095508006207407200600300908056052630000906001823
809257341053600700070090000090146002006083900108020650002805407500031209604902185
030000250001582936520093100065009382089020000003001795697208003010030020350147860
091080054600351800503900017060709102930012060410060903150203786020100400740506030
008400031002900687030827940007638104806174059000000870200001590070080460405306712
094510000073802040052070136068159000030600850400308000340080009987230500526491308
097431206062709000400008095050017060100902040300000102045173908730290051021840607
006708093319265080080000520070003005960504200035810647108057000050102479790400850
100003706635801020700026038854792010000300074370060085406200507090057801580410060
180000635062753980953806724230070800500060270806901003700104000000537408008092050
090104600480906021036070490004300016860409200370620049040001708053802160608740050
070038021802174500103625070000487059007006318205319000030702905608001030700040102
345600108289100005700859043000000000810704029504021006607010054003065701108497360
013704925709002000400036108070359840100000590594120600065273410340000006020460083
002574000460091530090002840603185920008027350250000080800040260509310400046208193
408957000000046900007010006540268710890103650010090830605081093074509160009604270
401306000820040630600280541060150004540030100190408375070610920085790006016800703
710006945405008006200514080127450003000180402580300170002790030901040528350820090
798640015350017080000800027006429073109070560403500800230180750907254030800000240
800596300602001945095400008308600001020130070560907423003004609016708004280360107
090005830305041609074390500802050060930407250007012903003000148428136705050074000
570912004231068705408500600023741006105030907704859100002090000000124009600380270
720040506506710800100502704457020001009105400060409375034600050900807643075230090
130000052002009100040201390280907405075042809400018720020870040708020036564190280
920000050350196040014257639000471386001500400703800190560710920170008063030600010
309001208007090014408652009520930000034026951800010430900070100640180723170403005
800030096400010083005000401248105360170908240900000010002640108010782630604351972
200108403803005100109430508000827634764000090082940010030280001590013246420060300
068100527500600498902084061006809700380760200700312005030270854005031906600908000
306001078700080001510697042230075816065008200800260004003020760647859100100700409
200035710319087004070004309080020100732198540005040083461309872907860000000070905
900082700607395104805000029002900310306240007091850240009008432473120005008034001
301064090240795160067000000079300001000009700413580006100973654795640310004051270
800001230360050970029734001700020083903147506102800090095300740007400002408572609
008005300413607598500013004000591400859070160107006052725069801300058040900100075
201706530406052070570041020020410069069008240307029005604007090002094356038005400
005000490030040760600003128387020610010076032460081900040895370073200586051607200
700940600908520370602810549000390800300602104567480000000704208075230006403108705
807021600060859301319760200500470000008132000600900010186093042930240086270018005
460900301107354600003800094700490000500600819839015406300700980680039207074502060
870020105320186097001700800000508710083000906516937200048005609052091004030640580
052000301600310250039256400008093502004020006521087930010002008005061703276034190
000870100067051430912004708100000907035089041209416005308620004040090603506140809
030105479704098300690070050802509040000780010375006892043021085000043106126050004
014058020000642581258031600800075206076009850020004317000003070030187962900420100
206408300574390002081705004453007001700001400108502000602053800935804006007269503
562040107010065840080701200731602409058470010000100605806900031020800960490516700
760000800140830020020579416007360049290000300306498052078005601030610080650903270
004367020203005967065009800620051300507003019040790605002970100170530400908100756
097065000000470915025090680004350196031904050580716402010000503002631049003580200
006198200013006780809020560004701098785009410060082005007805123052903040108070050
400006081071080036000100002360520870089704000700009560053010697640953218098672300
300048009584060037020350401065004100041092650090510024408621070009000310052073046
870010060900085204026930810010503007780402053503070042600140738348720000007050406
253890001008534002400602300004005000300089107000761034980070043531048720007253809
006317405450000001701950063230041096640590100005080047100200050504079038302405710
760040308148000957350701460600920004014056070093174600020837091001092700000410800
218500003009206108005310402002097034304160200087020906003604700706900805840052360
762150930000076041140030600680510320020003780530207060206405003003021096409008072
057840003924071005003265794700100082000620057230400016006902501549710200802000070
625048000701060205030000064409600873870400900000897410056720040280006597397504020
500092017716403200020001304001820409207904036095006100109058603304109720060300050
500180609108030200309706014804090763270068005006507100790610300410809570005400021
004070009007401085608253714005007000001302857703900460852030040140008973009014520
000067080406500270587023106274100358000072041068304000829010430001230065003708010
209071800016290407700050290080000000605814072901507684504783120802049063100000040
609304500500100670017062380861703405002400708050098003070946830006030207348200006
240071950051460700070002410037080005402015360060304170090208601304009807806107090
260510097097800032800902006910205403700001089430760005089054720042100300070028064
008501790502497318090300045400750603000180050903240070005902184020010030700835960
925700036814609020703125000200000740059803012000462058007310089002080301138097000
094020308263850000000043562048036005070490186620500030456309007009005640080064053
870092140004381700612470008095047836060000271730800050006704000029508417040000680
280517406176000005350000007712046090000001624045003008008175300507209841061008750
008640350571009680604080002750124869010903245942006070000015000000090536425060010
702543009890070130600800470070280903049107620081006007060008200108765394450900006
015938240600000075032570080920780560078020001300150807890301602140005098050807003
570849361100603000306000549000380194904027003863000250020401836000765002001230070
000004100617805049028039057700008462002410700964502030040907286586240003009080500
284360071007250306003000924001432860400605703006071402600583200845020030700040100
046508023109360754520714000097003516460801370301000000200036095004000030905047601
748200539306095800905804000600170025079002603800360100563021790081000062090603001
940605000670009028008000604080057009791260340200490067320010000519830402860902153
601025403520341080400000150000090020205867009938002746104000075807516200300074860
038400092409670138072030045580193074000708910090240800905307480810520069000000500
096780201742631980008004670004070358825403090000590004407002009060850037530040800
920100006040080290301629540813200470007304005600097012069530180785001003000078054
400001000908725143031009207043507000100300675750908430020094056095070300610053709
002307600765000439389450020006040093170509246924003581200070000598012004000035900
006031504107208069934070010802513000379402108040090206415700083628050000003004020
408030070000417058721900036260004813104008002500261040645820007000740305370100680
002076900164059780073208050301694208206703500890020603000937060705800390630500000
061009250008205700072063098910520080803007602200608910000892004184076509029000036
509030042018045379400207000850003701002079560097068003031700050005916830084300017
981506200056003008000001070100097803030815740078630092093058401805109360007060509
007610004046209308820040960930056800100700630702980051289537006010800090005090283
000061025691230080805400310002510049704008060089602750030050278508023091017980000
010690432603108700054003008240030016309451080001060940800004001100087650475016820
017342059000000837900680010378206041620800073145903200700060000084730005536020098
090020401740080306268300795003400600950000840426870013030007008070018934810604207
625700009801460000740209506072000091309607405508100327236000050050800964900076130
000425700410709000002000300801004927270950431349017060030840092008600145104592003
090035200254076803003008410740009000036800109002361574015690008800010930029703051
003000108406183720090702005310876090800349210900210007689521000041600900037008051
009860001408010520071045860002950630035420170046300005180604002200570316650100080
160008500300020067970536410026000130019362045030809070680450200540090086007601054
140800090020100463590476200901740006802900001400320987659280170000600002280507039
050820410032904605410006200679043050020000940004695730043761000201500874500400360
007980620609000847308467000001070050860510309730029480100705062204096030590002710
542009060307500800008463270685907400403000029000604000009248156816070040204096038
706258134003000028201930000012500097009012360035097080054600702007005840028741050
801200390040070060063159408620500830005082700408037052006000504904803000012465983
005139086981046250006020001600402019170090000800650702307014500504983100218500090
048907500200003910360805407020070000786054109003081742035006004004700680072548390
600040108504203970100760354200070003706000219035106840801057002300081790450002081
046300280512000000000900540403020008068090473179830025820679030704500862601240700
070000004056010002290730005804590026567041090900368540680072401709050068010006759
073100080060008970085097230498703000026504890017600400739000010801030752050870349
003025008090370200000198573942867051805200947137540002289050030000000000601902480
307000500508409100004517000020370891085004763173000050032050004640900075759240386
803006020700350610061084309020043087480790050079800062038520000010067835607400201
820003040001040805590861270038020014670154300010900027750280401106005902009016050
706809501040506790205400008007048100581090004400051836070184025012300480850070003
001648523400000060362590008850109234120050009003027050010003480570906300038015607
647021039050948627920060400000614000095807002061205708270059000809000254000380970
950200000130000008200050073019063840025009317004010596090026735072094601860075029
200093065140802090050704201600508040009437010780010352302000008417280030890071024
010023067206015304083070200705198030002000100041602758124560073000340920390200040
965400020400002190200739065000000286512096340640273000106304052029100074050027001
501000072070129650280504100059008720010907006740016305065030010030805067920061580
006030401700006008032401700300069814914300070680004032060057040159043087078902503
546008073020000009397246580204917360100600027703502904405800796008400102000300400
076008104200903680590640327720060010169080203053100470400739501000020009905006740
600027389409568000708000054207806003064030705050074806900083060381040972500019030
307524160600070030402010950036000095018207340900365800063000509840156703100902004
400763908093000047058094200900300005032040801106257094014079582800010060065038010
500010072040570608260000910870145003391020060000063007720306050008704326635001749
509320000801074250060001943074035800395080701286009534003148002410060000000093410
704520090501609007060003245605092073040750810802001900090085004207900108403017509
006003942425001030070024065018049050000500791059217403000902004392076010040135020
675090013002000070080702940120340069834619720056078031509000102700026050003501600
170020043600130897438760015040200500590001002260040700010407320080693150054802900
184000050000153894509780010090001020417096580200370041605007130000030260923615400
004020500865093420200560930080400000410085703530270841027058190008012300103040082
507096041809001700000007290001003687070615004300802019460009008793050462180364900
020560000716094305030001692307400510860100024200956030100725460652040070400009058
009086301380005094210039080003064002604910730701050409165803007078501023000090805
058790610100200043046013007700406130410900086083075900800609001037800209061320450
103900027009030580042817090910060205805170300700509108368040002001203700050601834
014078520870006400003401087160903000798002064000860291940025830207030040006180902
904850007001460890803020056002700640049605028086204009007000081120986070038570062
108659030400000850502084097900208043246003908007901006850096072093700400700830109
069703000002400801034082679007208053485907000300040798008059104091604380043001020
904000061060403700305076894250000407017200930008730506040800070780010649139040285
043082050010540780200600094300214075150097608097800201921400060500160003036005410
460705300781430600930010840258961030196000250000528000029007480003840900010003576
724000800500328647030104005009580061082007500650201470005609080040800196968710004
000500007647803052095402308034600270860790500500204096010008600408920713320057009
080624073709015820632809005400983250897060304003740089000007560070208000204190000
850073006602400030007608954746135009200000500010062347005014000078506410420007695
000967184080040039194538762203010000001390805968750400706403050000600008809100076
001904703580673209739502408000490502000000106005026384357000000246050907090040625
070046208285190043004800001510960007039004086800703910300620170420300800067480025
500001260680320907029046005700894036905007400840003019057018094490530600003009802
004006073063201504095730002608405217000600050452170900506049820000002709249810300
360540900500019040480700615130020709706800031900371060803000594600084027074953000
720485600530016400406203807040807000391064070687020300804050120960008034100640009
089007035700054089025089700190420367304900500500630090906740013200800956013096000
006098450080040006432067081093475600000903007547000398309824165250100809060050000
350700000076402859004019360593201008720603591000800200630008005910300706005167902
930070801714509003058000700007000596005263187800900430206408000003006204149725308
304089516560304800800060003073000451002457300045093200419572600206001975000030100
672190085005008179981305400000017200004583060100046057840700502207430008306000704
042037060008500047603408102204001039730846015060003080426089071007010800001670023
460030890030748000180050243054090021090516730310400008070100400501080306608374510
630904107091300246200650000040063709310005080907480530020036015156209300003010902
039021046200603900480070032900305064060097300543002098008214605074000820620730400
340510006650803217800700050705300060080960002206071895574000008903207541000654300
001900805502480960098650004036010590014265300700009046009027038260090050083540209
008603210020050306463120080841390052090507104005010003980200071010804030506071408
809257341053600700070090000090146002006083900108020650002805407500031209604902185
809257341053600700070090000090146002006083900108020650002805407500031209604902185
000425700570901000009000300905006187740890562268017090050160034006300278302784001
067321804040809062000005003035906008604500030800437609008760915900204306006100427
506000000271060400003020065000200003030796048827304691700630124018072956642010030
000408000680935421492000305700080004508049706904607032240800160860504203300096008
030070400910005270067239180720004050009723604103080907300150746001090800874360500
000205030250704906768009240572600189006190070001508004107456392900030060630001007
370080504600174083024005007100050902503210708402067050005900070900040105718526039
891600450070040890645028070050000130482300567109065084000290040500030020920804613
051078460908602071700300008004795020580100940097003150870501009000069780429007605
859610024207980630000200009026097805001008070570130402904701200710002943080309100
040815036800009000950046710070028390380000060001400580020634870107982403000751629
370548019018320000205610040187435926000100804640870135050060081000001603060083000
052010308000853410831040600009180240070509801185300900010498023003200080728005094
701000043208413700500079610340501000827340591000007360109060430600084007402930086
470058026105063089030400500510970604600001852203506000002810960064205010980007205
860000270532170090001620035000097560209050083350081900083010450000065318905840706
370500690159702408400931000003027900720803100001004003040379816008016020610205049
000307800063000029098012075300801004089053210000000538031945762524170080006230051
590270130041300692600910000276030049000547806480002300034009000007428903902050487
873000010000193750091870360417900023305048006000031047708012930050300071109607080
007005010105094762986070435453900007001007050720503806090081073574000681308050000
094000203300749500071350904003586420860204100420000850056400718709810042008620000
043082050010540780200600094300214075150097608097800201921400060500160003036005410
002701349900000800173498500801670900736009102000810603007000001318907465009165700
436018050180724060729050184670090023542073001910640805094501030300080000800000900
070000054468570093500091060750908006086030509090050700905080630640005982013629470
065824030003000802028107065090540006502600780810079053059301624001000070084752300
970030204605004701040871095800063079003407160706900400260040907159080046007019050
746120950080060410200340600400601097039070105610580004350006709900054001104093026
000003052803109460004260398570632004400508930300900000085306701036081029200005683
003000560015003048090800107329487005570136890000520304138975420002008000650204080
005012390902730005031098000800005947159207003000003520010659738306820059008300012
003620947074805100910407000490308051000050700256710008000002600829076405705940812
084205067203060405001097030402370016037100020009506074306940050008053602040002983
300980672580400190760203000053702006047100530100058407900634200025800309608020701
160000007035742000040196358304015900980007010006230004403581760001073082098024005
600582710750041200281673000007069105065307090009258007102006004006735000538000906
005000007800035900103700200078010500359482601216009083000043165590207804600851702
871420356094000001605071000006258009082004063400037800967810430003002090248003507
062403817010006003038710002040960270087030500106074089800201700050007904274650130
103208500700613200280009063000426900427395010039781000078150690540000780010067004
678051000405097000030204760384010007002003089090026453243569801000400530706038090
600057231803900054002140000745630002060271040080490300420319600930500407058004920
070025008204096007508700329050960081391008065600401002723049056006002100800607204
070040009058703020914052008000430610300217090092506374469000080837900056001308047
507039006430806795096704380870041630963578140020690050019002060040000000050407900
542736890000001607106002050090345700805100400730600512907860045010079080608004970
070124098140806070086000000260540900401708032537200800000037150759480203610050780
619000470802400030374159806041560700000200000568910243096005317000090602705031004
060049178458301092090000005703000261019004507600100900200096453004250800536018029
007024300524080170000007248600892400203040067140006580430908020700063891960215000
746390080035700910000540630004107009071003028590460370083209706067805042100600090
315206780604080520000905004800407260460530800207800903520170098043650102070020400
050201493000600517710900826400058261000040789102700340506003008800007602937020054
701463908008910765906080003087301650614258000090674200060105007040700830370000500
724503009006200750050708203000300071413870000670021438500082007062430805047100320
070200350021007090036594017600050100710983624240006900090605740057309802102008009
945130702820700504000250800302001400000083921198420030036090045409500070070346209
420780695008034072057060000204000500035907210090825407042390060380002950700406820
006003942759001080030086075042037090000500463095468207000809004967024050020615030
426013009009806013010900205694702800201090607000051902002300500780100326063285004
001730000403000918095010300100960800934100562768245100010006750506370201327000086
210006800589230176076105490062410000408760003930800700647320500105608300000547000
004807015170600800092140036009062083408309620306008500003750004540006198201904007
017036240250000090403927100104060820820790430300800571532009604098600010041003900
140768523030024006208000090000300087673892005820010360400200001700685002352009678
460080105003009462050641039040897200901502004002300000508426001106978500090130608
160002800950407010020065930509031026400906583030000790306850209090670154740010008
301002000800700091790134285010027400028950073037008950009243817103500604084600000
060102030049060128230049600000721400072900381000430205093687500804203760007590800
600930205030205900295006037540023098086050002300608074970501800104002003800067149
509320000108049530070005492065017800284060709731004265002978004450030000000052670
050000460902400300463000892607002000194637020200041609009160040826574013041029080
030068900058003060104920837601249083009030001340080709580070096006804300403650078
004053029570491380930000001708060003010807092309204508051079264043080010007102005
574093168010064520802000000041608030000340000930502704680400290020986403493007056
630040017001602800208170043007051468006000002854726001042007906060294000109060724
341050026060047305070360800080420003020600078659708012530014280000003009892076130
607415080008002500204800791003050140706134200410008073861020407000706905509041020
319500072004900510507230946800403007003102694600095028000029005006304081035800069
891726430000000092002035000920478560000093080008010903057004109230150648184200057
004001800012043005753208604000439158049860237508007946000000400081304560020506300
007410053526890000001500829083940007109600402004025901602050100405209070070106245
308176025090024103210000008034901060170060009900407351480605702003000500709342810
700205490210470006604138700809701000073682040560940170400590387086007010300000069
456100080200009015719045203805000790090000348370698501947506032080902000500004109
010350907753091280800400005000073006328000759609285100900802471080009030234710008
050100080000567300031829407002048790793206001085091020300902560500603209006405038
900317560006985074030040100080021700402570030065834920070400000090050813053168490
039108247780940003005070008308020914406501000100094306024010670060289000903007825
067804109500900048084012500000603752602108000473009680140000020008205016026481075
050940603903100740047650080695021407000504100081006520309008050804760390010230074
398000070006090450750268190401000082080174000075030014040387621820410530000920840
007001030493085020180030050862073040075902618010008273750310400041800067638700000
090870206247000308000200704678091542420687900913502607000050400700039100504106800
930750006052601300601839070300015400400203065529006800063097200094560030105020098
021394060694701000007006049285179406019040250060050091100430000940810673070062000
984062730007004010050093408703006500840230600001405283000008100278051340509340820
001860590798005100005000478050090710410658903009040005160300050982514000573006241
602079501001050704850014900400095867508036000109020053386041009790083015000007048
016387020000021360000465078085130006107094203243576810000000402530709600090210030
021609534000030002840007090134800629957306480080004050308062005000590018205048903
000073800970208130381690200000389041000506302405720960040017600006835409093402080
025008100014073025300012604063020400081050267070186009030290000009007832246830701
809061004060204008072090651908420013024010590600059400080045329240037000503080107
102904860703005120800012004415297680080300002200040905001529048028060091304001050
205400106004102000091503482050908201140050809680230040520090004416025090000014528
304095706206107048000008932841063007002804000530020684020300000713580400065012870
500310070632007401800024609470005006250061087006708240984052760300809104001600008
160020340080301007340960051536289170090100060001050032903010780020006003608573420
590360702004020030310709605081203564400000320250416000845600903006950270007038400
740680900060100080012054736307800120008401570490720060209500040500069308106047205
600001052039004716172906400760029845958740200200060079800402000000000090097518624
009420368643589170128670459295800607004350020000960000000740506006200000500106094
001005603206743080093010204120980006078530410300020098037800109080062340402370800
700163405010479003940008176100007900069004350000002041420081009500306814801045702
253890001008534002400602300004005000300089107000761034980070043531048720007253809
000740009065982037704036082000608300000027650617354090450873000900005843823000710
421509083097030205603102704000000061506001807030708549060007138008604902900003406
835721946000003020290008005504160230007380054310050700100076502960030010708204093
106320008007169420390000510000500002620903874438206900719408065000091380803002100
062400800003251706470030025100805000738100259020790081304086072807310600200900038
807300952200008674946250100490000507050479203370500019703945820580000000000083740
601097304200300000780054192097805031136709045000003007962478013008000029500902008
802071960047080050001402307503049600290006730008025409370000540400237096120650003
000659017957001006046200508081900000070820960209140873013700605028504039090068100
036400012014823560020001004070500090601382050085009623203058006150060238900037100
859610024207980630000200009026097805001008070570130402904701200710002943080309100
582436100000001250170009083017050960209047005050018072005874030308100729760003040
000700030789052641630801007070140800806009002405087316008900064500018290941603080
006814790400950000910000804601503478320007510074089263102600047700305000043001056
947235680080000002020896740000000926019762534230000810002089003703020068008403059
080401000170000428004007156297000080400002701810500302021690847748210630060048015
901520746007009005502047080423100950005034060600290073009000807276980500100753092
253000400000460013040009050809104030004026798605983120008640070731052946000390580
053600704607904008000370506000890400098137205571246903000063007360701000005489602
120070894083409071000010003830050046506984037049063150067548300351090002000000065
300201680508064700402080905247000098003842100800039046026475809035028470004000002
390785016060030700071060980857602030000057860603009540046500001100073095730096408
853200900100000620406905008700509060965320174304060200291054036048002000037690082
056208010807004562210965080004001600170629438080347020768490301500080006002010000
940200680100900304508314900086009210010008700370521408030107500750060802690052103
092438700305091082080000301007000064601275039803046020214050670000860205068710900
205000700000051208183472069900504180056000027830729006062107090004206810310005602
310800049206504081005709030538020690060390850020608010643975120001240903070000060
030400500240056007580320416870600005052103674060570008306840002008700061015260840
831009250004002000900001064300207400020004500600518070098425631006783920253190740
570849361100603000306000549000380194904027003863000250020401836000765002001230070
901720005007046018640100270019060830063091000050370691000950380508430106234010050
607300201095410306300620070080500060053096800104730592001050608539060100800174930
507096041809001700000007290001003687070615004300802019460009008793050462180364900
500940071000078500170605493206001047019704025004592106080450019900017000040209708
070180600004002097986703201020076000760300402540098176602004708090820360430607009
700014003040070051612350904100400632800605400436701009578002306000500740094867005
000349265903060000456200073390700020570806490004052037005090640080423059249005300
641875329500032681002916047007358000034000700060720908200000003003580096708003410
004176320062903407307000006030040501700361080619020034906832045081005270020010600
070010250501840090940076803065029008020150907104060502019007005000631480483090071
090007608006590700147083902900050380438900265600328000803060100014230806200804503
780501000104900368030408075500790803079020650420850001047009506008340007210087430
000730980091840030308001406000008314107000850000514700982150643405002098013089027
200930600570416800906000531030604092460301050810070063057209300690040075300750016
020051870007608030080007159001240307000079560476800901200514093940063200710002640
000504800493068205700000634016807003000006900534921060040083057158470090067105082
000063807587240630360007020030604970904800063206709400602395708090006240015020090
600071500720040016051306409086000704905407002010263950308504097100090340094730001
489760000000013860603008297071620038090085700830100620305090010140206080020401376
071300200008040095003050178802000460304760529060420813205690080036010900009570632
030409810900500074146078090460053902820090430009204600600010709018907500094605120
120085007406090830050374021769003008805700092000009004080907210030142580090560473
007201469090073100124090003076805041040100305031024070012009004003710500908046217
549723086100046729720100053004850610200000340618402900000004890460905031800001060
900800014000907650056020008583094260004000097207060035840009506760582043305640709
800600070400200356600107420040823069068570013273916845000060187780059000020001090
000000086850610970736289001500062013201508069073100020368940207020070108900025004
062100950908035006040029170250000084400502600890463205020357000070006502685004731
508300462700250003340860009930046070460020530001073094073609005150000086600415320
807210000600900003321560080009351804408729361003406000130890400902640100580100079
508470026902650041004009008003062095790084002046005083867143050059000604000590830
000768205500940068360520794476100082810402050053089400980006300042350800001004500
026050734009403002310067050000906008980340006567010493103500067005004080098731240
708006502006532780030900406340200065080050073502080901009160324054020190120709050
062405000540870123300001406093002701000610030216047590030950002650020087028064015
310602078008007062702081050800203790104009820027510030200800016080926040643070280
280156009960000125041020000426000070300410050705692080130785600000043510802961730
008640350645008290107020004510786423020301869386004070000015000000060518851070030
108056203530402070400070095610008407002507000705103962890620100260004589050810700
300004005400608210268075043700506301034092076906010008600009700827400109040781032
040006105501047630079053080790480300106730950030090028854360017000504803910200040
000000897452070036987010005506009024839204761024360089000030000300090458008041673
092005407308406092040390100085010620039067010060803904023040759900530006850709001
023946501006001840045278600687400010200000309530082400060850104371600050058019020
072800096001029350905043007259070681108500000460082035004018500510067820026900004
815360000000004018409810653030506020104078360026030085591420806602103000000080291
052001870309807020400092510000473281801020060273100900500710400100005008798204156
070006835651348000080700640008002300020400069945163028800630000590201480402050176
109020007007910803020008106013590002008162935592703040851000004230047510004051300
400700005567009200081500074000060057015020403309054126290371048100245060700098012
001483207392000041004210050400502076015096024023100500900000705207901068150647030
230000050049035200075240390020913486406082010800406925700300040050100609960700831
951000400004137205030005001309070100506094072027501003473600020095780064208403709
609020371783016900521300400007600503000100726204700189376000094400067830908200010
900073501030408000050009083195047630427060009380905170010006028869100705200084910
090002380623784015400090600806501403009030001310970520748300006000067040960805137
700081065930006074610430008009108000306520917021090056807009602164872009000005081
603410950009307681150600000008165704260900800705008190030500400814790062002840310
063009015140030800500127430704010520600250047052073080410082309870000250020794008
654009017000076034097410002060701090705900103409083065030107280940600001072890340
891600450050090630643025090060000570738100249905047016000960080300010020480702165
006038972380060040074120060437006208008070504009814030043081029021300056090640080
006714908079836102014520603407008020000040765201350094002063087030002000640100209
035721000040003507760004312050002070307105020024609835409208063503046281080007000
148007300930800507057030498724105903503084026001002050000000600075610040206479805
070028000083506041650070289090210064430080150012603900300062010027401693065009007
162350040008206013070100502035049081001003690096502030280405109900720306057030020
008530010000714300307806504025301076104657080086249000800005960501000702069170840
040500000005000641960472003180750400096830120034006000859647312617020904420100500
010406823060730100900000006682047059370025400050308270706289010290510007000603982
842007310100300045005000802051000204426850090030942061094605038000284000007193426
970201346384750209200390580190507000007040021430619008009172063860000470000408000
600400509020589701985060300004273006018004200230100457062907130049305608050006040
705002030230100056090536720406081205809004000300095648040053180523000069001429003
574093168080041350203000000067402080000910000940306705890600230030529806426008079
004507030039642580205000061080065013500100000613980725008306104350008670940701008
052103800014800735003049100130020008089610300020350971007486200060705089348000067
500007389010950060470068000095680000038079020704521008907030010382705694051200870
203401090000600053754038016501070000470012938030860570805003700000700025627195304
900020674470059800286070951000060013300400596014935080703092168060000725850006000
008601370032857016107300258894005630075043000320068000080000521200500467000710890
513000280070530900006142053859260001002719500007000329340801690790604800600007045
960740200170000690020196704850420360200310400043008109019203006007500910082061073
060071390382600500009203068901030070200900004078124953094702030007000801036485709
000057000794003602050960008561300280307010000480726510035600824040095001178402960
900800014000102780068070002719035640006000073304060059650001807240583061801620405
000073200320400697871609500280030059063090020009742830107054900050000072092387405
605000904000674800804502670092780405401065007750039000109300782200100039530907106
410058006200009740906043250040831072700900804158002003091006020804500139300194005
486000950000190476107456300010503090030800600029014038240980700073605020960230045
648923071000006400350074960107008304003647058080391607004169705700080006500702000
105002009234007815000004007059201008081406070026835900607509003513748000092613000
001090438000030702000408195230080501590001643140653209804010020020340810710800950
090738541508000030304560020047300065800140092023850100080000013731084900005913207
513070000007300900690100730109007582270935406456018379781400065040080000060720003
100700080205094076076280054063002040400538607750006820600803001517009408300407560
020530600490006200061209754004693570503007090906800430009062041102958067608000020
518036040609082103000900860307600408051320607090407500962150084000070006084209301
020004030645837201030010670013796408870050060500040720406023000007600302390470586
006200701009480206321560004715346908002008063008100500807630415050070002064810300
620037900070200608308104720003008260780002310204693007560020873030980050802075006
010249538243100090859030000000000014030025067002870359674010085000567400025900673
006890072004700100030400900760952014009001205100384700983267540421500090005049023
206341080800005603403009701600134007581072036340006200968010000124600098005490002
105203060304107980090008023200009400948510302500740091010985037730004500802001049
394120000000064219610005408089603005201809046060200093000082070928007601043510082
024006013710803060009502704300280645958300100040107008463098200007600039500401806
010009500049605013802031690024006078130058240006702300070064009390087460460090082
510683072728904030000000804953001708006075290002306100300000421491238000060107380
690040053010270869802605000500107380180530072000004015276400108901300007058712006
670008915090170630108095000800057140014280576053400000060009850280034701047016090
060125030005790062017308095020800910000002056650007324500079283002503001030281509
970201346384750209200390580190507000007040021430619008009172063860000470000408000
060830000082504076945760801654903020270000593100000684437100065509000318000300049
610240890403007001080905603900030085040659030352400910060300108104580279520701000
043000156106040907290106400500430091010560748904701532020005300030090060480600279
600105034490830002051900870720300008008402007906087123500010249204759300019040700
700468953000007020056090410040900730190340680365800249902134008510080370003005004
040187259210005004905002800183000490007401080020798063061200900739814620000600340
835600924090384006100050708003460192967028305210905000001840059450016000020000071
030250060048010753560804010010020047472560301080041020020093670304670098706080030
425300000061900740009000230004208100092506000857039026078690504016724890003850602
070590140905400806104078300036084217200065000098700035300027081601840703780003060
061475903700010542305982000830000409450291070010030025503708190100500007070103054
046782001029531060030469800400093020908050600352100409600305207205047300003900046
408507000092001875300280016980000001005896307064150209009018534531920700040030002
105627090200903154089015027020100830008700916013056742800261500700008000000304209
608005724007010390903247000402060107700409003305701046820070019504092638100580000
800536000907010563560070120650407091002059080019600750290365810300000006076802930
020680051598000326617000894000048600000921047004560089302000175905170000741035900
319008067000309085025170400603297518108000040500804070081063054057480023006002800
145269008000507210003018900306920050254000006070856402010392600007600529692005003
890100200504370869003096001078510900065000100030629785100730624347200508002048000
352860910000500204180027050000276801761400032028050090200308000840005329093640170
470096002100300608089205307205701906010609030930020071801050009504987020007100854
810326000704950012300710008587601020900002070040807053028460507003170004405280130
940207618860091400200400030080915074510040309029070050008000700132709500700356182
763815402000960300059003106600001009030547000100089034306798500518400067297000043
057203801002470306308900200080324010091080420240600705536800002000132504104700930
802000403194650728000200000549000000218097060736048291083002005420005830605839040
401906027926785340030021009789000000200090016100250408072009504508003970694000103
340560090000009060092170540500090027026010004074080610038900076701426309460837150
701602354850310072200005900070836095069040000180097240005728060300960510048053000
009851340103009508048036912080600730726390401004078620430500090800062000000080274
009300046200941080054008210520030090743090008918500003400683050835009401092405037
928406010000300007074012869500248600060000370419607205705123040203004158600005700
524030160008051029010204008970185046400900015065007800001460000890013250047500681
100430080598017460300080510005001826600020709927568000800653204064070005053100098
090702385080006100731054002005091007207068450049005016023540708004007023078023500
800954710000801002046072009428039007713000040069040020300087061674210090201095074
130407086700810350406900012300098061018045290529000070257000009840539000903002045
070105090001986407906000050194603705827000063360708140703060020502007619000512008
030240900826130005914506023100460050400020001260805407390080102001702090082300564
960804317805000009370291680490003862203060090006002753500020071000480030639005028
503681792020000500009425301030700100074003006250064973007040210312070009490008637
001300600063185049250476308002060083080204096000908100020607004310002760008543921
051730409023590060009001057306002940000407602284309010002670190490013500160005280
810600005295478300600105207001020070508001690420807103006050720940000031753210809
146972080350000009000306214090630050705001932801509006429785100018060490000100028
000000608840000005016804230438726590205430067000500423009068150680905002520073906
408726305020005004510030820040860293203500040100000607601402580004300062970608431
000195207700302908012470630009030080000050100060827409897046020601200000425713896
809601200000073085507809360206734500000016020013580400064090000902468107308125040
980000060070309180213600000700510628000278539002936041368090070400762003020853006
000840070741060389230017500000008031892036000017405268400701090105080403620350017
090870136083902470407013908700230019038007002016089000620000580074620301001008204
480007106010084973900600024000756001700120008200843795120305460590400007340960002
580900004007004890901258760094007032005029600016043570078430900050601407069700051
038701002142356890560090003006009035073500080005600240759100000024870150380925600
002470908378090520004203010706029401103007000005801376569708140000600790430012005
000907042479008150038051060102043980307800001005062370000516030850009410621004097
040007900039015006280039417450802790300090061607051080000073600870020350563940102
001900805502480960098650004036010590014265300700009046009027038260090050083540209
304008001080503290205091087410059800807310940020004610509607120000900406648032050
083005607067312008409006001078500402954128063300467000796000000200700396030650074
003000506190007043006021078057418000914206057800509401260040009001900724470102605
009010780052708306370640001090081063643900010005403902581000034000150027024836050
069014050000930064300500100080005300053028040100700502725369410698471205001850906
270000810635001020198076040501790263729613000306582079003060700400028690002100000
782600040350407269000320080800072090679005023100036870900508410200700900518204706
000000504180953076752064010016007300020090701079145802000500608068039027237018090
020008157400007298798002034810703046065420009970000012247000800100200973509070401
900006305361205090020037608090004080402860571058021900600098000209013804803400769
170045329209701408003029170750108930004590060080073200827900000401307602030084000
000049203429008506005610948052897104000001090941356082004063057003900000810070430
138479500200100004500200319901000038003891007085307940700012060810760095096500170
800507603507000028012304050193000087254073196080910200401000075060030002308452901
004020500865093420200560930080400000410085703530270841027058190008012300103040082
390572801004039607085000300607050209823004760000726400970045038560200970400107500
128000504040650002706014380902001005617020803480369207000892436060030021000100058
267095301001370600800600590030418200078260409026000803700100024690780130310540008
402790100075080032800301750007008049084216375306007000000450816591003007608170090
000078903005900401200146075762403589001860700050000000146729308020381690300654000
100009680840007253020000004900813740370052809058706301014000506290530078500671400
301250907004001360075403200520910004407800529003540070002089701030670082758020090
100800073207136095830700010370009480000213059951080006723940060004508032080300107
043700085598040060070050000080206030036080709750904608900800356860392071317005890
026070050700840396409063002178000620600718503040609070837190260050200030200350904
103068749609030102070190600060280401301005820280000500530000010012859004896314200
706029031500618040910000605600300100354861900007050364009280007870430290260007403
400027036203680409650003070100508094029700100580910063830051047010309608940070020
290300476604709001007860002029083065700150380085006004072001043900048007401630290
428000970070029054005174300230067080009200103086410097300091846960008010804650700
130908640000065930900743800094806003573290000800370290359000126648000379002000504
420006059006080017870159040000307000350918276719000408900060004108074903207803065
042305008006020930903408075298004750030070100001853490069030001085942307020100540
008602000072053604530800712320740060600029403094008120109230050003910047260080390
436802000000300610510647800384006520100054000965080470001568240842709065003401000
005600014036512097910300006294805100073900620000037409042053060050020700380190542
509040600742986530801000000413005806695008702000409300920870050380051279107003060
590010673602500109701806005005000307103000800070341002306780901004020058287159406
508904102060003079900075804325609708100800000846700920409000007601527403000498051
700530108000200000130000057070469530361052749000170800010600400624081075853794206
009005006635080129040906300010800652970254000008061400001703060062508900784690531
149000708800146000500780142975260000001000509080591627410800396650900000090613204
709038501600701300301600820503400018406103070090805406937046100000012049210900603
100509000873204965090060013238041097005007030900305608700000029350170086640983050
002093010105020079094087560047050901900702053063910200039401805020005790056270100
306051480104026305058040006802675003730982564069034000905000030400017609007000240
350002007004173205807005903610750394005306000038009056100900520209504061506081030
006007018040108960190200405071965000035012806900003150200674080604029700700380624
137096540020503160008010020000900004790040250245671309510039072000400030384027690
300460105402007030065012480009020801240851003130070062620790054000105090594030708
568137009020800070003050861004780600007300095156290038015679320002010050640500087
700980630365210904009300010097060308056870040008109706040690803673500091900034060
035400006609108034480067009058670002217045960060910007543000070890006425020084090
310006407040107900098450012405000006007895034903041805059060720200019360601078500
170600008968230074032708960280350406001020700007014093005000030090573140020109857
706103052038564719001000000089400070007810360160075908072041586690300027010620000
875460001000001578920058003100600005698140700007089416783500024209014300000302850
902050700650009143384601295700400061195807000206903000860040500529108000070096320
460001392012940507905023400046739000703102000050400700000315820021000973830207065
370846010065201983000000604007430052500027300031065040906780000020314560103650027
003408750021350906074010080340200619150940000060031570980062400706504190400090805
006020000024836795090014862007040020931600508482003106760400209548069300200350000
203891047500060030140500902970053080800024070014700256400906020701048095680070403
005000007200041900608900500074080600826193705591004032000019256150306409400852103
615090030003710426020086005080259647009003080267100003100860309030020000578034261
020098500896752431070030002000921000700064089039087624000249308280015047000000215
907030086013020407508760900300490800879050360002086701030608019105043008080910043
200340598090025700456807100703918405069500080845670003637000020514200009000701050
302900841000200760097804300605413900934020608071009030023700100006008293009340576
050467800680009500094300716536900401012805960000630005060003102821096000300210658
046000870001860524008742000410203065002590307503674200100406738670108090380000006
704060032265710900803402061040006087572390010086100000057900804000600100130247695
679103450425007100300000600047008061030704080801530004700040596950680700163075840
057903102018007040009850607003090501490010070061572403500100026906705014032604700
900540308036008705025093010593060070000430061041027083069302047702604009080070650
001500300037060200940732615002390804650008090890104026020013078085400001709605402
020500007190270506706180402305791604001600070072030015400010009017904368530802040
960740200170000690020196704850420360200310400043008109019203006007500910082061073
206790501090400628084062000940620800600504710015300064100905370050037090379006405
090030501480012009061089004845190023602000910079320408300008170916073045020400300
836021540020704006040653001000070100279310654104069030400030960000500410092106875
670803100051002000938041065300500480004009003715380926027006398000070052096235004
902030704680421590500600080200540308074002906035068020369050070000780039028093045
000060791318579060079241030703856004540032879021400000007900085985700206032000000
908010000021900068604037091809300516205601040710048003560189400090060085107005609
009140506053002190401097003306000902004601705075389060092475010038006240100008059
070400008301297050490006721500063100013542900209000543000704200026300409734609810
861943200900000010050108934087039600103072548006005300028791465070300080605004090
001200049432080607806100250960518002100007536700000198000849060304760925610300080
050073126001000500063010974008249605639708012002300700925034007006580240407000051
403000765860079000500634208008000341630148002150093070306400020000006107719352084
100030608804005130005008904583029460000803200241067089659072800010950020030081590
360540900500019040480700615130020709706800031900371060803000594600084027074953000
024906008086310749090050600602039084000801200948020370805060900000593800239100465
980026004243195600650700002020007965400901800009258400830070106716840250000012008
345090006800030910001427035692375081008000000100084729519702008004058102080100507
009700010047012956023096040086047095050039860910050070601003500435901087000065109
908042376070800000026701904460008120802007409007423005741089053005010008080305240
800900300002480506167053498080314270000700080710005630001579002259048003470002950
802317006059200300060090182980000420400072630207649010090708040028050700304901865
564098730200170064001006800000010678800650003710809045029083506187504000650920080
670010084183900602049628000000009326000354008001276400390800071268701043000402860
040300080000026009027504003470813200200675308803040057714238965580060701009000820
001000800096403702780192035019850304840030007007204058073608501900500073052079006
250040300300810409480602170946001032802560900000409087005000010690170253120356090
978010200060908007001076893409200700002039410607180520000690351590801072126300000
513700000000400197704126035008000400075864309430072518689043050040500960350690000
108060700026094580090703062457000010001476200060850347605930021003042075209007006
450906300390128040018000020043701200000050794520649830170860050635407102000310009
538000740691007000700653090904570000005380070080060001859036200120795483470128500
200040013360719008075002940619058472500400080080206500701904805056007300002083160
600000720172693800004750360006910005840270906790300082320040007410806503500037240
700030046290046708460705301040570832315000600807900010109000003530600180674310025
830015700900043815057080004083090600590307481001068009040802076020130040618900023
068090207010374090037600045009700560670058002302046078503060001700030689046219003
890070206005802009072069085159034820003008560004057900546301798008045002010900400
070900300960830507403052901830070000020410638190028470000607053348005710057083040
596712840204938000037500002021003080670100004340086107409350001003029008700801309
708005003902300004600124879000209060560038020329500481100052736803060500206740008
070685130000003000001792860010320685283000019046918203060209040002401956007850300
053810090780040051001063480907382514008600023024050000679408135005900070800075006
000486200783019000002500008040605100197300052536901407670804020319002064804100705
130092750005031040902008160020016005603705401850003097014050276070004010069127300
061580902090721365000009800402817006070265000085493120200356000900108200013942000
057409012401075896908001074100006208006928001200317049064003020500060983090050007
806430005004600381210058090642305009701060532000180060060243758457096020300000900
002000179037215000408976200503020000780130500009057438064501027805742006270008900
009010780052708306370640001090081063643900010005403902581000034000150027024836050
030940100719008543850300296008450600005639014340187952481000300500000060903500080
603040700102600850050200463071526004920038500860014300507069008406350007209180040
087100039096000500023905701000502900369807240058000017001000476640371890972040103
046075120750210048201430670000300207007560080100704300010620030069843712300159000
310004705900527003047300290004709300730100846650038900290001007070293684083005020
012007408387410206560300791630001980700802060028006007800060070173004625200073009
020364018146089020038521946090600000000008039007093800360150480000946350500032690
436802000000300610510647800384006520100054000965080470001568240842709065003401000
100800004604300520023050080709425318000030900835001742070000895406500270510279460
307000500409103800006459000070520638032008957865000020093010005520700093748390216
001860590798005100005000478050090710410658903009040005160300050982514000573006241
672190085005007294943205600000059700009412050500038046810900507307820009204000108
008567240509004136040019080090075621120036074060801093400092308000608950000700410
470360000006007914092018370300005600784002109060194830000076020620040090957021463
204051000130009500050632410000090624849216070602043098320060800961005000485020960
895060030061900205420008700007036800640207513310050670100670908502390160000820304
920578016000090508358600200039050162570400003800329050000160400685004020201085637
518960324000480700307005080026010000100670592085034160673800001050301870090750043
831947050020805001700620900060000807590186402010372690150000328084000170970018004
020010970840902360719683400070805614062030000158067000090048006004396107607001009
080970010090408253046250980801305002630000179409607530708542090014700060000006704
810040506070165300065300102500031987607504203109700000006813029320070860490050030
430506000605074200007230640259180063308002001070050982503068094000429056940005800
600800210721349800008600079175080306069400050000165790080794620210006004940010530
390402001000009038417503920060120849081900302940370000805204163109007500030051007
600070935904006180570390004000251473300840006027039850009000010000915302063782540
003000016451368700600001300370005904920630080148000030030000809500783241817902563
089025416004010050156008200470203960200870000098000703040132690912500004600790182
046207015735490800209608000403000009908743201520069470052014030000082004084506100
170405209900062100203001058520010006014350090030620517000006720782109635406203000
090008000465371000782490350250047003910680742040130000809703014030259080500810200
050789063080104270790032040300598614000200397069403002905800420802040006000320950
645109783021480506000060000000008035013607000289304167054970308890530070002800650
076901003012050896500820070700030420064019005201480630000090347907368000123070908
430520000957846020000397640700208400005003070302970100520030780093082510078460032
450068300380019542900050700100080630600043020243170058004890260012607405069400003
608403900050070300402960871026741000540008702100009436000520190704306200295100043
530172869078003012206840500160300280380400701402008030009007108720001900800904027
160508024904017008500060701090830400051004830083906207275103046806049070000600102
907250048061873590020014700003090006608705420504682007709160004346020000002009075
007004901098060002461007003549802000003670000170400298030745180615238709784090000
170405009423090750069000000247010806090000100000867094982301000054782000731946582
003020004801356297059700600432570060070083920090060043980034002007090086604807350
109400250052730046003510090230100860948203570000805400094621087026040010300900024
008691052009050403257030060380109506015026390900005100600247830002510600573000210
758621000900405670006780021510200036090104850002000197039847265200503709000060004
750690020931700000426180790264000907509060080003902040000540630605201478002076150
349020851050400009120300407982160070000007500001234008034671000097503146605040703
054203008600180950087009320006390840301800500805701093508400109009506402032018060
008150200503008709120390086670032090349010872000970060910040008230081907007069103
106009700070680012023701089460203090005400030038096425009800070342510060007902543
007306024362000079900072000020053498700060250495080736856030900279000005134920080
569320708070050903300097100704560019150970406900004070280040350000705204415230007
701908000062170804084206107426387905000400600058000002640701520800092400015060379
720403580809526107300000060062070943007064800085901600510042700000109008294007351
306072045008409036045800001950380062200097080860020370570906420680045910030008007
200093065360504010040706903700408020004365070810070546401000007682930050590041038
002307600765000439389450020006040093170509246924003581200070000598012004000035900
304089516560304800800060003073000451002457300045093200419572600206001975000030100
001003080790804003305109647920005074057490020010302065036040852540006000200518406
170405009423090750069000000247010806090000100000867094982301000054782000731946582
040070035380609410065340800673018040009007083500093701150034208090085370807020050
000760900087010030429850167000001340014098706076005809003000470765300281140507603
509360081000050320312780006100630890603045010084001035008420070270013948031008500
060001538801000007970480006095608042240590001080214059704056013010720860600049005
005049023034002000690103574920764050301000002050230698580020010000018030213450869
000205030250704906768009240572600189006190070001508004107456392900030060630001007
190500406047896001300020905400602000208910654065400120759240800810069502000005709
670304920830701605004006070150060090007930080390108564980257406506840709003000050
800600070400200356600107420040823069068570013273916845000060187780059000020001090
649710003000309060310500924005260040201437590430000078000075030573004610960103705
538000740691007000700653090904570000005380070080060001859036200120795483470128500
456008007000940538830270100064590072178400956000087000701009000685120740000054681
100800004604300520023050080709425318000030900835001742070000895406500270510279460
760304009805920004003050728074600215001070000280513407638045901000039002409060503
070590140905400806104078300036084217200065000098700035300027081601840703780003060
008596004109007020047020369680019503004050290905203080070080150006075030251360908
036590700580760009940002050260073890090825006708910300004159260020047008010230940
060038104340107809105906237094503706010000900600010300276300091408090603901002508
809005006405091280060408079030040010148753092700002430000280950054000807987564300
007004901098060002461007003549802000003670000170400298030745180615238709784090000
407536009050040638160900050205009010870023045090405780030017290604000070709254803
410000920020060000590004007260801079703209006081076040630410802840095760079082354
280703401009482007043000208308640570005020034027350100970065040534270619000900020
600409080975080003004530720020900000589000264460208037700605098298040050156093072
809340000040108390073060845016000038050037201308416007680000023400281079207650100
306072045008409036045800001950380062200097080860020370570906420680045910030008007
320981546450026000698000021260190780003054160004008230030507890040802600072000450
092008401064200000001436829289304570100769003600000190900007000708643902403002617
210090347300048000009200150750314689804000030060980072421860790536720004080450000
507002004320849605900001032073018060012490080800003421245106007030950208700020150
095206038038407062200900700040025870501004090023079604306041000007002386902608047
906000850820460000501893060208004500003001692600709438050040006160258003084310925
008039005901570680507040901756408003083901057000050806079210060460005710010097302
030024075015306042204700003497030200050082400020640539570008301049073000360209704
060980500392475816807002409080750004500140967074036100030804090008000200249060750
902500607003840090014760302601005000000100264237684509306420900000006023429071806
701463908002510374309080001034201650965348000020956800010607005070800190590000200
290483010004970283803000400020134900140050708630800042056740001070018350980005670
002079004700050009195046387609007840007003902021590730016900078003080020070614593
600840020015000046208156730072061003896020514000408002700000008560782391309604007
078400913100302500043910006350079000080253107019000325400701800930806451820004060
104095278907023400528040090001000000000004301085136940412009006600002834853460029
070105090001986407906000050194603705827000063360708140703060020502007619000512008
697480030850009070102675008076308000000502387080090564715806943008000700069013002
800259731007108920129000000501400000090600470704925618085090163072513009003004200
205704010001500200094280675108006400020030109056412380843020500070149836600008020
863921750200500800004006901902865107080030602730100040300250086608410200409070305
541206900002950460000000500800035709704810250100060308258670100403098627960024005
000647015000285090065000070074050931080002567306070208628010059539068020047509003
724503009006200750050708203000300071413870000670021438500082007062430805047100320
706930840015800007400520610602708391801290050003010400290000008100482069560170230
000408063400360001630072000060890250795020804382705196020510379041930000900080015
100600030380900576504387900001430607093050201806071300410503009900040060038102754
050080406780960000600350090000715903178490050090026007035102708420508319810039500
650723801000090005134860027900070200071206480000910753000080104408607090523009678
002365001630040850054010036400070080067904310905102074009708063176490520008001007
810500406590020300004671980000960032652300040370042560140253097023000050060804210
756043280089201300210586097000009720524060810030020560800610900340000070005732048
032507900405060100007084635000009760976300001048176093003400010809702056520690078
600801970300900800879603504210570000096000247003296108900010406102069705065082090
060209470204800900080730602003908200049027005827051304008000540506480720412070830
305018040000623080208050931083006204540809160700040008000064003604082570027095416
000760208241050709708200050400806030083002506906001024830195642590023100610400005
370968140021300805080005007456871003802000576000052400003700620168290050007510380
020760085689000040005490036014006090350009060902074051290040873030980514540037600
409680572620001000030240906153906248780300090000120007378469020000700489204005003
305018040000256010206030958059001204140502390800040001000065007701093420034027869
602038100400910867910006003007049302289367510040000090750600008806073005300205671
204650910058000630316007000005180360100200070032745800521904080060301549090570120
328041070500090342007503006010370405603008020054210680109705204005060100076102908
009030804400089306368470900093107040007000293024693001045960130000014080981002067
530047608100300027690021005065094080900008056710035402056183200800400001021009864
080624073709015820632809005400983250897060304003740089000007560070208000204190000
040298605780000409509017080400086150100900008856120907035040720010072504270069030
039400020740908000060725040000640275074203091900010364406372089083100607090006402
540200780031870020080150604076081209405700006800905047004010093150307402063502070
200350097937010805500607010180046070050071020064020581071400209800030106403169050
070041892680023000402070305240860901008102003590030206024700000007280654056310028
000081006489060071510402039970810420048300610003205008754630102091728304000000060
010076900607009103029308760275690831106820000000001506082907314394002600000403008
873000010000193750091870360417900023305048006000031047708012930050300071109607080
056020879070690002901370600035402706009537280082000400000040508648250907590016300
031658902260007003007002140016005004942061057000209601090006328075803010803094005
608304290020060400970510038006700502080056003435908160002005009513607820700280306
874090260603204900000073014400150320352706009001002705138407092000305070045020031
070210863250960100360040002500130609080079500910652080095300200106504098820796000
900408157506300092018520000280910040304052719009003008605197403801004506070600020
790180462682094510100706083570402036328069070460870209000030000907208000010000098
491600058000105309520089600940200830007034120302807006054760900009001760076092580
520094731190320000400070690910007500002681947074009008700002864260500103041763000
210609750030000400079453012001700230420930570760501004147300920002094100900072340
004006073063201504095730002608405217000600050452170900506049820000002709249810300
859610024207980630000200009026097805001008070570130402904701200710002943080309100
130409028240860090700050430980040760527618049000007050874502010050086904600700205
251980040680001900000360200004590308819030004365814029978200056100608497000070030
007030189020609047491570000083060200502980473070203060030005790740196032810020004
072043000000150078159080234085600041400837600207004089540070800008305416910460500
054167900180439576000280103061802005023050010009710602030004201000620830000098754
008530010000678400206904308047203081301489060029761000700006890903000104084190230
028050710006730420730201086604009257357082094090400008063500001100094302942000800
270000315500701846610405720430000102980142003025970600842050030000008407061000258
001372540587190260030006109703200004612007090008003721806700050320060810105900036
005040126406570800810029005009015467501000000704296510608007004300950670150402903
986057000415002907073140000009200675024596000600701002302408006541003209800005341
010637450530904006609000270951070832080290500200503004390700020008069005064150398
081092630060008090930750018019003700006970354403085100102509073007034020098007506
000009020096003804001087090980071035100904280000250001017090342428316759300740608
003020004801356297059700600432570060070083920090060043980034002007090086604807350
075184000008060901602030748450279180080000004701450209004807360800023010537040092
012084096700000004800692173024000730601003002937425018000107000109208307470509280
270000810635001020198076040501790263729613000306582079003060700400028690002100000
004053029570491380930000001708060003010807092309204508051079264043080010007102005
100074000087210496450008702740102960030040180061703005014520039070800520520460001
502873600718650430090104508480067900900040701200010064079002040300401290824096000
460930857910580000007200013000050009631490085095018430500020090189305206300160570
030726005150000279708509030903845702065300104840060090090150300380974001001600940
030005684084010570000384120072000090040002801810560042307890406058206017096007230
500070920289400063700892400607100804803760052400089030024930506060040370370608200
400027036203680409650003070100508094029700100580910063830051047010309608940070020
986750000510963007040028596860370005050009302027040900270405639600000250435090080
425300000093600120006000340008402700012708000347095086031280409064971830009540601
005621070420008910180004052240097065000040200879062301508300724090400000304276580
020030905700460023310500060240000050903752081507641392002376510005084030006010240
002007406041820300703049108054301007610004253009205040030010089096400002027958034
100000037003150409284793600002036541401005000608401903029007164010602000840309702
500072060800495100907360004083124095405037002062580073650010700000706930071048050
008023006095160082062050901501009047604085200020604058000506004140370005259800763
820500004009208765460709002000001900302687041618900230971865023000000109503092070
020089610690205083008601279050967041040012056806403000000006094004000002970524168
672190085005007294943205600000059700009412050500038046810900507307820009204000108
030075218712400050005206300670390080500064029024800603000580760368007400057640801
504319200800740513103000900600000702480063009059187604365924800040001026700800490
580402106004586073300097058001365027973200564265000801400070300010023000730900600
204679003798200164000001200503904000081005329900310045100500602862407950300106070
507002004300570890180304502001740009430620705702001408908160257015007900070409006
700840300008069207643007908390204005200058170507600402805792004030005720402030089
213400000700802000000935271001060007037120069026093810100359008300647152065280090
039074016050023098480500070300218057068400020027009830940700205800042700670305140
400759008780010094000460500047825931018000005059000820194576200500003149803100056
013587649080100370047003000006051407005070903471038006090700068168045700002860104
670010084451800307038746000000008792000697001007254600320400079745902013000305240
000090104401830209759042003010029086800300490692078030500007308980254610027080005
700380000600900182009510703090248300368705210472000058200459870080021409004030026
020096040781500693600308005098600530015903076006450008004000061100705300937861054
523007186700238050800500200930700028065083410400012500650000340000326095397140800
