490208350306097140100004700040050072970802510052401060000106480564080200208340097
007030189020609047491570000083060200502980473070203060030005790740196032810020004
026854710304700065007020008170030002009070051460215390742089006093002170000340809
025008100014073025300012604063020400081050267070186009030290000009007832246830701
070210863650790100810030007900460508060053400140987020096800200301509084580326000
072045080004300070309201465206050004700120530910063028860900057400500093503782001
079008401214090080085641000006007000451080907800410563500000894700854602148060705
084091730200500100310470205801025047605807000070040518708064950100300400490750801
367200108500361002020007503708506020246080315000403007870105936010900000095038270
000541037351800204407009500843700020090084700005260489008032065160007308034610002
062840507009076021740010060093067080607205004400090276086104052300700608570620040
650400001073029006014000723065091370380745060027300509000964207000500834741800600
016003000000612483002400000798006510100095000035047698027051946903004020041928057
652070031000203076003560090001920700087306012249150083008400000475601020130092045
026740500500900102890250076069510320205390010300600940008126054714030260600070001
000008104804610030631500702510092600086450291200801000368070510492100000175900403
054203008600180950087009320006390840301800500805701093508400109009506402032018060
609801305430965010180032946000407102210390000058200490071589624502000800040000700
360072540009000026052684007031009058805103000004508613283451769047090100000030005
400700650208406931605130000004072890002904067769005200000003026906541700853200049
827954030600087540501300790406709210102048060000612007705091020000065001010003654
508300462700250003340860009930046070460020530001073094073609005150000086600415320
030607050968510300010329600570162038821035790300098015050276000600900020002050067
841365000900000516050012304500006190360007405017594030603701002020049053075003061
040357802060084000758000943900501426025760000306200780894070051530892070000400308
040800905258094060973001240304586000007020496062749000700900520430000609829005071
900140300403098002150723009007010934040600281218400657804051096025900410090004000
003001087068593421201004000000830914819002003407610050004006200376925108090008370
030078946890602050746050108400000380150987060087036519320700695604005001000000470
000709028740030160690801300039275081061080507800010042080457000004128706020093054
001380040054700302068204071002046003047100056690507410270010004030075809480032067
080030716410680203500200900079104035605308107008957400390000071001006324004013089
160090287004000000208700040020940500039287164701030928082069750610008492950004800
627003100030701090019865003004009830053687000900004016390506400500018079081902365
908140030045097001173020004287401009506273008431080250014060070050012003000934080
907802031085403206030500900703205010001089762098070400319050628800620300006930007
210750900090040600607903512180024759402100300050807200034502006920608430060400820
000700096016392400395600270079230810480079605001005007257008143000027009908510700
685402301090730068007180592060073914970000620020500703000040057206350800704008106
508009006712800503600521080285763109000100005460050730079015064050408002800690051
030006008628590041005028906000974000704002819293600075087010604902465007006030092
521400000406739502973510000007090004610208093000301680054007238090803401008120057
190040806528006074074358009702800010810073940300200008061980005900400081080631290
008300074274658903030900008062003890580006430009285100005800306600432009823009701
059402103002306904140957600937800010020090387060073240290735001000060432300008005
987510063036700800400386700293800450704052000050407090500003986070600020860045371
600307409301090862098206000000728940947003081802040030204871600130004028080600150
109040732340072600200308090400630815590400370610807000036204007054100920800095403
068020900903100062100679053039410086406208010020300409090831500207005630085060190
300540009096830040584000736900170062700062104102008300629005010401320678073004005
009004170571026800080107560020910007103065420750200016006850034900402680847600200
200000160840650032167380490000910050901006047005008921510279084380105009090040016
062405000540870123300001406093002701000610030216047590030950002650020087028064015
042050970500796203793104005000010500000385416401269708109540300305600100260930000
203000095405173200008250014020005960906780032380602500560907003040036159830010007
000408106154200387809071000620003005590704008003082619006020051982135060010040023
098057000601090587005803921000000104916020738754001290082000070000712865007930410
061400090473901805000027406105002604032670100040059203000010908310790042928540030
904002830030480070710039024560308900309720658070500040183907062020060700600204305
046937251097004000102850000070640890085001406060780125018460030050300987903070004
000000135210079000063058270050000063098610450000830001846590307032046918109083046
700000128418970560503618904306701482802060009094820050007540801000000730080000246
084915002500008070096003845015400708070301200403057609368020597047500100000786003
000009402062100000945823761006080007073465210520300608290506870000794003734000096
020935008068270100493068502701080620286000000050612084930406007004700200675020049
470058026105063089030400500510970604600001852203506000002810960064205010980007205
021080305706134208008020006005702140200048050674050803507010932103295084800070000
060007020708301060091802374105603092802019635030004000089000753610935040200408006
400003506670054082580710030907260800000400020824590613208005490045089067010042300
168030072370080491509700600907300080003152060020900100700805924801247000254090807
850002971270100060010900254700401092182796000040000700520639087400207109397800500
495060007610704005008953416089417000042030759300092040257000900801070034934080000
310058460009003502047061003700000894096782100801340200900034708170806059208500040
102500306063807019070013400008056047030401005541008903300062050659184702020000091
752001000080730160600490728100008630027963504305070009270009046543820971000047000
365280704700590201010006800401057038000600105657108002893705420106329587000000000
901725308306004051020006090005040800803502074092670105104207900009400710630019042
010800400008109507579230806300980001802713004960000378094650000206097105005300649
025008096079605002300907508902000065603290000010586329190002650200051904540309080
870046091200050007410903806931780200604009178000160400090400602380590014540017080
746000000052087964910000070863090010501008006290600730009301607600800149127469053
053087409090420031108030050510608200000310600436070198800200006905761300301004527
205704010001500200094280675108006400020030109056412380843020500070149836600008020
920547060030000940067103052000002706580030004276914508800479621090000400741260300
006400938814953072070006000607002019000860007382710450720305064400108790109600200
903204650608003700007086103006340007274150306080002910739420060060001079001097205
650100493104009008700000561596028014873000600402530089007905840040207000201064057
501000780004106305069375040120040670750692013006003008390860200600409830085200901
010082960039746500605100480960421050048007030001308600300004215400210300152690070
064001007520908410100047506840206390290030070050089160030790650975604038600800040
835600924090384001700020306008940672379065408460807000007490063640052000080000045
043900817009176500570030002058210000000400028962083451010090005200607180386021709
700804360800625170006710090063007000490382016000900732010408650070260401084501907
876530001000090083043610207080040900319206870060780305037024568500301000604800102
004360501073005260650904070430106725009072400027008900012040800896050100000281639
800200039010790256269405000006007320008052600723084905980126700402009060600003892
401005203370021405006483009583694700000030508120000090730050914805000630610340850
608503294004608000903007605000020010891370402540086730069000120400931006105702043
400980100038020000059703864043509201090100043010340957501037020320091008007254006
907658040810000620300120089470005012009802504205410900790200450630540090040309160
009046050506020904408109720357084260900512870200000090640800017005437000870060549
017005009000961070459003861070106908380200700190078402902657083568300007000090640
670901800091020756005036900950043107218590000700600080030060098402379610069005370
600040307700139206932800400210008574800003000490527810560790138300001900109084700
002970813073850429090302007930080240006103700740609051000008604607001080489500032
350469008006380540042000390560903080200006903039045201020004610013250400405690802
081350694075014002030200001350401968760509000009030705807040309003790106506180200
506940318041056020090003004080094006070638059963000840007002405604709083209405070
001080325358027040040630007002940570410008602075061004020090010037852009094010253
040001203280036001730290460007012305023074609450900100502347090076020504090008012
016200900235970801000051706150038600080500307603107580002003460360009270408625009
097004362563290007421060090000185026040620730682000000200051670004870013016040509
004907513900563248020104706759000364031005879006370050002000080100056937075000020
750001480012830750800074002500190300260048591301002007005003074073410260620089030
567480102203906040800207300025800704740500008380064200006000521108640900932100480
024309150005026030391458060000081000100045890500700210760092041900004627050617903
780016090000040801001800056610325908000070305504198020040003069170460283069280570
026080579089653000500090083075060002943002050000735498008540960057920800091070045
562010003094378562073000901310005027028097400700032800406000098251809070900240100
000000005210807604605104703398016040002000580451720009527069130000305900839271400
764038509100075030300600071600807054098204367410050000850761002200003080940080713
619000470408700030372514609045930800000600000163240597094006123000090704701025008
001080600678004901003167240254000703080045120300278090062400075049806310030702009
000703591231598607000416002002040000049030200603072409726084915300000004104250068
010680500009742030847001260035294708104005923000003645950407000403500097701008400
010008205000500418508001097800154003000309004094827006900206370630915840240783009
006480531045001000087305064804079300023004095009650028002038600008540103431090052
200071060504600017610045908003104090806390040140050372080060000065708129370509084
200359670190876302073000008357062004024107905960085007086000100739510026002600000
080132796093000400002009803250004107401725380079061045047608030000900504035040610
702000081060015207054872006905320708200401600601080920078139000020008103310004879
003402619264001050090670200705100082012037400040028073609004020007260501401750096
500079062390020540701650090100000970958140236600593000009768000465002710007400629
758621000900405670006780021510200036090104850002000197039847265200503709000060004
305409702007010006620370094046090013200034070170602540580040030700001865901853020
903002000174030820020710054000004000467820910382195047090201400241007098005048102
741390260200078004800100300092730806310504900674009030080257003920480650400016700
470900860806507092100036005007198206068400509041060300603704900009002704704310608
500007389010950060470068000095680000038079020704521008907030010382705694051200870
050081402240090730097032500905208300802307900700006128329500007070820040006109253
003910007401030596690054100030060020140207903205309701710600205869005304000478600
469108005000003407708000009953806000874301250601050900002705094106280570507604810
370108690006007020180029530248076310001580079009200040800040900907065401410802760
400009702098247061060803504800095003956002017743006025004500009000064058085921400
745901832001250947023070050200607009150092000469500200014705300000489120500036004
390005100004609073000800042052986307879153200036400000008724635725300400003098700
098731040300004900460050132736040825004380000080207304140503089003002017809016050
408726305030005002510080760050860437804900050600000208207603540009500023360201879
000150406547300000012084539480010700000038240230000001063820050829543610004076382
040801207020530486003204000098750002037429860200183700800000570000008609360975148
832070691000896000409001805010900700004103208326580109900750003607348002240000587
030200180604009030201374590173906005500018309800007601305700960406800250008652003
027830906008010300301904082730006008046201035080043609870109260050000800019328057
043700085598040060070050000080206030036080709750904608900800356860392071317005890
080200403350847260410030080061580327023796010040000050230460109806003540100950008
008053741072090306014087000405760000023810604100030872007501460201970030650040207
601820940070005023320170600863702004410930872000008006000080730130057400786390051
704059008069078204100200079043517600010000047076802103607430900450900706300026480
092083070600079328803600001327500080006807245500290007009362700734051802200000910
205006748003984500860000190630405000041628900582090604056749000910260400007001069
090508273802600090045209060067002001501463907300001052470026030203794810600000720
600078249009001000527304018004106800362809104090002360900023480276085000800010526
067005398050678201001903567076200004500480739480730050025060003094017005700500400
700562000654081009123700085091603074307108060065400138430205897902006400000000200
087003910009270586206508000692417058704000090000029607420050009105930804900180720
530210470400500316180304000040960080298700041005028730050090203302840107970602050
014800950800309274709005068082704036540030809000080017900670000403921085620053700
049005016060170950085960070907300080034590720001207409400750003216400007070609842
010700028460900005075004006103640002042580000687091500030428679006109043890376001
030460009091370600065100378042009716010607000570280403950010200607950001100026945
800070052601209870000050931706842593005006128900310460080007005067421089290000010
803009017040780326702410000605090040090307562270806100027900600009568270380070051
006482005000530600480160902860300200900024100271600090500246071007813520020975360
216340090700010803090502160930000080508924371007830900601280009089001630050490018
107256003302100700590037002601020040050703021003861070230000519860514200710392000
397040002841630507000978001705000804280050013016403720008195206659304000003007400
427000006100942050900671004009004178612709300870500020590307461000000532203056097
502000000070039520300254009000471003841693275009500060985710042007000981400928607
301057680270610040500400103852090430006274015400300200795801000084030051000509768
080710395034690827597832401070003500308007009000108003920400108040001956006050702
090007608006590700147083902900050380438900265600328000803060100014230806200804503
305010046000064903496823005700230859060008370830150002004002008973085000608341007
706930840015800007400520610602708391801290050003010400290000008100482069560170230
604307200038402017700900036082001370006073840017540009075004062003729104049100080
085970620007200538206083000801000390009051706670498005038120060060040103190607802
609070080180092304300850960500083409908420735740500000250900607090200050430165098
937000012502701004041390065008127006070600123210030078093060247080203059020900300
760000005050216004304805961087060400400021008106304572073100809008940026940630050
260493510085160300413000902700049006850621734600830000008000259306008071572000600
002014078500708309798003200830197624027080035040030000089340050001002083670809410
980020007040108093603704820002935700809070530370006902730502000506010378008307045
000000900007800023090316784750900006064571298910602530489100000601090045520480160
081520030046070002900018745067931580805040009100080260070050608002867091618400050
004900006029006840863700002000000284906508731380007059007295008201863470600170920
100090067026087900908034015007040180360258009089700302000023098693070400840016570
904570628106089354002006007300100070001042000407950061053014700700395246000800135
102050043305000908479010056726130005034506120051027634590078460010000080048090000
070082054018504960005009020143950082900010640067240100306005408021468009504300006
004007002900534786607908000540800209000406157090050003105269304060081000270345618
574093168080041350203000000067402080000910000940306705890600230030529806426008079
401006593502480607060901000615048279030007001700610004840195706100702908270000100
105079200000400007974028316800203700016890530720005840342980105000052093091030600
034062501007801002021593704798204610305106007010030408009600025000425070050079006
006350280300700109040861005073608010650270948008005603069000421004906057027004096
005902470403005002210034605701560240620803500500001730002008067387020150050397020
030006008628590041005028906000974000704002819293600075087010604902465007006030092
004360501073005260650904070430106725009072400027008900012040800896050100000281639
510090073364507029000032500091005300047903160600104902009281706785340091020000400
007306024362000079900072000020053498700060250495080736856030900279000005134920080
000014070000729103701005020935006081820190435107058090070000248580403900604082057
080050063920130507403706002260907300300000628015623004748062139000800006092370080
010680457048100329500240008705460980094000000826907140200030061360000890081790205
783150206504290708000387415047008560600400871000000920801000040402061059069042007
050860000602040987480397500000000108075618039004973005500480010168030090947026803
001037600508204139603100004800700293030809500957603040315478062000500007709002058
051802000030504012260039080086003127040021009100708054000906501094307268018000973
050609000000501240920430610084760020039040000276000053312890507690372004847006092
706300900093602007201947000124706589000005203030009040018000750905108430642500198
279000405460205008085430027520103879040900301030058006004607502090500783857000100
960700501040000608120035040836029105574360890210008463090800000602957000301040087
601042009083900014009015620926403107000260890830500002702058000068700240300024781
070600108910043060062089740290830514001094670740200000604005000120468350007001486
308040005624050798150000000207504036465000000083671052000430527732090610500017089
490100000031208009005600000180460935349512870506003041950004062014906387000701500
090640357050900602007000089080090736740865921016000508004309105870054060135070800
001080709700102380598073002030208590900700403472530060009350806803907200057001034
768005210003008470040267005004900720607801004092073061200580003030700852985630040
902050700530007914874106523300200078648901000207603000780010200429508000060032840
100690024904028000060010038407000603600730200025160047840270060756900380291386400
905406280872301940000020070058103709097600510004790030063510002201908357080200001
308054167520067080400080002670508009805730206030006508003001705050072801714095003
804103627630080000010704390089607150170508200400001076060805412040302060521090700
793650081524080967000209500006100042081020670207408100640700010010806700870500496
061700328592804607308002509005006070039100260046000901200981706003047002907200405
250106904009057030800439512600003000002504687004098020307061408500302701000875290
050092360080460070296080014004609700019003400503720189608500007905276800070008635
500000003890012057376059241709245138023001900105060070000000084900030526608524010
020010053003756400645900780290080045500497200860030190070040506406509802052160900
128607045040035910030400008074006580052008130009543200507360021400100607201709050
439072180005680049002400050200040300704036805390207460021069574560014000900005018
320061587906200003801453600530074200017890306602000708040510902100029034200300005
008060040001007865654238070837109400540002090000084357203700010710800630005913082
029007008100820690380610204862954000000000465507360902418702056290086107000040009
040350802300017056065029304879100640016570293530000080790240560050903000204005030
005020001160874253820500400470985036500010908081006040290000600650790010010648592
800920175070001006921670400530040810090700600206198057009432061004000080652809043
920713405064900080005400309801207004502680731600005800057800040030004018089321570
020000005000608200940005673865400130270051046004086509501072304630104758400500910
050201493000600517710900826400058261000040789102700340506003008800007602937020054
370500690159702408400931000003027900720803100001004003040379816008016020610205049
040700085008590124902040603705600009009070050001905867280310596300857040510009730
800500034246900510005864002170030956400009200052687001780095403609048100020010870
910203700000140600463070129600500004104796300305002961040007096720004530509628400
046080379217050060008067100000500003390602010785910206100700985472895030809036000
865137009149280537302050100053000702008090640690300850706009084984600010500400900
005107900184200305769085000207916843498000010600028097030600702006002000970530684
045370190006510380019200005600400019021705040504091078002804050090057820158900037
305094008007810093018006504709238016801070305030040700070950800203400050580102937
807430009013080040020190387068904701140060890090018050080609030430021075209500610
008010005620849001310600428007260893803597100092000006004020030506083010230704689
000758062020063790708902430042036000083001009107200306870305001209180050415020803
804007213000405786027030900200071469000304150005602078560040090781200034040810520
023900401068401730900073006017065090000210560695700103156830902000050308802104070
007205040009710562500406781005374100630058074000900030204031000906807053058029017
600945007040670950795020006000214590920568403584090610009002160150709004030056000
970003254080670193000094807830060005005007302709002648603750480048026009090040506
340860000900000200005047060069013850532678010400290673290086034183704906054000007
506030802700185096980640010460309257097206001251000903072500030009000028805021600
080000004096507200407298365048372100163080527000010400902061803000800002851703609
000603170010570038307840052030900780086437091709000345942350010070010400163004500
037546010060090005204070639796203084005780006400600103820007900600930408049120307
916073042008010300004820017700451083401307020503000071000039260635702090190040708
015073209000802145048009063000030596903607800801905307184356000090080001020001438
806397002090506004153284009009450827024008600078002905400620070962005000700840096
960008001400071092017620083704013806006090200025706309640002030008960024071380065
728935460005006098009004700006143072310000800097260053000002039953087014064091007
102983504305400870004700010890302700000007900753809426508000600420536187600208040
028040063705320040004071850800703410019000007470816290041537008036000074007104509
214653007070190230903020105807006003640009801130740052400301008001070509026005014
902170860010930275387205090500080942070400010024006700031807000090640080240319057
041600259380049070500201080075492831420080500100700600006015020207300018910820360
100009680240003159070000002700352890480091705092704301027000908950130046600928500
120608459065790001080050700700486025046300980510007003600009318891503004002801500
090062004318574069246008705500020106007001000023609007472090030601200078839700602
206750080500982040800601905105023879000078000782100403900200630071005290320806510
504000276090357000810026903020080530003004608781563400070600309305092180240038005
982730564040600082063408910079306400236507800415800700004970600000100040350204100
748056931030080000009103540854032169000501000190600370007405213025007094410320000
070020009040009210219867034702100040400798300308600791920503080685014970000900405
010540000589003601020690785070015260205006900106072450002050806354067020060230074
000100050354062890810039670701000460020804005508316027106280540290450100400600730
390801057205300089807095400000010065030028070509406000102003598986102703700980012
750030006300604210026870039500087600138400750007015304000003028205008063863129400
400009702097284016020701405900076004742008069165002037009400008000093071076125900
860594203370000405004702080015023946240960050009070800523080064080200530090357008
341000080000740019095861304479005003003080901008936402000609008186024790950008036
069703000002400801034082679007208053485907000300040798008059104091604380043001020
006914387100086902093000014010840065700000008980020103659008430031060009478190520
000014070000972406907006010834005067790430852105068040080000321350609700402083095
070029400006700010280340576050410690942076351360000704603107840510038007700500100
097802050080417200320050407700060028948325106002700543864070300073049005100080060
761025840400718203032940700006009508580060000200507030900003002628050390040892615
891057036006004000004603859017086094085140720400002001960005207100020960570961008
040520800900086401080340060271600980408902016009015042315008000862457000704003508
900386100860002300702004865140200006300400907098571240400120659276805430500040000
205370019068091000139085007450700028306528071807014536512030080000002100600140000
608195432309007800500368000067834021830250704000000980103500607000000005025946318
080006371076803050405012006061020037500678100207100098020304705310057060750060403
026854710304700065007020008170030002009070051460215390742089006093002170000340809
070103080109680074086400590090800065504309820810520900901230700638050200000960438
310602078008007062702081050800203790104009820027510030200800016080926040643070280
700200053003000164018350090039501087100020030800709001072465300086170025301980476
004007305050400700300006429069018053080235904035004178046079532008300601520601000
010709083072001600903052704290470060006000490057986301000597140129004805705010030
040900072908320005021704960739008000010630280200470359100002530054193706302040008
421509083068010407703608502000000076206007309070205148080006735007804901100003804
562010003043758612071000405350002048018093200700081300205000061137809020600120900
080007360407103080302065047001008720230071650750032900870510206520700490006320800
803002970270936400400010520089600752750800604001200000927104830500307049130080207
500000002200893056843205970400002007710639048650040210004027089385016720020004005
807006350500080247304200069400872010008013002000090038003020685100405973065738104
026090840380400019004853002019080000072609350600204198250937006900008275068040900
005030482802574003903200010304100800250708139100302060600005270080027340427810006
082001900064032718700850060900200087826105009007380026005600072098407630670028090
078400913100302500043910006350079000080253107019000325400701800930806451820004060
063857491005009060079200050502700608096310024300560100830675942600000005950401080
032407081004109027708200900003690010129074653500001700200730140091008206407902800
000408106154200387809071000620003005590704008003082619006020051982135060010040023
137096540020503160008010020000900004790040250245671309510039072000400030384027690
690007530357019048000530700903700800004006053205943610740090085009305060530860079
369012070020000109000005320795340200281907050034521807946080005803059602100400900
046075120710420089205180760000200308001830090300507600080710030032659817100348000
143006509200048001060501470005169800689200147001004005002007936096312004034005200
000120050831590720520006340006302008090640032372900604205439187000001203713008000
706008495400906308000004700360080049240310867870649231597200000000051000003497602
400079301870601240201008005500910620040520010132040057316704002058092436000060100
705642001102839745000150023000900074490780206006304508010000009300490862900508017
000008030934675208807300940270840051100050300065031029501003487790124003006500090
930070801714509003058000700007000596005263187800900430206408000003006204149725308
082700900500009410109654208695800040030190720001045809010070500247038001900401372
046390705250400810070025040602507430708002001010903670001004057560731209087050060
050002190902615037036700500080950300560230740309070650290063000800521963610000280
040306000503020076120074395015908720402700109008402050804093261200040008360280007
308176025090024103210000008034901060170060009900407351480605702003000500709342810
506497010901002704070005620157023080008706090600040537003009805015270900709038201
408023601013004078020000340980000134350940067060807092540286703800019025030470000
960040321810052090200310060390580270540096083080200009036170002020405708750020014
020784030680325007507001248410003000060002000070468351003807024800239705700106903
842007310100300045005000802051000204426850090030942061094605038000284000007193426
514079083200600007070403250051730028002508040890002360083000000720301894006857032
208070005059318640600050380542900063100003400300645019005100006821500904003892501
693407082010500749504082031008340006305060827001070300100800060400793215030001470
109703256560020000002058019804075620006031047207800005301597468708006500090400003
064810050100002460503640270010700390032190600908320710845973106000060009609001507
004610903302709100019004068601003045070051090098406017986307000000260739037100086
490870003083901007006200000300097050520080704840000319930062501712508906600319470
002190008000273961790805032057030006920516070146708593004900017000051000010047380
007038050105009360039510008004600100010007039092143576043780200720904613000002847
390764008460580731058231964030800070006900482280006050810020640600405890047000000
500002400409086015206105307642039108007400003050620970130090802020060701708213500
540000093190450800070918520085620349200030005013507008004070682800240030627309001
601907008080000109029816304410002980206490013070350002130009850700184230860003400
700240503021003900048059021070002800030578260285006104010020056050860400462035098
304009500620051809900326741439005100806010923070960405702008054060000307003090018
081207004023800100957040002162450708094610005830700400306580907008030051549000280
510780420049200705007409001471390652080000100002671800038000010090835270605140930
906300000000608701158027634080405016045102078201080500800206059097543102024000007
609000070003070918800095006096010807780650100040387209407528091001043082028000743
001005603206743080093010204120980006078530410300020098037800109080062340402370800
075184000008060901602030748450279180080000004701450209004807360800023010537040092
004072905160049007950318200340180720009200680608090351481003500090704108000820400
300840910068005407104706500027684390010520804480000005650070180800063709709108002
413680507000200143702004000165048702938000400207560008004306071670002000329017054
009010002600524890482700051900350060034100205065402370806001500043805016007930420
403006150805941073060050080386512907010700560007009001702105490090270005501003708
041069002536000097000035486064391050058020049002408700610503000270840005485010073
000938704709000003100274090560090301907680245408012907600705030005041079070869100
709080314300709006061040980405028063007000049690071258006030400802004600904160832
513700000000400197704126035008000400075864309430072518689043050040500960350690000
045308791008001403390750000000280074470503086869007020184602539000010640206039000
120740308937281564046030712090000120051803900400000050570698201013000000600310470
020680051598000326617000894000048600000921047004560089302000175905170000741035900
005832000062051800800004203090000082520049176136270549054027938000096010700400605
000041062000570000340629087760234050034107296012986030007062300650000400283400609
200357000600000853395804012800600075701030080052478106003910527006042000529003401
700650008095480763046010009478900526050208000001064807064703001307005642002140005
761904250300051004900002018073820100052409806400100507014090600507018002200047381
407561020060800574308040010730450102106000400500916087020603001015090008903105246
040026700678010305290807061804602073000050000507341689402070930059000800700983204
100749285950310674470026000581030000040900502309675018000250106210060003630100020
537200109800951002200003058629500037400070295080329000008495001152030060004060583
017002000850030172600781450005018200206040010043067985308000620560023008020896034
402061703007234000130000452740026390960045201001070006004658007659300824008002600
007038050401007380038910007002300500010009073085674129029140600840706215000003794
026050734009403002310067050000906008980340006567010493103500067005004080098731240
000982543502060900893004006174800359906507080000049200030095600061270890209010034
070900300960830507403052901830070000020410638190028470000607053348005710057083040
704583210008619000950047006409320000380106497016070000000761902097432600623000001
406000732000827050257406010700004861310060000068712340845601200002500006600209185
073004906026019075450760801005027614060100098010640200690805140000490580040201009
509002006038690574060850002607025031100708249804030000085914023010200057042500900
410608075302950160070002008508409602040200050260310089053020706000793540794060800
700650008095480763046010009478900526050208000001064807064703001307005642002140005
600050010510069203079801005041020706390074802705603000107296340030000601460007529
009820730302019800104060029015082060760900250003075098046008970500097600807406302
608005724007010390903247000402060107700409003305701046820070019504092638100580000
000730980018690040905004306000008459802000710000473200189250634403006075057041092
240600519615400380009010000100800000736120895850907600570060940903008176401370008
040500790510837264008006350300780040090160872820904030050378009000000087086249503
600705100850040976207690080400020308005910647186074000008000051531867009700150860
009740062072083059061900070250304701780500204090807005007265300328000546005038900
619000470302400090847956201021630700000100000463790812035009186000060503206013007
180050020209040507060217390004132050071500940052090031028075063510803009700900280
082005901050020063100309820040590000530780209790260054805030406904856130603017000
802000400130248060400901728924005036010093075070806001280064090069080054003709602
280600190000920040943501027360100270408036050700290063600310009094002500035460712
705080900089620014400093280000506002642970853103008600500300490034807501270450060
720058900610700580040960073036017450080503160570004008100070040057289030360005729
003902040572140003094073020068300014421760000030081760009510236257000009010208075
356021407010470680004090001107908504940760208080004900001300746462007800030649002
804190607570000931109705080053900010980401703217386504690073045000010000700509008
507096041409003600000005970003002786020638004600709032250007009371060258940521300
281000004530200190400100372000814725140007009002630041905080006306090287004761903
030060710504713009108004053025609148000040305491035000003406970912050480700901030
891057640560490278720830901976513000458000036310600095005000060600140009080000410
000310428008009010321748000900850002813692500206407000705100206104260980082073005
741390260200078004800100300092730806310504900674009030080257003920480650400016700
713905600906100537000037090000406012650010074194028300000874003407500089581200046
300704650790000348640905021500000410084520070030147580400261895900450107801000060
809300710340207006500910804050603148608140000094002065210409007906720003003060921
005012037002080019613790008008350790009070800274068150530049200007030905980507064
042305080500702314703800050270138000034500728009400130020003806380074501057680200
096074201001962730037000060849251073000480500065000028654023007708105340000007850
204017608000983120138462000400300502002190007580600009921706840000840096046200051
000000570307801000002503106436109058279485301581030002020000000860310920194052807
900700364360000207001032950504987000207064830010203070649020083082306000053070692
076008104500709230190360578210070040769040301035100920600837409000020003803005710
095008021700029500801703940509304100000010807218605490040207600682001009050036214
194203005006400173080150900600391750371508640050000001467900082000862017018004090
020540601004160590506980247238004069007001835005000724041070052309000008702005906
834090000697002581125760903082076004350120007700980302000800405003609010510203009
564208009008046503030900604890060050056019302700420908307582090100070830680300240
170040089694830020200601037000900500010006893000304071746120000501763940930005716
050300012780014000063000870674090283890003700005700941046000198900800506210569437
092003600016002470003460921000089700045731862087006000209017306034605190060300250
609045010085001630100208950204800060507910048010420079952604001708009405000580790
010249538938500020425030000000000062060095074007360951659080013000921600081600749
071080592020590006504026001902000007316905084000642019039108405400259003065000908
509706203007219568802000000095007020203901004080503719951304602630190070000008901
624000901300164050001302640200016073960720400710040206500201064030070009176409320
500764020020030970714002306630000090078596043040021087200840700380057460057010802
007358090900000045001904780016400529030005807580270403890500074000862931060749008
100080260930700801048321007083290010420010308010806470001073504374608020005002036
014080902600413700080602013040006080968231500075008230000820090820379605039065800
601907008080000109029816304410002980206490013070350002130009850700184230860003400
010260000000530496905008012100870020096052871020094563680020130702910058531000009
800350190390004680076029040058001009430905760600043805960407250240090070080032910
010260000000530496905008012100870020096052871020094563680020130702910058531000009
200640030010520700005810246042160007059300408071000623700091054094080300528436001
038005200006213780027060093009326400480000620650908017000439871874000006390607002
150437280049200610007900050708025146502701008400009500830000004670094301020173065
180590000923687150756021398861009037500100000070005801007032405040000782208704000
051030002496270013072608540500020160080001700120567000700453000063102450045790301
035800000280100457001206890704902600092014705163000940048320000300005064507469301
625048000701060205030000064409600873870400900000897410056720040280006597397504020
830000425249530786576824000302407008904250130005103000107040360000610000098300540
210090347300084000007100650690218574801000090020960013189640730532870001060320000
900307605430510020056008073760400100500600794290781050070800201021074008840102930
079025346624083001000467029000600004095304680300812795060001050003008260002030418
156780029009400010004091058603510802080070140901032070007008000490007205062349781
354071208000034510708002040071098650009105800580200401806403720007500136130706000
040002030350040607000073541870509204002768953005324108004206095520000310067130000
014309520030875010650210380369048002000000106501020048286031075040780090000050861
500004268706502301803096000072835406630000800005960703268409000050000042090723685
072800096001029350905043007259070681108500000460082035004018500510067820026900004
030000708826400100007698320500380010072106850481950673000800200290704000743015086
360009108100803450082570060091706324000002000237408016506080249920604000040025031
806007510025100740040562030093206004467090120000403650084709060179020305000380407
120086390900231508386700210000069403050814070009300000630900850010058002598103740
070000800893600402416200009039548106284106597005790300000367205000821900008409600
385200090000304008204018365821540630050760180700800050408100006600085713507620009
200359670190876302073000008357062004024107905960085007086000100739510026002600000
546008073070000004932467850605941730300600085207503106408200367003800409000700500
104090006005021907907530042800014025002300070651082490200600034730048510049170008
000100090030009204829463000045200008700800501308607040271005063600302710583716429
130007002600340005472005369060200908300780000850109020240501803013968240080403051
700380000600900182009510703090248300368705210472000058200459870080021409004030026
349500060060701059070409208007250004452680093030090520013972045024810076080000900
987562410520014608146090000001687200200450006704320185000008320030045907000206001
001700905305098024690015007908350012400900536032046000089003040203801650050029073
930068402062009180070210600253680740000072010704005068020000036546820001080196024
006719000097528130120640080080270491009380672742000003001030000008902010274801069
168030072790010634402500900501900060009725040040100200800607325206381000973050806
530047026007900340420350100093704602068001704040032010672419583001000090004803001
400006070065048210910075064080602007290030501370580906803004790640023100020809640
826510794000602380107080000200900408783120056004708100008000607300861049962307005
004630780300407005687001204090040600825016073006203590400000000070309140239164857
790180462254037810100409053920803075435016020810950604000090000509201000080000097
501000829280953601009208000105302060800000053023584107018409576046800000050031084
510832006069010530200090807050200009086057024072460105095020470608309001700508093
004070009007401085608253714005007000001302857703900460852030040140008973009014520
072961084430800615168430000085090420041000003307002001800209000014608900926304108
007400002042800763500030804084375601306104580710020049608040030403580100200960078
740091305930007820020036090067159408013702050009000207300608040092470183580003600
006284091158379426290105730000000157460000302030007600709000010600490273000712960
438100056060457003017080209650001072020500010074320905245710630380004007796800000
532701069600390578070050000800520716205000000740869305006035900300040601459607203
456000003031705400920043050000380700082407390103200084005172046708904001200560937
605083010000000069431697502250300198060108203180509000802001035049756820010002040
920000050350196040014257639000471386001500400703800190560710920170008063030600010
809670053073020490600309020705006300906005748002783500467590001200407680008002904
400680030910324785850019260700032406005800900000541802504190020090253608300006001
125700089063901000490002730001870045000100308049205060050007012602509070317428506
070010203003962750251300600025830476490020005600405900080790564719054028500200000
012798603000060015468005002200080301740159000850003974000800009604031507129506430
907802031085403206030500900703205010001089762098070400319050628800620300006930007
239000405000950007607314209071006502063085074004091600002500840385140926100820000
010482976009003008872005010003201000026000183190638507937100005040350090050097432
001082060360700900204000810610327408483061070700840031037008106090074305846003002
070124098410809070089000000530490700708502034924300800000051380156980207890040150
490567801050000670061930200830050160004006007609473502200040053043690700905380016
400200386000430012000805794270010003080609070500374029801053467703100258600702001
200900180059027600360540709035600208098034000600870394500700801100050002926381407
000406120010520007020107000680273459305819672000005013102900780069052041054001006
087030100300080900196204000540308601700006005608925403005490016960513207030067540
903080127020790005570160080680329401009007356340010000400056710701000004850471209
020093500975624108030000609219730405004002807600059010503280701840007000700905283
400082710268000390500943600806409000900810457074005809001530972040701580795008000
027000608680057200094000000056200893839006421100900506063105084008743000075689032
016003000000724168002100000165007390300059000097061845081072534603005080054938021
859610024207980630000200009026097805001008070570130402904701200710002943080309100
935001040000506000060003517096378420201604090003910060409835106057149300308200050
007300458453000190091000260000830049600947000749215000086053024320000870970028635
130407086700810350406900012300098061018045290529000070257000009840539000903002045
047320006030070402206410709502037008470090061001604057800060095013958020059040870
302801570951007042080045319000974008060108930090500021200780090076319004010050760
091650074700904020540100098280507010100409006056030742300048507608790430470300080
104500200290030450570020013000018500981057042657940800003005000860090704719280365
012903806040067012706800009090185064005000103124096008950034687268709001000600020
230000050049035200075240390020913486406082010800406925700300040050100609960700831
040090267017063904020075010035920401200058030000340000309014800782039146460080590
204500000005628439960007502600800207800064003347902068106200800002086370470390620
900024800607301000421568970200013705150680239308050104706800500590070008010005620
700090000840521079029003865060010003201709058074806092000350080380004217697180004
208436070000200804174800302007560198001028007986100030005340719302790580019005000
700000020906312475042059080804563010200000560059107034060930052003670008597080306
601950024403210007009700306032100070006530109510470203890627000005001702120300648
750419602900060008032007104826000700000748063340602805480026950009030420205904080
020540601005860920801320574637004059008003246004000137016050092509000008702006405
210095600009841025508000091706230018082010000001508273800400009490083062027609830
421509083068010407703608502000000076206007309070205148080006735007804901100003804
093200170001047300208130604002009560345028900060301480020590001907014250510700039
008010005620849001310600428007260893803597100092000006004020030506083010230704689
023090006940605701006403890280000300601034289030582100300207010175049603090006504
010000380300198064690403210840000170750904803036780900060049052007200091020510638
706300900038502001201679000874203619000004802090006050087000240409108370563400198
060000007020408069195762083607305890850900000900806524080200005500003912216594030
412080069000407203937061050508002301109040508304000020001705692200819000793604100
000486200783019000002500008040605100197300052536901407670804020319002064804100705
003040952200580070695302008006904007037061020082050196060000745104637000720405061
007200010093060084610738290139006450040300970008459030482907560060543027005000100
000000135210079000063058270050000063098610450000830001846590307032046918109083046
000108729000529063002006000801090457760080300439200081003012906217064530008305210
089000102520361000004980375140509780052030019800016004238607900000048037405100820
008730090065012374310049026001304059239065007050027000000200908103050702780690503
594100600381060725007000000079200501000091200105807060016080392032619807008723410
923000050180900460046531029017894600568023900000065070000480702002319084090057010
900705010800900050702000690080032007000194238090687000548069371067850409109073580
204500000005628439960007502600800207800064003347902068106200800002086370470390620
872605091000029600036007802741582360093400020000006704005208907209054030460010280
001254900490810063058000014025630040930742150100000032009460070013908406074020805
005840102068050000104093758470005800200910340093470501610582400340009085002700019
024309150005026030391458060000081000100045890500700210760092041900004627050617903
761508030002403108003200096379042050000010387608705009520604910000020700196307042
000300052480257006253001480034719060007003840609400071305170098190030720700094500
890000000200869470071504982310045060520073800900002135085400009002397508039200740
070030690803209400960504803089603210007800500605407038096701342102900700040306009
190040806528006074074358009702800010810073940300200008061980005900400081080631290
004965310070200000516040982805492670600000804490016005740038109103059020008100760
541206900002950460000000500800035709704810250100060308258670100403098627960024005
540900060087014209619075400290700040100800620700501008800157304450306872003080506
001530208000020759920007403392756840000203075040980020700008092269370000014690507
040970063396240517000301000600809001029014350501632804083596002907400000060087400
904570628201048397006003005500100070007065000109430086093016800600954731000300964
031097000920035471500060803402516907309070058007900100068350709003600512105720000
000841000970032005010000020080000900740085361632910078500160789060759234397008106
000008560950762108368090040170003405002950006506204703095026301040175082210000050
900540308036008705025093010593060070000430061041027083069302047702604009080070650
170050240090040016204713080002800407809067132307420068920600000706005824481000050
089603004400019760026007930000000052964325001570061403058100249200548000601002087
741856002030490756060000008070009320509283460403007500194060275602970000000120094
000700431230050000147398206051080020460530017300407069094001003073045092010063740
005300089903180420206074001760010050028430907009058042600800190037090004490623870
415203009820010040000068215304689150160007038009001070031002406000036000657094321
003001087068593421201004000000830914819002003407610050004006200376925108090008370
005300089903180420206074001760010050028430907009058042600800190037090004490623870
000016089089052400004978023900504301503069802426800970090205130360100204000093700
006030080035209006924867153090001420082004600000902308010520030260740001357198004
900700364360000207001032950504987000207064830010203070649020083082306000053070692
030150007027980030601400289076504390203007060040301802002000008104209750095618403
500900860039610405680402030908064700063580094400020603390705010800290070107030549
005130062060009085000086900670840291009007050408090673730010529500073040941050837
004000120013298000702451380070023460030089010206704953548070630061000207920036000
308040005624050798150000000207504036465000000083671052000430527732090610500017089
080706392925483000060021850000865120238000005050300908706038200002019537513000080
790840300642070000005296704100350640400682571506417903004508097050700400010904000
700900005651230479009067200068020094040810032012450600000085700104600058835104906
900386100860002300702004865140200006300400907098571240400120659276805430500040000
480016590937025601000900800701502380250603709040100006090061070103400900604280135
700804360800135740004720080052009000470251093000400528040908130080640209063502804
306700081100306907209108600561003849708490060000860010045900078820610095010084020
000100065100067903730058014300479050640000109079000342503081400200040501461592807
012400093697302050005986070230574906000009020169003045006090531583001000020630480
640300712390781060715004080026050030481073059570109240200000000100830426060002301
965704138041803700700100062837612500520908310190400827000000981300200050009006200
005390268028600300360028900576901042030005601001760009054016793092403100700500400
100005460630401500507068301006010040005674010214090675490007056800009700750246109
350070000200640375096503401503081290607930018009060003971052864800400030030016007
762419000145300002983005000631004780007581300050063001524036000810040250309150006
010027690900050437507309081190070026300810749670940100069004010780005360400000972
025986007040007005690010832780002600910403208003078019160800720008040300032769580
040000609836027401019643280903071060070060903680039075390814006400750090008306000
306072045008409036045800001950380062200097080860020370570906420680045910030008007
500720600000005027208346005061003052800069001307518469050830090103007208682190500
600900010500604379010500026950060700760485291021709500178350942090800000240007680
004007906936108004800960105740009600300001872081572400200490018408210507160700040
000040108802506730570390000200905071010873205705020863080657010650081347027000006
938027064400569300501008092302604100004703605090200843070300008100970050649850030
460050183750301000002490607600204900000900715301075264500080020813020049026503071
000006905956300081180259006361092500008540010400100397010007820870405060602980053
050100080000859400049726103004081370781305009032097010400502730100403608006908042
007098560093050248586040003238405719001000050700012036019000087002076004074039120
003470090401529760000080241000240109049610508130000070250068317008130004306004982
070200039000587021125009706030060090650903870780052360017600900008091057506074203
092438700305091082080000301007000064601275039803046020214050670000860205068710900
940605000670009028008000604080057009791260340200490067320010000519830402860902153
120086390900231508386700210000069403050814070009300000630900850010058002598103740
008026910709001320201908500010200063050607080673804209090002035105403670026780004
015369000600025839930000506056084197001000000270591304004910650500408001129003708
319008067000309085025170400603297518108000040500804070081063054057480023006002800
400035009590780364803004501010002450207050000635000002180560297759008013300907840
824050003005091408100380026490008732080147900650003004000010687748030050506872040
300106805215030074007024090870005130030069200920380706452800903003092587700650000
006010050023500081501638079600104030195006008200780916360400095018902007009803024
800059107019072000073100289007921054901508730085000600000080976798605023360094000
600085100940106053350002608000020504035861092129007006200034980094600020083209401
089020700070590030206347009627405100904006520010030406042800367003270051790060204
009320810260900400803071906300050781507812064106700000028543109905000240004290050
009080007702540008018270645004062503096053010230010760400105200653420070020030854
251080694908604000000000071010439782000006943409007100097000020823940567004208319
206790501090400628084062000940620800600504710015300064100905370050037090379006405
702006400930400020004823179309062004406780930050900016008340500003005891695208300
609030487403807950050690300260000740900700021700046539142300075300081094008400160
061475903900020467807369000470000502650732010010050079106203790700500008020907046
007306024248000063900028000050012489400030210821040537762050300385000002194280070
690370028700010500025069013408003957530941002002500030009800206204056091370092005
620900301007510002350806409080170643143609000060030098004352910536790204009000500
240071950051460700070002410037080005402015360060304170090208601304009807806107090
509473160700108592081059470004921806000340007152007000030010005490806001817502000
906300408400928710018060003700090501084071069109053007040132600301506870605000130
935408100060009078040601003082000501104356020009182040010043295420915780098000300
830027951097510468540009030070300812084200005162075390410000020003102780008006040
384056091000204500005008073020001000541000732090072800407095628802460059050823047
690250017408107590001904028809700361360000002000093004105026730040079085000581240
870692450040080700035040029000460007453078961790001080024953670500004002089020045
006284091845391267290705830000000143510000609030006700607000050400670918000548370
653207040100400760200890053020005800580120096306908024031702600000030017745081039
502340018390007500080210903000000081013608050845721096700482109034900820028100004
804007213000802659092010400500028147000104390007309062470030080385400021020780530
050200041837040000142009573216950704000780302703000906301008090068590237900070160
004601782680040019002050643873000120926000035501200900730500060210406350060038207
100074000087210496450008702740102960030040180061703005014520039070800520520460001
800604021002870609367010005401320500570001042200507108708403200950100804004708013
071080592020590006504026001902000007316905084000642019039108405400259003065000908
800054900495000000127306540001978234930060100270013806582047019000030680010020470
098057000703060218001208759000000307876090125932005860089000070000829431004570980
800230010341009000527814600270005006604170095000002870092486350006020980000951462
048950070061007380300680052079062518052008004100094060905806703006400005024705601
601025403520341080400000150000090020205867009938002746104000075807516200300074860
219738605860400703000600009008041207002300500153072068507000306086103902900267004
000060791169752030078914060607435002840079513035800000001200054593100806026000000
301004007904573108208600050420000090003769040600432781810207036002016000036040215
705041083041070050600902470530410000204506317070300605300700008069035724407068100
701094500800200347203075009586109470000000050970546830020610093697000080030957260
032607098800209106061850207609704850708005000054190600190002005086970324007030080
900608520203097406008040910030004001700065200602039800106900702009076150457081369
100605309700400000659027148970268403460093000008000796096071830014030520030042001
290038040470010208100270095500700800708920504032480706600800003820300950340157602
016003000000612483002400000798006510100095000035047698027051946903004020041928057
580409017060800530470230090097140320002700900830906740006300072020094053314570080
057010080010580200024970513200658700509740602406000801302065107060093408108007005
068004150005091730013870002072008013001937205089500070056000300230150807100283504
670001509100050067905070402009008700016097280820600195080060324094030678063700051
008027500009085042521600098380002150210064900005031076100300820073018065802076009
260501300700820561305006008401369800053470100800000643174600900900157284002004006
021789063983105700500003901204030819096002457058040236049001002000000145600070090
070210863510860400820090001600480107080021500940753020034100900705908014190542000
061009832470302100300508700003076520010904008645080017030805090890401675150600080
000209070360047050742600389800095627607080500501760008470018000005370894906020701
100070348080009610003010790400090070961500204700068039305900400006124953204753061
000070024703102600000540003805029046460000952092400701270058019904210008501094237
387504600000100084510680703890206005600003129402015800700350201203061050150008306
038002406590600020020531078700305210080010060315206780403807190050009007870150042
052001870309807020400092510000473281801020060273100900500710400100005008798204156
000048003713600040804370901540020006001006705670950030237514080109207354005800017
830900420915230800000806039069070084580002910100398700650429108421700000000005342
904000061080301900603074258140000805026700490008420607060100030730050146451030789
019040300083910560500308701370204800620800030090160275040050103052001600106482907
205000091700520080064109000059281647407090120000430059070952310910048265500006070
070400503601930480345007906186750030059023071700104850860000002010690340090308060
400032008361009200800706001210590830589301407670200150700000610136005082905010740
405800017290700006080619042906081750800032064310007009600205090079040620042106370
376014000000530407509002813904000081067983005050140079485390020700060104010407930
250064019463010078109730060091305004000201597024906003040100030008093700302050941
068005903900306800307209046800132704470000090210940085002093508501804079609050030
087100039096000500023905701000502900369807240058000017001000476640371890972040103
078009005039072608052004900285706001007105280300908706813050409006090010090681530
210000509637509048954320617000093180300107900001200060020005890549070026103902400
508403200006520013720080506061750098204006100080340760839014050600970081100600024
935700402001089570080230090800024705100007800754063210076340900019058047008002056
500001284708205010204803600030026501050400802142308006320080057906530008005072069
017030580090470062203685700420017050150000420738500906070100600501346000302708045
056208010702006485890451020001004500580962371020135040348510206100020004005040000
460080105008001432030457096010846300604502008003100000306795001901624500040310907
090200008305801090082509631020006850600958103518007900050004206140790005037605410
200800517568009000407002000000941700950003140700685209172398054300056071680400390
030050070019020060465970020104002538870513942050849700080007053543281600000030004
040017809067320040509080320658004913072103408000890000085040632324650790000730000
090020401740080306268300795003400600950000840426870013030007008070018934810604207
001900805502480960098650004036010590014265300700009046009027038260090050083540209
160090070020705130405001926000250401200000090538904060382140609006020318901608702
507002004320849605900001032073018060012490080800003421245106007030950208700020150
107090800503140207000000300369021470754086030200037096478010000030800901910365784
050320000030150428942060053210400390089610000060502817406030900590780034003905701
904608530200510469160349728509103000300800906607904183853001000410200300002000005
002340086700061924406925001500006309040532168301009452000274090070600010630100200
000213067710648050680005030074006000065320000908150070090570341400001026231069785
349020851050400009120300407982160070000007500001234008034671000097503146605040703
380020410040961800097004250630875024070602905420000080063058700010436590054000068
082730049003204600401008302045300000306051490010460253100972504274000960009106008
104850309290643051800000004003010208526908100080024506310000000058102073070389415
030876501018000006704105039000053064147600053056409700090561400681007305005900610
590400000401530907038070104046005291070000840825104703704906312902300006010000579
073400000014006035090783241020040950507931002906008073069802317000070806738069000
080401000170000428004007156297000080400002701810500302021690847748210630060048015
050100080000859400049726103004081370781305009032097010400502730100403608006908042
170903068308600921046001753030806075007420036000030000013005684805140390004008012
000068790831070060067503280009407016304680050608005407003800020082056349046029070
062350000850940062030008451725134006000005723093070040070000019009720080248519607
378692050162507980400080600000708540680201030730469000500800010240010897007920360
015038007034670105006100908527801090000000084403967510100700056350016070068095041
001900030542603901000105082005702100630500247017090058300861705008059006006204893
036710020072030069010250430160540700804007600700680241340065910600000000091374586
100960724050082030200470805090720000812650073005048001708506109041097002036014080
091000240037000906524061873053006709070590002002083104240010390016849520000200460
000840020000350070803192540050009164602500000309074050037908415596403287180000039
030074269905200708026098000850000090019745683004901500402037900600450820590002340
053470800079302640040800035095083010018000273030761009320040000064128357500007920
700903400940000306035146290280400601109370004400602870670500082012800703300724060
013587649080100370047003000006051407005070903471038006090700068168045700002860104
070001568058763004091080070020905000907106402506020791702009085009302100015807029
043908056025130080800050302080019070710003529390605040430700065208300097900584030
859400200061900450000685910508700092602340075007059060130000609074196503006032700
302801570817006032090023814000318007030409160070600098900260080084135009020080750
859370640700014000004809572938106000201437058007020136692000005080040007475200800
295600017360092008008053206007500420604237000002940760059020004426070039000460852
260493510053860900849000603500078002790145386600320000006000837301006059485000200
760304009805920004003050728074600215001070000280513407638045901000039002409060503
960085034002430005053007028240009071519870003000510802024050300100740059390028047
843001205102530060765000081007610830901000607004003000050280913070046028218095406
025986007040007005690010832780002600910403208003078019160800720008040300032769580
260054000407320186300107004570401608800972041140005370705246000024000867003000405
006030401700006008032401700300069814914300070680004032060057040159043087078902503
070005402065084190034209800000130248840027900326090001780952614409803000002000089
207004010400700903150692408070106504310009060086203107625318709000060081801007050
080300054430186709017040300002071635301090040704608090070860400140700086620910073
670418009802390000950007304000780001200103700014902036090874060420031958080509073
020986034013040700460310905072501009380009200140002600891720500054008371700150090
308060007960200850020138460004509001009083076735010980102000630073806100800391042
070180052261003049500409007716048095005007400300205608058032704130004520002071900
653914007004080006981206500016409000307050091592037400079862000005701080168590000
704583210008619000950047006409320000380106497016070000000761902097432600623000001
108000790907830050300927601034082900081090530500140820406210009800304165710600200
540090380023456790719080500135974008078020100060815000680530007000000010207140639
090001830301580009806320045000003270937265408064008050405806790603970002700050064
031900760004021930096073040005187600328060407007004059619058302000306004403002590
540109007000687040187340000400060050060008004070053698859076013600501780700894562
060203810231068540040100030700016054680300020150407086028000470010734268470502000
408020067069718300007600092130870649040030080870041500090000400704195006620403975
153608004807004536006370108004701080030580060010000759042807310005143002380209600
004053001900070050650001493579100000400329567263547080705402300102830740040015000
000080134000002006670014800300408569754209381080531420430025008012006700860190005
150972046400508197703064002085700004947803610000045000869007421000081009070406080
734051068659280010800040709020476980160000072497802630040068590900700000500190006
970002100081500703020137408090315600300008040658900317807040530200703061035860004
019374008000561390046008705863057000194032057050080100930006042485090001620705000
000659800076408030500031692607200501812000000059083726064800950785046003090370400
400036002729050600300092741046015090250040038100207504900468005082900410604001870
500320940079810060206070850002130085053008120810052009094003500705480390300097610
341876025000000073807302010408005307006910208209703004982637040100500602500008039
070413068810070050000805130067158903340900586900040020480701695090580002730060010
050100080000859400049726103004081370781305009032097010400502730100403608006908042
010609785600000019005371462740560021050800900823904006200706094561090037097030000
034062501006803002082594607258601740309408006060050308003100074000386020020047003
426830170070460050100200804002014000957020410010509726001058900708106032540900081
243910008080500009150030024478023956000095847605704000960058002800001405012070680
704030019002000640000405703213706000648510000975280061820300106567002830430067090
104002700200007540750463082400705800003024956591030200007340600600080310312076098
032740106060000032004236057980051070000968004500370900650004001429613785300507040
148007300930800507057030498724105903503084026001002050000000600075610040206479805
040730002620091537100250900702043106503819204401602300304920000000080091059100023
908700003300201864064350010750103600100005708803076109030809006490012085602007401
500671093630050007910020608080932461063000809490068000000005016329046705056087020
410502096830040500900170084620001048079458630300060050560807103280015470700004800
310067004607015038800090170908002605001906082240058090023680501009001300160074820
350607240410020609200890010006580304504006000180940756600102897920068030803050100
239067005140090627068010934300970802000206500080003769850600471420850306000004050
097431206062709000400008095050017060100902040300000102045173908730290051021840607
000080134000004009160092800900503782852409613070218940510036008038001500720840001
593210006128703950064090132406000703907008401231009000619000240300900010075040069
900800015056093007107504360309600708008375946705080000673901200004708690090040570
010094830079082061408060009701040386830021000006370042047800013980216574060400000
004970201007608309960320087458000603020403070093800040009030816301506702602700530
073100080040008190012059370785201000091704250024600900258000030407010829030820645
427500800053800942000243010346185029005004108080030400810702005032400600700301284
900352001005810732002006050894035100206107340000084590108003074403900005029740013
700024001690080400402019683325900700048057369000130200539802040006490830800005902
003040762700230010428600500000560200245700936816090450604020100501087020072106340
823579000059401720700620500076102008200008007130790452080000200007214835540037010
020005800801002040540781236914056703000009061056023008005200684490360102260014000
574093168010064520802000000041608030000340000930502704680400290020986403493007056
007038050105009360039510008004600100010007039092143576043780200720904613000002847
807509004960038072305206090208100700704680013000320908150963407680002030400850600
610240890403007001080905603900030085040659030352400910060300108104580279520701000
008601370046593081103800695397008460014076000560039000080000123200300956000910840
914538060030014900075926430400070390029400600751300000100203040540897126008640000
079430061104028307326170500040817002012500009008002070280004900007381020035096708
901504876005096310730008000190600700068471025070300160259107630010065007080003540
926780305000096072038010400409030021080901003603057908870020030004870059092460180
000300700053000014247980650105074030700529000900136870402693581586410000390250000
600890000094600158072503409010482097067900000908006235720008501000249086486050020
200900750046872031790300800860010005410603098300087016025790000004538629903000047
001730000306000971074050800700610200528300164163284500010003750407520306635000082
400359007083007140920008600600004930894605001070000486030092564046003098750406012
034689002126300708000070030040003080380706050017854326061408070400030061203160840
427500800053800942000243010346185029005004108080030400810702005032400600700301284
000918000842006719016007380009284571270005003150300020085090106690001200700653804
657932148009000000010570093560349217700800030304020500206010050040790860085063071
005130689290800405006000002052403000084270000160985240029050178001620300038791026
148007300230600805065080149681409507903072016002005080000000700096710050807594601
306001008915827630804093210000380579007900302290005400439078056058006003000039800
860410709000708030472003105215060890900257301030080200590802010000500048648031502
200063070049502603703400250004635801032001006608007034000754382085006000427300065
160920530350801709000375600075482301408050200002000085093540172040018000501039006
060502190238019006100030840001060430540108607026043010680320500002004060304906281
746390080035700910000540630004107009071003028590460370083209706067805042100600090
758621000600703180003480027830500079020809360006000852067138294300207506000050008
064923008300600092709500306503000200010349060607850913400236870008000035936705020
513700000000600759906524031001000500059867103620051984162075090090100260380290000
953600470000734900072005103004000219690420080801379005510200004300048521049107800
006482005000310800580970302750800600600057400248100070900728034004691250020543980
710504830040030760085702001058970024090800610670210008007409183001600240429081000
006920004980405017140003906803610540070804001401009078000508102217000080098142760
360270940790604010002090630980013062617802403000009001429301006100046300500900184
500070023207809050803150097309408215104090008008503040000980070780305900915700384
210703840308564021064008500182345000030870250040906310800000760020007090706152080
705000218801650097002781000573060080008205670020810053250079061080040920106508030
096403500000200009514790823002000094789104206040629300007001002800072400923508761
007980620609000847308467000001070050860510309730029480100705062204096030590002710
982017504036800020000029803640250390305080400100070206004562109003094082069030705
162900403000046810904013200070184025200050600851020074016400708098065032300801040
482067053916053000030040000600324517207516830050080026529000300160005070800032960
462078950001254080800000340010065739903001000087902015038029000006500804540607123
370400120050060349600020000430079600005004890020185470284506037167390580003000261
300980672580400190760203000053702006047100530100058407900634200025800309608020701
004008500260035704085017602730001000059870126002094370098146207040302001023000460
026103700730984050084270000070630000600810435153090006000060327300709084217048069
590000000040937125710052890054806010908010460600309580167580049420600300000024601
240000100700392406530601078004050002305260901108904605010800500652430019090016320
000007029127000308809002714570498032300625497400100680700086940004709800008001206
047821050501490260982603010270308049000709300019502870708005000000984037403070080
009300046200941080054008210520030090743090008918500003400683050835009401092405037
501089670009601580086070002607820051020007040150930027000002730312098460740360010
215700940730400005000591320060070201002910803851023400006340502094006710507089004
050086024096427305840000009003008650568190400004065908079050030600239047035800096
640300712520678030937002060063040080189063074450107390300000000800930627090001803
084609175502048030006070800030200408029750016065013007207480500640530091100060280
703490218860050000040027560010082036396010050200035109124000690670509321000261000
900204360074050001023180470430825607062940580500000004006000040349610052007492830
091538004825007093000900850070050210952871340006003500403715082207009400500300107
974801025068000017000475080035610004090750830047002096050008060486920053010530048
800061025061200849040039000083900001706014008900786402638007954079043200200608070
806102000147500089503807460039050008071084502408023006705318000300069870080470003
760000800140830020020579416007360049290000300306498052078005601030610080650903270
820346059706005408005900006209051080000620504543700610054862001608097203900000065
007358090900000045001904780016400529030005807580270403890500074000862931060749008
160300070070600258420597600254080000700004805010235947097810504002403006041050702
012003040000612038683004700964100000028570409051200683079461350030007060146300090
401930500375108400000004163640000000258410937000853240500601700900007051714305690
054921300090374002002800019007408003518000947400007285305709008286503090070680030
008026910709001320201908500010200063050607080673804209090002035105403670026780004
500081060680057403703009105030170900809043700075006834340095002917030040000804379
054921300090374002002800019007408003518000947400007285305709008286503090070680030
050010349740030802009280075561023007080150020407000501075891260004002153612000008
840050020600304098013280650257041009408096512000030080390400070504028906080073240
069000004003592860510047920054000200937254010000730495481320700000400100690108342
960081325283004600050063940812000500046198702070420000425370800008006209007012400
003519067905026034060803905086000000002601040059000601734090156508167490091400700
138405706902301004000090021241860975600200008007904002020106087014080203580730010
398000070006090450750268190401000082080174000075030014040387621820410530000920840
427500800053800942000243010346185029005004108080030400810702005032400600700301284
400005390320400007907260400805002674012846053609350120083000745200030019004080036
700030108086079050403068072907801025160052893005006000008400507300015080541680209
000936150591000600380501940000068429964020800708410030615290080800604091009100760
002100000090562107160748309009601704001070830476080012913050048658019200040830000
720098050069200010080105792102309476403006009090710005610903508005872300208000940
090560042370810590045002300204609130010040085507108020006080270029306804750401003
017342059000000837900680010378206041620800073145903200700060000084730005536020098
200080517004190003031206890762040085045600070983051426009800700320904600018060900
601092030403105902002004510716903040004057103020008709060209350030071080547030201
900084036563029804400050090096008703800075009057901420039400205605890300200530960
532180074004005031800730600687312495010070008005600300258060000040053726070420089
906501023007240985850300000091728364364010002000004500703002006620457138005800007
081630502200005108009100607000206050526940070407053200008517006070069380045328710
001025078000678400070001265207063500140500006000794300830019647700306050624807039
904570628201048397006003005500100070007065000109430086093016800600954731000300964
059830460748590001000040590500068003823000610070913820000300150015704080982650370
781090342304801076269743850605900483000002600900356200830070069000000004400039028
004805000820007409056430812391050287400010095600972000108500703000041960269703500
930067485007030020580401300006020038058973200203050907005780602020340001674500890
913080020820034600746920085000000208031208750280507000409152800100073964308000502
050300012780014000063000870674090283890003700005700941046000198900800506210569437
205039608904170352007020000040701086650082003709003501100065290028007160096204030
081060003369070100400813006040056201610080470507001698700630509190420067000190340
140050680680124035002008004790280500800405790064700308010570400036040857075063010
904701200720009345060504900810206700500010602670058093207040510430170020090602037
800270640106409780402100090003006000085317904704090563307601059920705400060030017
923000050750300840086157032048592700695014200000036090000470605004285079070063010
057004201800100000021596784480067125060021000203050960070605800040203079538700012
650090870043780000070360124000047308184000765067158000900804007720016439035009600
005780410097100500810094260620000001530401086700659320048206190000300802152940070
005610820120030790360089010006075040849060037001043068570090000980401602600028359
286501074070020500500306908095280007037400209020709103000100092803950701912640800
730010500204006710900375064820950430405008027300240050692703040003100609040560370
100934527305002000094600301700103050810509002046700139030006970950371006680090210
546008073070000004932467850605941730300600085207503106408200367003800409000700500
072901405060400007904608102005000026180295074043086001600520700028300049410860250
700562000245091007631800052097203064503406010064900235310709526402005100000000400
201039076000600825000782031320060147040005389000100652000490013400057068050821790
800000050107500489000002060560279843079038025080000070050020790004985236092347518
268134709000690284504080163906000402003028005000900831050010320812000907030072018
004007103020590400578401960010080045607103289095740000700014806086905010401200097
005907800309100560048360071500204689480509007920070003050491026704003105190700040
102000300035270608800346501086010200300069085504802069009053800750020903603980450
039400020740908000060725040000640275074203091900010364406372089083100607090006402
901763058600048010308900400010004890003529670560007002807450100206800034150002786
809601200000073085507809360206734500000016020013580400064090000902468107308125040
800070052601209870000050931706842593005006128900310460080007005067421089290000010
900587020073200000002601800786129345020700061019356070604970180150000039007003604
074100502095062314600054000013426850208500036009030001430010007007040095950678140
062800000035007692007296308290300705300024081170085006000402160741008520023510004
060800000130007005480020790503070189790183200812549637651000008928710003370000010
605098001000000309904003068043089012210407850856020007587904036001030900392000184
000080396580023007316704008008005000020107865651802730402006081065210473003078000
004038090010964007029050430456092013793010200001340970140579306005600740967000000
070280001005703082206541073043008210000302048000057396691004507830070060400126009
406000732000827050257406010700004861310060000068712340845601200002500006600209185
048709051030014902160300007800571093310600425056400000602153004080040216470200030
960700501040000608120035040836029105574360890210008463090800000602957000301040087
210780035009500040053204601900301008645827190008000407081970300590038074007400809
031097000920035471500060803402516907309070058007900100068350709003600512105720000
060807210041300070028604905200701069814903050600002301082070600056098027007230508
800751234231004008007320600103000400652000083408200107004536712305070009000819340
005402830923610500040005620204180963096043070070009004080054002030921086412000390
106908023530400971200531004023000108000814007780090045812643009070100380300007406
017000439304906018892140005200000506508364020960528040400850000035602004180030702
871420356094000001605071000006258009082004063400037800967810430003002090248003507
080009053500306247060500918002803009010005324609124000370250490100400030945031702
091080054600351800503900017060709102930012060410060903150203786020100400740506030
750032600096800123130694070600780030879063002045900068903570006080046901000009087
002913075103005006807004309040300600306001520201568904719006000004057193008109062
030570080080241530524000067245300896003600075700854000400105020102460758350002600
270480165048600300060032400407201050950043706030005014806704239004020070720390001
080050010690812357305900008076509130930071084800004700520008600009026870708190023
503001040214500068790000102006035204000482076402090003327954000900300720685207039
460050183850301000007680504600204300000900648304068712900020060748030095026807031
046000870001860524008742000410203065002590307503674200100406738670108090380000006
607230500045060920090405610004910072706308040930002806079503201002090405103620700
204053080070081203093040015650020039902500870040398500465170028007205096009060050
700090031010052467500004892480010270000240000172006049200430718801705923300800054
042009857081652903009007000503904700000073104274100530430005671107068305060031000
932006004160980230000023906050049017600305800219008053301562700085090062400800091
005014206013700040204690750108000020700341605046082097020038509031409072860050003
009820730302019800104060029015082060760900250003075098046008970500097600807406302
657400180108050702320107450430006900802000600000320540504018307200703095780065204
960040321810052090200310060390580270540096083080200009036170002020405708750020014
086009253035168970904050610010970342720401560450000700867300100001800437040007000
543700020780230495000014003000090010052408709639072508005000960097650001068941350
106805072243960005000010039062000000900620547057189026508071004039040050010096283
860050901902036400400078602503009200040715306086003190378600520104500000000384719
