800751234731006005005380700104000600596000047203400809002573198307090006000624570
600800070083401259490720060800190020027540006530002417075316800208050701004070605
253070600019040372000328500060017820790002410180504060001086039900050184438701000
357190064260804950000006700470008596008059000506043081005067109632900405700420600
000020500309065402125034690001608704706042080834071020003000000560207349970400861
080132796093000400002009803250004107401725380079061045047608030000900504035040610
031600520800053700750104830018009203023410970070035010060091307107340690305070002
200004061001390005896510047004053026065100070028460093680200450509608032400075010
070003000956408302308105900619547238035801640004600005002014063100286000860309000
974801025068000017000475080035610004090750830047002096050008060486920053010530048
384056091000203600002009053070005000218000975090072400607098312801360049030421067
002571843087004000340060072058003290000205600723046150034652709000030405275400010
430002908810096452906850371048060020000128034302070089254009713000207040000500090
200483010481650900050021007708146009090072034100005060005009640014060002367214805
000006920809257036200004580621900340740030100090418062186000200452700809930021004
600040190950001400012769058081000260000316780396208040049030620105092800200085910
980517006401200079200090830009023000720009015630105928846002090000780053305061082
857000040132804975690007800503000184000000060061503729086025007240609310719040200
040300000870069034000754801308005142000810906700940083614297050239506400087000620
258901007640305000139700060001039854490178000060000079580216003300507406076040015
950076834600403900408005020109024370700631209083000100804060593596048010000709060
108060700026094580090703062457000010001476200060850347605930021003042075209007006
005030482802574003903200010304100800250708139100302060600005270080027340427810006
053706481018000500400158700507602903100573860046000200634890072005304690800060040
043000156106040907290106400500430091010560748904701532020005300030090060480600279
876530001000090083043610207080040900319206870060780305037024568500301000604800102
200800517458009000106002000000291800920003760800657309612375084500026073390100650
386419050090000081050803906078004000023087069100902875007351208230098610019000007
014035080800042713607900050963074020000298007082000149009006270020057890578029060
050200041218040000743001265486910507000720904907000106805002010062150478100070650
004007002900534786607908000540800209000406157090050003105269304060081000270345618
000906700705300090300057816637812904090500067401609000206130500003090021910265370
020000054358469007400028390610074500080052063042080170234690080807203005000040932
768005210003008470040267005004900720607801004092073061200580003030700852985630040
001025078000678400070001265207063500140500006000794300830019647700306050624807039
170004020006590013098170064653200049007459380900300050740005600002703400031906872
000200008318007042472019030907062010603981520000073809206048000034796201701300006
210049060508600090900510020000405372302097500670000008091030250756280109423051607
001200760306081400270450103034972618060005320108060000013028500002040031045130270
900058401400900802518602003095003140030490508604105300007061209309784015106000004
700645108509010037006039540310080056690057081258061309073000865800090700020006003
800200107905867000007034590052001009491002836083046200170490000020713084040028710
140800526920051007000607049352769008091048000004305002010032080208500301439006075
020008157400007298798002034810703046065420009970000012247000800100200973509070401
080300167043079005200010930501024003006153709009780502098460251050201078010500090
700090031030071249100003687480050310000430000359002076800120754502704963900300028
890017305314260780000300400089706030250030648001840500043108020020500804908620053
406000501205631009079504060000068030003005247051200896607452903000079604504080702
600380241270019080140200090907031420502700038030902600700608304095170860406500100
700100080492380061183546902630059047279008000500673290841060009357000800020030000
900058401400900802518602003095003140030490508604105300007061209309784015106000004
006001007098052163150640008970060001281379645000010070040038712705120080810400030
017030580090470062203685700420017050150000420738500906070100600501346000302708045
078201300063008017914306080730509042090063758480710600020100006300097004047800031
103700006087260149009140800054801327090000004021634080036450791900008460072906000
038701002541362870760080001005008046024600090006100350457200000089470610610895700
625740003104036205000008640951200738002309050007180020000400587509803000248057309
020040086645709000010063475704028051062304090008006024006430510050610049471005003
609000070002040139400071006081020307790150600060793508907315064008067021046000753
040059018009020070087100003030504001700692830620381009076930142090017500250400397
107003495080540320304012000830150600900000583470368900006030047008076009743091056
005130689190400307006000004069508000012960000850341960023090751004610200081273096
000900614079560000426130759230400800005017020600280005300050206764321008090846130
600005827080320004245760900700480069401009378039017000590130700008002416024076500
000430860342000010610925740000390270206000408879642005703584020020700384904010050
300090054480302160061048003006210340010407000743060291620750918507006400030904500
054130007000040320000607415705408060001263079903001040090320680000906054416875902
900680402612490800300050019061200083030108765807036000706010328500027100028309004
080009017900501230142063050650002040208005760400396502721630495000007006069210070
508470026902650041004009008003062095790084002046005083867143050059000604000590830
040500790510837264008006350300780040090160872820904030050378009000000087086249503
000530000398026451705800063480005017017680000030072846050407100860203570073050024
025019060900000051701500092618950020502001038397020010173205049069040180804000203
070490028014800050080006390007560081560100270008309645802604507640057839053000060
160002800950407010020065930509031026400906583030000790306850209090670154740010008
528000403400203051010605782100300000075900004006574800302107008789462100651830200
050063048381070500600180309874630000030590280005800736503408697490010000060709410
100420060200080007350061480601590870502700000479810520903004050710208693805039040
000508409509147600427000501300001860790065040806270905070304056104950030205080094
020410060814039507600000413003000004467192805050043690031528006700304159000070082
900006003680003700370840009007082530816530000023000004165390247048261305230407100
068090405000020089090864702042970568609008027870000194006030001407180906081009203
906000850150860000708345010601003700003006241500401683060030008310928007087610539
785004030403657280000008450507806010902470560100500720870342005029085143300000002
986057000127009306035160000008400231061538000300201005809605003542003607600004592
039400020740908000060725040000640275074203091900010364406372089083100607090006402
470058026105063089030400500510970604600001852203506000002810960064205010980007205
038005904502978130006003050280007605057860003600052780020030060375080401001549072
904000061060403700305076894250000407017200930008730506040800070780010649139040285
469058200200300905005402016800004001346209758002086003921875060070901502080000109
490100000031208009005600000180460935349512870506003041950004062014906387000701500
605408700839002600024095803400950076597260000002001950208000109100020038943816007
001706489060049030200381000308005004650438907074690350013064570000913000400250190
450068300380019542900050700100080630600043020243170058004890260012607405069400003
520874600706903120300000750059042031078006540010098007145200370002400010060135082
048296005907080120005300908409062300302108600001003572090800260210430007580607409
859400200061900450000685910508700092602340075007059060130000609074196503006032700
005107900184200305769085000207916843498000010600028097030600702006002000970530684
026100530003006090019483260760820350200007016390605700950730648600948000140000970
589016000630020000002500000064035009320791605195680273840157930000000487903042100
036501020589000017024030508200098450358246701407003600600800070072360105910000830
002600100800302079197480063000941650904200031521700080030507810015036490608100005
480003715005870290023501000078006042200030061061452008030000107052187630047065009
003700210960104008410802039005008973301906500820503100730020800000307060194680327
708934105390100020006200903803702040067305091400006072630009018570400030900623750
020098500896752431070030002000921000700064089039087624000249308280015047000000215
012798603000060015468005002200080301740159000850003974000800009604031507129506430
800020096020749108194080200980402001705190304200300870058900012602005940300264080
200096500057218643000030207012300069070064082046020750480572930003940805000680100
401000059009008243238049071687352910300900020000600008026803095053426100800095060
006020000024836795090014862007040020931600508482003106760400209548069300200350000
093002010152309046000510023860253091501007802004100007608091030000430109319800670
130405002850032716920010040000050024742080951503009087400800230260004078370020409
614072309800000425925843010009007063000009004700100052530001008190720530407085291
675004000900001005000895706000137460381050900000002513259748031806013097713200050
050073000300980461189006057600800512530019706021067000900302605063708009045001803
160970082008001030470058016834529761006040005009600800005406100687035200300002658
000758062070023950508609430012074000036005004407900301240801009709540010163090805
900308006028000351036452009250006018800105600610039502500280004360904085704001203
000301600060429375039870014007102006825700930916580427481005062003200090000010500
502037406709865231610000700056074082137608900420501603005000309000900507001056800
003010089050934160917020004639058710701200400504000003002000645095040301146075920
300910420159082706420635908578260109600000500940700860290000001700129380010000207
530047608100300027690021005065094080900008056710035402056183200800400001021009864
049005016060170950085960070907300080034590720001207409400750003216400007070609842
200000160710350024946180350000810090105007086007005413380579042620408001070020039
030540000784196035002000146600050700257860914300204008060005497403600000905487301
015003700607058031300000405506091800032086109001072056059004602104025903083610007
300009450680700203029506000130097080900158732078000140000940318293001560801360007
010740009902000007758910304005094170007103605160850403590080736003500901070409082
020360000800214000016809407158900740902706080640185930081492653203071000000008001
005012704406003200210075003890264300607150408002738009120807040900000871700501902
000408063400360001630072000060890250795020804382705196020510379041930000900080015
600040380128900674300618000201060500064370802900501706850402137730150400002080060
302000604000430000854692371410006537070014086680950000006170003148063029900200160
085040102049800356006532000574068230000290704092300060027083600900006043630450027
602189537908003200073004908496308000000452690051060040009005070704091352025006100
600080002080250106294670035407008093108930407002760010806010009500047301071096280
017490230085360174023100896500014067160973028070000000000249600090006002246001089
920100006040080290301629540813200470007304005600097012069530180785001003000078054
803002970470169800500080410054900168180500203006200000398604520600801047740020609
000150406547300000012084539480010700000038240230000001063820050829543610004076382
090008000486179000275630180560013007130980524040750000604205038050361040900840600
580402106004586073300097058001365027973200564265000801400070300010023000730900600
007309508028705300350020607204950086005031040091008053840590000902400865070082039
920605107007901640610007090243760000090200376100350920002480510069100400480093760
052000060048091025006572408001009003037210004860450172900307006084905731073100800
594001230100479680007002010218790000000200371073605802780050423600040000340927160
001036002080527910472000503049603058108074006030050091914085627300700080007109300
062143980050800000830005124040980006001650048687300590970006810408519700010200409
009068500016004093032005000065792084900801307070006250457029008283040010000583742
200750090908206004013840267006004013059080026102690085300060100821470630600108002
041069002693000014000014968067938040038040076005106300210403000350680001784090053
068004150005091730013870002072008013001937205089500070056000300230150807100283504
008050091023480576590076000081030964050697800309800700007500009006728140845010620
700000128418970560503618904306701482802060009094820050007540801000000730080000246
280600037704139068001000009005010786100508004038070521090701840812400900540802610
130007002800230007672004953060300204900450000410908070350109706096542310080703049
064000705001400089987600043050043070006900320302070458809761500670584190400092800
219050306500130200873462500098300054004006972600594030030981760001670003060003009
050698400080007530764030180947021305500043718800700000000079254472006003305204070
800079001479305008600400579020100867068540100091860200280031040000200015147056380
010500402053629180680001009095304600308060500006057943000003790879100006034796015
400000095280950036950746080100305069706089500095100840602804350500023970039010600
423800759000200300100900026004093217300108504002547900800050100290310470701482095
841052006605090800090687140408260079069010004003074010120048960080000527500729080
078001239520008047903072008365020070004010306700500400000030825136085094850947100
130902004050003002049018357428500070003107290700026035000081049984360021012004500
700014003040070051612350904100400632800605400436701009578002306000500740094867005
130409028240860090700050430980040760527618049000007050874502010050086904600700205
704003069280905107900076050049610008020090006560408921403261005802004093070300204
001840750050367921000015806509071380003000072000402195012000007005794208784000539
574093168080041350203000000067402080000910000940306705890600230030529806426008079
058000040009760081102843096814630905200470803700050002007026054020090730341580009
380945207009003154740010000400056890807000005510498703000580070073024589958300010
008730090065012374310049026001304059239065007050027000000200908103050702780690503
091850200830714050740690018100000406000068123086031705960270830300000504508006902
870301060900700001401902783300610204140009800086407910519076002720050698000290050
640201305028030619010609000074310500300090104102450906200000000037165892095023061
006035200019086057380090401500820643401009800820054010672908504058200070000067980
834751009100206003002834050008400900040379580359160000063900010580603002901507068
070001032009470806264350009942003061050009300006514207083025670605100903090830005
500304970649107000000005100784032600001946027290018450020000794478009361900000285
092005407308406092040390100085010620039067010060803904023040759900530006850709001
200800517746001000105009000000182700610005930500396102467523091800047053950600270
009302106015790032000501987006030570050010040004850009021480765460170208578006300
729306108608950004010000609000200800196830020052400710065183900001504362473002500
089000102520361000004980375140509780052030019800016004238607900000048037405100820
150083279702900360000700584375200046008000190960400700413809007800007405520104038
218300509697502100304918602000634710000081024070009360000007830036020000849163050
736915402090200600008070350903840005050007018807590204609750100501300046300104097
594100600261050749007000000019400508000087100408501060046010392073249806005836470
037006108020370009950204073703820406040001300260903705002107964019050000370680250
090042803041370050000010040615290370028000690000806420060703500003489162982501034
506008703008325046301006800097003061083107020100069078832600509000031280705902600
017009520200000738000230009483051000705300901060072005600728193009506402172093056
500017398704053000108060074319046007460028051000001063985270106000639080073000049
008730090065012374310049026001304059239065007050027000000200908103050702780690503
005040197810720036704091200080109074450837029907000051503000002000572960672010500
675004000100005004000761305000183950961050400000009217517938042209016073386400090
005008920410020036900007040092006150051283460340091070584000612209610085063000094
200000890094600301805001002950076028402019000187300900370560289049087010620193005
782016340000080692509004080825700436100602078006050901230060000048300710051408063
739080014008610030060470809023090040080027160071304082800740306397006420006908500
200080517007590003054701960841070096025900070973064852002300400510602700039010600
695100087000806190081290006013900502907041300050720910034670029200010605069480030
000000897285090064497080003304009058728503941051870036000050000500030612002046385
001072560000040001060350000010520970097068423080039615356200804079083256802000107
200630409503020081164895023609084000010500300020000060056019847941050030802046015
700521008038407195501000200104902080003005720027603901670090012009206003310708609
039024057600703240047800009070239815025000700103067400500072000790000023310958674
000400530053060800478500062305090426962050708704008095600070250027135000509240180
037041059060007020901850034090070400750600103340198502619300207480702060000409308
027806501050209060096005207765000480002340609040658700010504006600701905574900120
096780201742631980008004670004070358825403090000590004407002009060850037530040800
704583210008619000950047006409320000380106497016070000000761902097432600623000001
251709300400020057070035120040007206802651470607040800024003009009268041108070032
080300167043079005200010930501024003006153709009780502098460251050201078010500090
200000890039200105804006002490073021308051000167900500670520419082019070940367008
320000407509040860146090003035428109010000628080000305807630512403910086001005034
030609284600030570829704000096007803048060790200985001360208040457103608000006017
095682004007045890010903256020510408501420009080000021802736900156204087003000040
000540320003908017120070950208700030417003589000489071750104802300800060982000143
609805200000297005250436000007083006125060730000500401500740302031620954480350610
063020800095740260720036100057008419638409002040207038409603001070002384310000900
097065000000240715025010680004120976078604030910573802080000407009452068001780200
530172869078003012206840500160300280380400701402008030009007108720001900800904027
003076184100040000864105907708251060309600702500700840002067405401590000670010293
010972608748610005296800370030024009000300060920700500007208106000530824382061907
130750408760401235054000000807140093006000104301080020402908356905034702000015840
000425700940601000002000300205004167760210538831056090010560083006800951508193004
040900800510380472206017030038070050002503184054190700965021040003040017400830096
089003000020504198041609270135806947008300600090740300002460701817030406060150009
040300080000026009027504003470813200200675308803040057714238965580060701009000820
200300614501070000368010000086900103425100860013000547602783490030091270190620080
005002030807500120620738409000920700964075200502040693046209018200603070103007902
014080902900261400080304071030002010269148300075009280000970020820415703093026100
720104830310892706080000005852907064670038020000600087007043100298001403040509602
730006002540000009690040783850670231900130560306000974105490007289001046003802100
023946501006001840045278600687400010200000309530082400060850104371600050058019020
401080030002051486508039100246870000000020064703610825000060948680507003324098007
004298060680030902901567483008610305015003620003000008540386217830100506000900004
890100200504370869003096001078510900065000100030629785100730624347200508002048000
004000100892431560070580039056018973700340001018700200083160700007023015160070302
570001360206430780003270090020569030050300079639007105900020010381790056002150903
006030401700001006045206300900078132321500060670002049080054090463027015019803204
097065000000470915025090680004350196031904050580716402010000503002631049003580200
004003700305710640702605103001090376030057400479130500640082001013460857050070200
001908004400031085872005903748302001000506479690040020007204006056800102024609037
038470560020090074076028009765240108300180906100060400017954680604002790003700040
000504800493068205700000634016807003000006900534921060040083057158470090067105082
000970860000560140086102537007080390309005000865304070090401600641850020538629010
590047080200089700076010429000001235412530607903720000720800004040970563069104800
006241053200080091135060020960037502723050809000026010372495186009008200008010004
090300680100209307340578091080650124461900038005401970070030452623800700004000003
060502190238019006100030840001060430540108607026043010680320500002004060304906281
046937251029006000703250000060470510094001703070690824031720040050300192402060005
905002630708003510010975400501430000002058390370100845007064208854207160200001900
906004208813072004027600103038007040705200609600140837080053006070406001004891720
800904006017050280640201950090507860085602790706009030060420100031060520270190043
015080072009245300800317059000170506976503801050090720694851007000009000530760904
167020340504079001203106000700560820040281507852794610071652900000400100008910000
107400023850092001400073950608507100024001870001804530215740069009206410700010005
000514000001760003769082045005090274900243000046157038090005400624030500087021369
190027830800100502204508010608002070002871050301050428080214065020005901516009040
619000470302500090745196802078430200000200000293860754036004518000050907407018006
690080001703241086800060407000032508038070062526810003080050010071308620305024079
420390078010600003093025104009500400275164039001030052080016900102400380057203640
003100400010496730476300029600200000307804206082609543804001970001780050720043601
709435000306190057500000349007954683890020500065381702008507920054010000070869000
010306005040780096863050041207100584050824079604500000120400908976018450000095200
530807629000601007670053184023700458050980000700030000067028945092405061040109300
060003840590064302023075060070010200304297610602008907100030026035042781206081000
063090100918006307000010695150300200020081004607500930096102453005640719071930020
040670015207900004590340802900006057070520080152790603820407030005200098430850026
103208500900576200750009046000985600625317080039624000074890360580000490090052008
071204500004010609603089120400090357107850402506402000005007240340520010702108930
070210863650790100810030007900460508060053400140987020096800200301509084580326000
978010200060908007001076893409200700002039410607180520000690351590801072126300000
601048720700200040230069850072031068403802000080050432906503000020170396307006580
208093400010050900307420685803940510900506837560007000130000709405170360700365008
930600547080704090460509001004057008358900204600042035849070650006498703003200080
876530019300901687090060000908204061260050094007610002050483006603020040480006375
040801207090530681001702000057240003024356870300179500500000710000005308210687954
051609302030200001908130760800400509095307048047095600314920850070080910080041200
080134620924050300030009854850400902710890400460000087340901200276003008105086700
905213678601004039200060401007006004528040006000051827002007040734095102000082763
831947050020805001700620900060000807590186402010372690150000328084000170970018004
900060320100279654276405000640003002700042061010690005500301249001004070098706513
692500000805300006374600050507128600908070020001906700103249507240005981759800300
004500060920006730076382590013740089500060002708021340002638900037100400690004853
005034089690085000082006357500801290910050000067340815046908072820060043009023008
265000807300405200004672510002546001640030750089020064100050020026807430403209078
040100257079530610061280000136000070005063102400751960954020701003009006600315089
053810090780040051001063480907382514008600023024050000679408135005900070800075006
026007910089030546451008003092003087638790105140200000210859764974000800000001300
405082003600007915071095008043008697702003500500714080800056209007001000256809134
010008205000500418508001097800154003000309004094827006900206370630915840240783009
702006400930400020004823179309062004406780930050900016008340500003005891695208300
890740150701020486060130000019083742207509600006004900903007021028300074100852009
750901306001000500908357210094500107007608905510094003143860092280400630000120050
701908000028750901054206307517824609000600100069000004170409560800061700096070418
213400000700802000000935271001060007037120069026093810100359008300647152065280090
007460013036097080908050640040600008390805461065904700180020309003080074079341800
004070810060190320123006705980524073400630108035000900049307501700850009308001260
900070503004905806365402100702500608600340950503806004417208305200090087800704200
070100002012397450089020103120540097900602001705900024460009005893205746000064080
800061025061200849040039000083900001706014008900786402638007954079043200200608070
100857290005000000983640175600000504008925600352406087007001309506308002209504810
010000703250890014067400290728009051006005409490300806001070060000032048582964137
708006502001238490020900106630700025050080014807040903005860271076020340180304050
000486200783019000002500008040605100197300052536901407670804020319002064804100705
010009500049605013802031690024006078130058240006702300070064009390087460460090082
500094861091083000408006930060872509049001700850400023706030092910628357020040000
204089030650000470030647059007160325068300900120095600786401092040002801002850003
003245087200000065754908100130094206000000004842536091300400010405100002970623548
030010042400060037100437000803759014792146500040020700204301056075604301000092078
671300950040605300002017804010453620200100570965070400007509243490700000023801096
106950008054006903002470650618730294003204506205000130409567000300000705067320040
401800070560024038800107690000309206130040957942076000009702460214630700070001320
500320940079810060206070850002130085053008120810052009094003500705480390300097610
812500300305800940000631028004713602603000010201086430096150200020004050530067194
029473500605000700080590132004609005902700683063052001540007000070065314306204807
532701069600390578070050000800520716205000000740869305006035900300040601459607203
000092071860013402172504008020670509600089000700030164947000006083006007210947835
430002908810096452906850371048060020000128034302070089254009713000207040000500090
000018026498600013026073004812704500034160207000009301043080005071596438080040600
005832000062051800800004203090000082520049176136270549054027938000096010700400605
014597386037002410009031000046129500000040172108000604095078060362014057800060040
017005009000961070459003861070106908380200700190078402902657083568300007000090640
038002406590600020020531078700305210080010060315206780403807190050009007870150042
096403500000200009514790823002000094789104206040629300007001002800072400923508761
003910007401030596690054100030060020140207903205309701710600205869005304000478600
000602390853070600609450071368200704501708903000041008130900006090034157780506009
600040300039600001017080604390001700850407030700328090060239000570814962920056413
061570040080040016074018025490031500052790601100800204010423870743900160008100050
000025070325070080106809235200680097769010800040207106007002913910708060530901040
619000470302400090847956201021630700000100000463790812035009186000060503206013007
015490270987300140000170800509780010041600587020510030800007900472900300006835724
649780105000060083083102004005901372371006040020530800208600057097058600050074098
758621000600703180003480027830500079020809360006000852067138294300207506000050008
240005700089030042751490860000204306462903180090001070035706000126508007804020051
504601902020400001610509308495030806080290050300850710906002180000060204243718090
681004090230000840000002000090423170147590260025067980903756000462839000078041600
532180074004005031800730600687312495010070008005600300258060000040053726070420089
604850072700230100102040360500023086460080205083760009340600020820074691006510003
037006041425931078000204000690543800004789310070000090000367082080095700703128950
000309006568100400037840521095420018800500940204690007080005004400700203621934085
260005104009206807045013006480057902026090700900608043002409008890002310607580420
900608520601042807002090160040006008800034700306071400703400605009085270258067349
301064090240795160067000000079300001000009700413580006100973654795640310004051270
120780500598060020400100090864093100200847306375210980901078230600005407700020009
168425900400000620700306041040900500851072093009804706084103200006009154910507060
043109080798602403000008790087061954009200007530907200906014005014520870002090041
860409517709001000500037206912706000007003102300014978070300600608905401290160053
050006002028051940000247005000904238103502600249083570800000109401009853092138060
430057690059402780100003005590000162060241000270065830006004907743580006005076308
014058020000642581258031600800075206076009850020004317000003070030187962900420100
600890705257001984040750000700045803804070012025180400182467300060500170003900240
000976000462800793980003061004139056320600109106008070740001600038504917600092030
900608070587012400020704080192873500304560098050209031405087600060020004208406300
053706000106005327007390601035964012062100700080200905308609504574001290000507008
103208500900576200750009046000985600625317080039624000074890360580000490090052008
490000150065781034010594206053070009080406300670039820800000003529000781730015490
029070630063801052400063700386945007270300804004720560500000108002180945100400076
100700080205094076076280054063002040400538607750006820600803001517009408300407560
670954301039010067010300002207030000104789036800006175080643529320500700940800010
043082050010540780200600094300214075150097608097800201921400060500160003036005410
700080902090057010080091670120509060003046020049028357430060080078304006961070534
000425700940601000002000300205004167760210538831056090010560083006800951508193004
051839040760001309003070052008640910005900003419503608802704590107005060040190830
014080902600413700080602013040006080968231500075008230000820090820379605039065800
200359670910762403063000002134096008092403105650018009079000200526130097001900000
800005071010807600472016058039258407080090010054060802008179030607040180301080740
701509028945002076238000940300078619820491753097003000000934000083006592009000007
004080307810740900607105802206400100080609073940510206720304590359870600000900031
921800047500700008478509160054030079700058610689000050097601020206075980015092000
030004829801700546254096301120608000968007130540003002005000007400360010080471953
080009053700308124050200987002503009090001235507692000140930870600800090978025306
560020000002705168701830042453001700079302085000057930905003010000610054614570093
000826035503104708098705014752900080800260457046587201607000000900018572005009000
048701052102046079900300100070284930205000400430605807800407516710500290024109000
068045230050030106304620070540000900906512087100904302800007620023481790075200800
120085007407090250090247031741002006506900023000008005010809570050724160070510382
508300462700250003340860009930046070460020530001073094073609005150000086600415320
003065170004019000000380295650900028091028650208576931009000510035892046060050009
090062004318574069246008705500020106007001000023609007472090030601200078839700602
050032907302069004960004320500420870723098046006010200007043610619200408400081700
003080040607931025081060703032010054160090302090327008209648530800100060076050480
000920705007510020600740309840207531035004090920605047003009004069071280104352070
054032090370009015800754006145027683798006500000518940980000050500083160400600072
806210930530090001791083045984037520070942010003500700000306850069800470050079003
006208401524900000000704260302080195100400872009105030201879000698001327057062010
030194057100050900594070016029400108071029035400701020062040001310802704008903560
786000015214000307935080460049560030002008000008407201007019054590674000403825170
061009250008205700072063098910520080803007602200608910000892004184076509029000036
560107308000806500012543706020710003009382047000000009293461070045208060106075032
650032890102690005003800201008754006047000982061028700076409500400206179210500040
040306000503020076120074395015908720402700109008402050804093261200040008360280007
000402700304710900671900324860200475012645030040800002280160540050320107037004006
521400000703512408864970000008050007450607081000108950086001534010804706007360012
020000957309270000056918034000704609604002100973860540035406090098000305007359408
704006900093405061002001034938010400051043208427500306200300149385094002100060500
007840100300700004610250879870400350265008040040009702036027508002685400581030207
004209070562007010007035280000006001640002098009178040300081467076504839400763052
100043970060780210487020006604010090003290160910506043208407001001902480740050029
098325100362070045507690283901040657200701839000903400000219508100400002020580000
908104360672093410000060900400037120700910043319200050260380570097400608001706004
251980040680001900000360200004590308819030004365814029978200056100608497000070030
600010900075480200398000470056000120080073604943162708410058069007946010500030807
603245007000070003740001002085729030006000200004063195851436029402010856960580001
048091060700860104901005230000012903509006002423950016007004000095078301034120785
602080405300607001704502086460070032807061549100490000041736958086054720500000000
050001630830746025960020001010870350370059200048002109197430562603090000000607093
086072405005138000001056030407205001009004007520317960674803109010509006002761040
800257009015006403209400087021045630300860200058030094197508340002091075006300900
000068790831070060067503280009407016304680050608005407003800020082056349046029070
059403700007002531103570008400700852508604390702058000000200070964307015075140083
045978031807210594100005002050309107010750009400100053081020040020504908034801026
003207450200086030649010702406020971708139064500070000300061295002003000865902017
038160009950070360040302705071200090800016007065980134329700058000029010504608902
560723190807459302090168005000294036935810274002305000009007001086041023000000080
500720600000005027208346005061003052800069001307518469050830090103007208682190500
187902035003015000200003716760090284800647000091020360524039678008250001006004020
150002097490735010070006052010360020024150709035200081000640005309027160567800043
029083000053090200078052394967200015000009400014065729090028647030546001800917000
300890064108306050790500801809257006600003028014060503407605302501039607060700100
380000240002184000710930658291500074000098162408210000103020089820049015900071020
601097304200300000780054192097805031136709045000003007962478013008000029500902008
457932608000051900690048003000809200000320870089005304020480135013596000548203700
090702503430900720010008406560009047070480060004367002609203084708601230320890005
964012735000700000120503460000070050740005081659148027080020009276051843090307200
103208500700613200280009063000426900427395010039781000078150690540000780010067004
682003409090205800300980107405098070020064098860007340008430910031600004906801035
053670028009080010802930604700596130506010009901007506390004061060358007280060403
600010900075480200398000470056000120080073604943162708410058069007946010500030807
200000000083060974910350206400021050050740160120605498700006009090510047631074825
600574300058103062097000045209408510806007020003206907100300270084720601730601050
500070400610845007078900651750600840043207900006504703104009306025460070900301504
702000035006453002053706490200079050670280043018600920000047260861092004420060380
425001800090320051030059207060010008904280516508064002709042603340890105006007020
706300900048705001201946000487602315000004802020003090074000150302108740519400283
860039402700004968240005103000900586007680201180050000970040020304200807012578394
903080127020790005570160080680329401009007356340010000400056710701000004850471209
060020078017605000840701356920007003050963040604200795080152907076039000095000832
650039080804005010020086549170054036400800050905307024048690075307048001009700460
030024075054103089107500004713040500060015300090360418670002801021059000340701906
050179004216050090070006581091500406040900070320764150100090805509040637067835000
098325100362070045507690283901040657200701839000903400000219508100400002020580000
600090018950708200018036094709403080501900047083107000876021400092845006145070000
605900748820673010900050300308021056050400037706508090580007000400205103207309584
705120039020049600406000200502600090000503720300200516649051072237060000851072963
500001037904003010103458260017006590045002080006745021450860073600007040730210608
006800420403027086805460010047050869060740002350602004584376000002004608600080347
640392005700005090150040362007651028481000057060480001015003006976520103000810570
040509016105360080086000200060043001203001008514896027008627050650030472700405860
890100200504370869003096001078510900065000100030629785100730624347200508002048000
004072905250018004910543700360850470001200830708030652623001500080706203000320100
601708320034050070050603180309587601100900250508010700000024017470065002215070460
510080630608430201040005807000000069062003175407000028830754902020390006195020743
016904030007102509900830006470008350008371964031040728094000605062085000100096082
003840620294500078005072400907610582801205060006007001009008356752364009008050007
003260005510009040904510736091000402047650389050942000000400020482103067105706804
000096372239005864000020000001057200700038451304602098403080120892000500017243680
690370028700010500025069013408003957530941002002500030009800206204056091370092005
106409007050001948809750100080107023764030090030045806593078614600004200002390700
004007103020590400578401960010080045607103289095740000700014806086905010401200097
802560009607019580090700016069200340005030908708945001901450023300026090076100804
030001070482976305005003609850190200017000498004867030561730002700049153300002006
900024800607301000421568970200013705150680239308050104706800500590070008010005620
600900010500604379010500026950060700760485291021709500178350942090800000240007680
000000860170208430806350007005083209690005000783020054041500728967000501258071390
050100000692348517008005240001604030080703420743002901034500070070001054205487093
029367010500400620180050043802001406704532890090040005210003904048105300005790180
001008060038509420709320085906730208054001030007205014402903070090060300103042596
001380040054700302068204071002046003047100056690507410270010004030075809480032067
390615702402078690010240538049020000563107409001004000204751060006400205900062004
005902470403005002210034605701560240620803500500001730002008067387020150050397020
384056091000204500005008073020001000541000732090072800407095628802460059050823047
067095420194286030050410698489560207002000004001842069000700000705004903340908070
604752389580000270090013000047238016800104702026000003009000050260587904450390620
105000407070061309390004618000005976049678001006392045600509700903000102087120503
260493510053860900849000603500078002790145386600320000006000837301006059485000200
200710530410050080035408102321080705000570300750102098062047809900060210508920060
000870130023001780187035400092006070050703628036420500309500201074209063010064900
960380010821590376050200004002040008605920147418000029073056490049030000080409053
051730409023590060009001057306002940000407602284309010002670190490013500160005280
890030040047620803003098012300800620068040005720361980431580070009010300200903451
040090065753681940600007300507210490061058007004900506005800670096730100370064850
260000045091056307000120060014567080070342510625918704582070003930000001047090800
681004090230000840000002000090423170147590260025067980903756000462839000078041600
109600300040009100056300279538094021061000090294000850983210064015968700000403018
708934105390100020006200903803702040067305091400006072630009018570400030900623750
300406050261370409400009206980050071046813092030700600029001004013047820500260013
502600017801320056003019040410000208078235104006084700300002501054070020607951480
107290004030500100605041238200100000304976850906002417500817320020009740763020900
024850096000006030836041702000030005510682409492005680169307540040560001200090360
060070038825091007700406905204003009106927384900005200340050871000708602678210000
700380100590612700010479302300597000270030501905201030002000013830146005107920046
003952607290004000047100892078001003900308406402506980060019530019035024305040009
000083420802041000946050000019508034380070100075004082003896001460125090001437268
427500800053800942000243010346185029005004108080030400810702005032400600700301284
908321000001895302053600091084010065509030710700580900006907040090243607007068509
000600000074300809230570100361295487057430000080100900840010502190702048720846390
500400030429500081300892470850009320010036807036058900680014702102007040003920160
906820710170009030080013902549107280008045070007200504024301009750602001090008327
102000070973826000584137090039200701806000950015008062000501609350090407091304508
030000098002000430500038712716892000040107009200364871603021907071986500000473006
060102040304056019907038052701960020048570963609203000502049036190600004400000290
000080246416205030208604100750800000604971523090500807003002601065310070120068350
407200596063705800010986470731409050059000004000053069170008025006504900500610347
340915006009000002068702419275680041090007263006201000100309720057028030023004108
502000190980240073067193582700800400008007015016900020870509041000021758125008300
010004508064570030900021040358000000296150384000386020003265009520400613680713002
831009250004002000900001064300207400020004500600518070098425631006783920253190740
002037106047910050310050970004320090683190047001600508000700069409283700178500023
501089670009601580086070002607820051020007040150930027000002730312098460740360010
802000400130248060400901728924005036010093075070806001280064090069080054003709602
100300502400908136326500807730100968094060015560007420048030650003651084005080000
008300625316257049050006000125000937609032000000579260507821390201090076040005002
862003540031504080500281006703850004625010003100006725079030068350049000016700309
050380014487000060010749280040027090739450608500003107100200056060104900294670031
260493510053860900849000603500078002790145386600320000006000837301006059485000200
010702030825039006039105000560000800481006320903520001190050072306200058200814963
973610400804759123012008007700004030006003080005127690031000805050281049000075216
740001802130470590060250100007300609628097014090012050980005273070809000350706081
090108372742693018831002040106070905003516704057320060309000006200005093060030200
002008301300400805580067402267001000830725146104930700003004057015070000078253904
450610809013095200060300701084509360790060514006071000648907120000040003301206408
900086002436720180008030096162408003005003400040207568090801004507042809024005607
970140506040063710026050090091500000005370908807029651310097060084030079700604803
100900005892400001750100080067300002030097810281605730620839147400062090070014608
390402001000009038417503920060120849081900302940370000805204163109007500030051007
210000000790105402005824179047010800650938701003040960030000090400651087576089204
008035206120008053003020918619203080230784091070910002900801070000502060580309120
001908004400031085872005903748302001000506479690040020007204006056800102024609037
520007400094080061180090072261008937058720604907013008012004805439050000805002003
003000080950000700204358106617840320495210867000690015020400908831700050709082001
250807401470250903009010500008600714104970056026105000002580607045001800807320045
043109080798602403000008790087061954009200007530907200906014005014520870002090041
400035009590780364803004501010002450207050000635000002180560297759008013300907840
008035206120008053003020918619203080230784091070910002900801070000502060580309120
490007013207049068300002970000604800800015732052738146009050381638091000000070029
000760239786309040093400600008107006150906420064080071600094850002605010549800062
729130068006092100010006502190004835080573001054001700001320654035609080260400300
070010300820075496530690002208049603450703080007001045700000004600134800143027569
104095278805073900769080050008000000000008405056124830547002003300006729692830041
607001400028670539900308070016439807300200605082005090251800703070510068060042050
030080029460203700780096014508004031907051802600028040071800406390760085006049003
806405170003617290109003605305204869907050400004000350640709010031060080002148700
420051900005098200800023405594030006083140509060000342002879653037500001600012094
840090150190628400070100086000269715529800300061004009910450630007010048430086090
706008495400906308000004700360080049240310867870649231597200000000051000003497602
370029010061873450208100093407205109080060234600000000003642080026907540004010326
070060000136004270500027810600905100910642000405100960301000700762089031859710642
562010003087325694034000205750001036016073900300049500801000062643802050200130800
420051900007043600800026401235070006091560304040000517004285169089600003100039085
040000806050364001963801450078620005500087023306100048700506089239010500005049307
805062001200301507031500026520000143060204080470158900654900270080400009900826304
017043205300900460240805030700004050103702048460108027002081093630009012091036070
609020371231097500857300200006900703000200684308400912182000069700062830503800020
906204070004056092002070406009083160360500900081460003095308010073195680008627030
000300008731804200986200010607030801003152607410700905060041079100003584340907062
705490000024008017009207453500830690160904730093700040071340529400070001950102300
806397002090506004153284009009450827024008600078002905400620070962005000700840096
985067104304028906000001008400600093608273540103004007000806012541032009806100035
802104009940080710610309008209037105030051000156008047007500800091042670068003251
037495681805060000609021035024000170700002943100008006050270810482019007301600590
260080719870905004100067500418600900030758140007090306689341050050000401700029063
495060007670402005001597864024318000019050243300024010143000700706040082982070000
807006350500080247304200069400872010008013002000090038003020685100405973065738104
380007650070500843000830100900702015815003270047165090500000930798301004400650782
020489000900003472060172980000316090016007320359248060000820039002000540408965207
000072965867000000920364018290051007073200590080037106018000609702640800009718430
106950008054006903002470650618730294003204506205000130409567000300000705067320040
080109300030682945946000020090060010020910084618704590809200067160075209300096008
007890062406270019089100003070060290003409700945028036710930040590007320300041980
007098102620470850104020006200065731350200000071034065063100580405309627800056000
002430156007010230610250407508000903321800004040023680075084010030075049080300765
206904850810005400050002369470019002925807104681420070300040008007090006198250003
021000436894060701076010928000024800480371205257900304630040009048650003710800000
040030007705290143031406050000683015316702980052000006003060098079014530084029700
950001008021890600300042159240078001109320065800100072490010580682900004000483096
870692450040080700035040029000460007453078961790001080024953670500004002089020045
710400800605201070030075421057164082326900147000020000400017008298306715070002004
029000045670350000008421769902500800580003604400798502840106920010030087703840050
000017530279000000350698427080501274402009600760032090820905001007140982094800700
405380900902600803080507620703826109126000038000031002098153476600078300507000001
083704502029036400400010039046000128850140300001862900500600203017420005204905017
105002009234007815000004007059201008081406070026835900607509003513748000092613000
490010050082069407100840209903758040700030980840900570638402190000306024204100008
840502390000400000903618405400985000306020508108004902005209800639807214284006700
268134709000690284504080163906000402003028005000900831050010320812000907030072018
507009406690503270030740009000691020921000564760250800140930702070160940850400600
100560009726090584500082001001057832672001000030049017008000073450028190309476200
000716009971052308052000047300507006069000470580649230090200814046080000025174690
092005407308406092040390100085010620039067010060803904023040759900530006850709001
387005201509042360206018900008200016130567820650001430490000002700023100000079653
801060003005047100930058462008570041560910000014006935079080300000001289382495006
902173500008000043310580209004038010060005324137062005075000031000357680283640007
024058763853060400000230500580000310630821004040305870170580040068900105090016280
650394782037800050849057000192683500700040069064070020476008030000035100503020408
040090065753681940600007300507210490061058007004900506005800670096730100370064850
300920407604075930800634510541009723000017690069302001430290070000451006000083200
846010092001208400700069018167504900208607150000100860680352700310906200070000639
002307600765000439389450020006040093170509246924003581200070000598012004000035900
013704925709002000400036108070359840100000590594120600065273410340000006020460083
021870004060900071000164382196407200053090140407231000008300090002589406900746020
600981000049000083805023697400805209008047006351600740196270300030010060080064971
643005271000040050002006000508910630170000985000508002210309564085261793006450028
000792100891304070327000005159240306403869501260000000900678200080031950710025003
251980040680001900000360200004590308819030004365814029978200056100608497000070030
000307800087000052036082091100709008073016420000000173058973214791420030004160087
800062090050087040034159780195873600028005037367004851013008409040530000200000073
060000052089420600102076900825610497903700560006058120500807046048001370200560009
200000085904085021853000600000900140020630907079412806095041760042809513100503200
204708060896003007005160402062005000500402130940680205089026701400837000627010308
507096041904001300000003790008005276050467009100908034740002003865010927320679400
190500406047896001300020905400602000208910654065400120759240800810069502000005709
005040126406570800810029005009015467501000000704296510608007004300950670150402903
802564000670000408000817020920005360704329085053706040430658000581203070096071000
200070040074000219983124567040600091090000000007891620319207008720405030005389102
040325078802901056509000300006532007900106030358007021093048005080013709064050203
609002501800650309350970004097820150503460008008010430720000043904230700030748960
050100602046350708108706400009613007507094020680000349360905000902001803005037964
780020093900080510310594600106805024040203007027010830098050061070941080051600740
527804306300017209009200700730600108001005600068321970600470001954102800100900462
987562410250017908316080000002875100700290006805140237000001680020038501000704002
470802903020400701301096008010070320892063000003104589005080097140600002280349605
000105700085790613791300002008400970906037004470950806060570020327600190050013407
415360700609078043038004560004182690951730204060005017147000800090050401500420000
960701245008503000014090083050020037240017508076059020607035492405008070030970050
009704020408120090260090341070010000012405679890602053580940060021860034006003018
070200039000385074523007106090070040340502910710098320052700800001024053607051402
027830906008010300301904082730006008046201035080043609870109260050000800019328057
639487100128560740050120609840030962002804071071090000596072018003010000000000536
040001300320904610810360740008007001206149530053800970901605403730008006002013807
300014289450000100210863005600051302503026871901070000032609407005742003760000908
046038570207059846805064930064010290000503760000026004050601307608070419301002000
053460079704005638082007000008390460305804000010070803906103004837649152001080300
090700080705312960061040705030079410670401800402003097906200138000136000123004076
803019000000875030695304710329140086508006400067002391050008000030051060286403075
210090300030261500500708029703500910805024630000379852080000461009610205100840093
004801700028704130501030086102007000057623941003008620340000860210306070006495210
040520800300017506050830040591600280403208061002091075285003000739142000604005309
003045000478006510900702463090654130056200940034800020509008076301060090007329850
200071060504600017610045908003104090806390040140050372080060000065708129370509084
456283000710069003239157406060025700925706800000890000093078200080500009540012308
042305080500702314703800050270138000034500728009400130020003806380074501057680200
197350600485200710000004080540000192719542036020009070800021067072083000931605040
700520603009000401261934800917306204030090700080407350170205008004060530096780042
109500007020703051530081092001640080360008470908350026602805934704900000090024065
802000403194650728000200000549000000218097060736048291083002005420005830605839040
064050001020809360370160280006541708017980032950000006700005009601297053092030140
030500047800097605067324891078012354001850026300746000480005000000039078793080060
204907850039000400800461029002300705086715003073002960708654130025180074001000090
200000160970180054841530270000870090702001036008009715380967021520308007010040083
068090207010374090037600045009700560670058002302046078503060001700030689046219003
000540320002703091310020750107200060594006182000158079930607205700900010628000937
300410800074060059620059041480006192005800070260193080806702400040680037031900208
080050010690812357305900008076509130930071084800004700520008600009026870708190023
548702090000380270000009560017046350059107000204030910970850021180070630403691700
401592038039000504080031700397005061000087029028360005040706050703900206905023047
271358064065091000080027315608079123002046750007002000706080500100060872020015030
503190002460008901090042053907320068804061030006800109605009704100750006079406380
100680000986500321040190067074200100009804630620015470890006703053720906001908040
008507901910840050405100702054920837092735600001000009200008160540319200180200095
675084231200600080090031007750009040409065078001048025500490012042810700180002390
010940805800205370035000000726390400080072039050400107508739010074020596190654080
000468509080905240009321007300809070064710308801506920005694002023187400400050700
618250703093000025507104908280070050045001080000045012030506071102000806870310594
310978052209004700070060089497020035000030064603149800865093040030410608040002093
802147530065320010004596072050962748200085100400010290600239407500001000900000381
510700002402600103006231400864100795329507016150080324900402061075010008001005000
501024069000760050936581240000150094000493680405000102254037008009008573780900020
080090025126000004095704018730510800049308050051460037514607280073000000260041570
708040001040501067503806402081057643059020070006308005100003200827465019005090780
170540008000003109362108045530207490006001300207039801015974200008000067790026510
400200386000430012000805794270010003080609070500374029801053467703100258600702001
750614308604270095002000600075002084040783006068040703500031009106500430403026501
056803002800701054140090060790314006324689017600520009060008700403100000580476301
634578102100000000750910063349807605000195324500340078070001480010080050485700001
054071002623045010001800060709158206005300780182467300500000028048509070300086490
605008021040207030709310408408623107017009600090070280960080000080506972073902016
204650910085000670163008000002160780800300090091582400547806020010205864020910350
004035987700108052060020300080050406571403290300289170100090700090000063628374019
040002100086701024910036085060300240435079061009014003293000407004927300070043690
058300461470050000600184790007891603010240057392000008700402300230060514104930070
005080920360504001910302640200108050501703092740050108004015076020800504157406800
230500010010084205095206073040730800086100002903640157150420930409053021070900004
307054008506198040980327015001032004200945061430060980742506030069200000050000120
030900120201070034460312080004090200623050798007623010908065342012840000006200801
004305710100706048090014026009082007008100002002963400940600250201539064056241003
706000340800496700250370069025830691010025000680010203072081036040063017160700080
600409080491080002005230640060100000948000167210704095700803014159040030384012056
040607900097050632056309700025800340019273056600005100080036090060010470971540063
740193005305000197060058003623510004450906301000400076039640050210875609500000408
830900420915230800000806039069070084580002910100398700650429108421700000000005342
120780500598060020400100090864093100200847306375210980901078230600005407700020009
030006008628590041005028906000974000704002819293600075087010604902465007006030092
001300600072461083630785201007090064080603079000807300020906008960008410008234596
425300000093600120006000340008402700012708000347095086031280409064971830009540601
093200080200085003086730254975800031000074060604503807700062048329400070008057902
070028150008000947010090086043572891001800032820013005100204508082059300050081620
500209403970004026240073100069010500850026391020305060700501904095040600084930205
007001800030259701001687953002065104050008600000140000370590206029713085405006397
200830509507926130390500200000718005750469021601350007003245980000000052820697000
083017940010920008290400307741200853000084009830501400008042031102800790074096080
903160847106040003007020106705931680008502400030400579069318000370600018004200065
304185067058603002617209300406000203532000041100032685240360009700000020895004006
528400307047123608030580000190750800470930001080612794004300900013200006050800123
450002007703690485060450001840729000130045029005000748504203896002078050380004070
890043000317600854406107239600009000500008071200470365005704002020036040764820103
400090327810070500702563100370486952040010006028007010967140205080700001100620804
037041059060007020901850034090070400750600103340198502619300207480702060000409308
892354700310670409460009080174500863520003040609480502000800004001930258006040007
010208005260070948380906007000160850803020601196580400040730580928010000500890216
000209580981576030072048000063950074290007860705860020107480693608700240430000000
340098705596704800708320400004000176050180942000409508809001054060850090270906080
472681309100500604005947820960358400003010065500200903046005008050000206289000547
000738200000009070570041869004900782850670301010803406100400037036050920927086014
609043080015820009080050246750930068160270090900010702030001907200507810871092600
012003040000612038683004700964100000028570409051200683079461350030007060146300090
098050120230809070007046309000020960529607800074108032802900053003002608705384001
072190000004285967508000041357609408020500076001402500200007610010840730746320050
600703580504290061809050007093587002750001038100030750380000070960074120007315096
007560903003407080485020067209005070048036200006092458601350020094071005050600791
019040300083910560500308701370204800620800030090160275040050103052001600106482907
130902004050003002049018357428500070003107290700026035000081049984360021012004500
170465800000700040456300971605003407810940050003850106930004560084631020002090304
006047001057609038049080760700900006518476029060800170670200093891003000000598617
806007510025100740040562030093206004467090120000403650084709060179020305000380407
030607050789150600050492800810936025362045180400018067040371000100500030003020016
040007308790400601026081504009376002007512003003094710904038000680209100032765800
000406120090180003080203000750629431104738592000004087905800270017042065042007009
000002051145973200290100007009620073701090500420017680004209810906840030080701496
050700289003285017827060000004308152008650000275900806680037000702800365500420708
300827064007943082208500070104200850789600241025100900012350000800490005956708000
830020540040305700020470030381064079004200015295010064002100400000602193413059082
057300900028060007000709860439870200000130498082495706043000029091284673206050000
108026040046030109007910026780000005010657902960380407300200060029070058870563201
097065000000240715025010680004120976078604030910573802080000407009452068001780200
360027850000050060985304102876005409200086007010209630008693700453700296007002001
720485600640039700103607409030706000497051030261090500304070260570004098900510004
061007832395001400000364050240036180103500706600018003902640370070820600036070504
930001500501420603007530140605708031018200970002190800820350719100900080079012005
003865170105300240760020030390082504004150067016007300002004798970236001450008003
580402106004586073300097058001365027973200564265000801400070300010023000730900600
319008067000309085025170400603297518108000040500804070081063054057480023006002800
800605930910038700520900610791326084000004107408090006049572860000180400187000209
501000000307005809200679100450907081039120060006538942700342090923050017040001208
571904600320086005009503040053049006090671350006308004138490560045160809000005400
931564007070002054004080610080706130306009072709103008007600045260490080045078306
980020007040108093603704820002935700809070530370006902730502000506010378008307045
800120500250086304047030802005001698786093020020608700004860057612000083070319006
081072034030510078690003020870004100906120050010709846000800209708095403469201700
720600009904072006600804257209580713000017000167003502400050028502309071071028900
413680507000200143702004000165048702938000400207560008004306071670002000329017054
064537081700081000150090300490005100325106490801000526500309042083710609009058003
059007006082490701001052809074005012003920460096041003900104605430006098160089300
206873015075649802983010000008000107000708053637251090012080500050107320009025001
980157060100063500036000917401020386060830009820640070310574602004006851650010000
670803100095002000841096023700500680008007001269140357056004218000080065087625004
090062004318574069246008705500020106007001000023609007472090030601200078839700602
900052007817306052020400906078604591005789000306000048482960375000203060039500010
245318067980654002601000000402509618596001070803407509020040800000183090100000743
690040100010620049423080070000270368300095020074000591062750413009016007147032900
030004057608935001450200306016050724023400008007126005085340079762090400000760510
406000501205631009079504060000068030003005247051200896607452903000079604504080702
070560201501487009069000470693100007040230100005906348480750903056023014007004002
741856002030490756060000008070009320509283460403007500194060275602970000000120094
321050008754800361069040000042670150607010400080000270098060704473985010010437800
697480030850009070102675008076308000000502387080090564715806943008000700069013002
406027850000430001512090430005310708091072506807900002060243975900500020254009100
537098261068503074090267008820000740759000100410020500972040800600970000345180600
850073006602400030007608954746135009200000500010062347005014000078506410420007695
000097403792030800804021097940000038208369741003240000025080079400053002089102304
603040700705100340010700965081594002270016500540087100107028003902470006408950010
401009762900001003380576001014605300806000190090318620000900200620157439549060007
650090870043780000070360124000047308184000765067158000900804007720016439035009600
301607928090003010780102003012806009609040102050019074564038290008500030030920065
023070805160408709090002046050081973008795004900004081780940600230107408040026100
003079008490386050768000130632700891000200060589631407040002376900500284000800905
720485600640039700103607409030706000497051030261090500304070260570004098900510004
048109070307520041050400908010000256470210800029385010931042507000950102062070030
704095326193028074020700091362014080050000410409280000075860243040350107001000900
005320460000908500030054090502843016093070040014695003701039082320086070400200359
001706489060049030200381000308005004650438907074690350013064570000913000400250190
071080592020590006504026001902000007316905084000642019039108405400259003065000908
824000601070064209500182004087035910000010860961208040748000090300841026002950430
004030000360570012028600000603459271907106804002003506001865329005304760030097005
003040952200580070695302008006904007037061020082050196060000745104637000720405061
905213678601004039200060401007006004528040006000051827002007040734095102000082763
208509710057000600010327580300902006070034095591080032740095260029041350100070040
020406000638529041100008600351000864006350200002801503560042089203985070090070120
410908270807200349020304000100720503370005090508013620204137960709040102030090004
009530800031740090870060320790400185410056730000910062023600018100090643064381000
007120603605030200042690150009701065850209307470006002590460730760008904020970080
907584106010609830640130705070300012286051379103200400760000003009040061054010007
090015020247003601031070498600098547028500319905034200004009035150046800000050904
596712840204938000037500002021003080670100004340086107409350001003029008700801309
602400170349000862078000345967523410405607900800190706030976001590040600700050000
942730610005810300300600057094072501500008000807501294006940825403207109280006000
060010504710052803003860920896170000425090610007605409004781236070030040080240090
009540006615708049080006710108050000306009578900283104891305000030890601002070983
803006020700350610061084309020043087480790050079800062038520000010067835607400201
904083201051200900700150086309560700015430800080900635098005340546072190000890060
001000800096403702780192035019850304840030007007204058073608501900500073052079006
205000091400390020098105000057613249609080370000570016070241980940058162100006050
580610740309570806007030200038200609426795008000060470690004027054027061200950080
040865007005201004186000290590140702600008050728530601251680400030002576067000028
026070050700840396409063002178000620600718503040609070837190260050200030200350904
289100350005302006060490120408207690970054280002030010810069532320001009500820040
572981043000007000910500287786450102020090038009120400465300821800640000090810360
790180462215063890600209031450307018837041020160950304000030000306502000020000083
096780201758214630004006570003070924975402080000830005601003007020140096430050800
000981740948002051102030080601329500750006023020800160265013400300460215004005007
009702600470690201620050093007105984804920305096300000945206017080570026700080500
094510000053208010081090536042871000010900870300604000160040008425780100839125607
390801057205300089807095400000010065030028070509406000102003598986102703700980012
050009614800764092469200000092400800108306950500108240610003725020517006780002100
504200903070053408130980050200530074841020500050840620400090700695300142020415006
237050109000402605046031200370020060610045798005607001903510070700203006028700453
900705010800900050702000690080032007000194238090687000548069371067850409109073580
498763200300010094500009830006302079703004001054071308280047563145230007000008002
080009053500603481060800297001407002040005879608932000830270910400500030719048506
010000380300198064690403210840000170750904803036780900060049052007200091020510638
002768009009000052743250061601020080308500204090813506405001028006085497087602000
104850309290643051800000004003010208526908100080024506310000000058102073070389415
006010007140850963705206040904082300280075004500900278410520006000460150659030402
000081453816030907540027000708103002001500700960740531070050208605810004304076105
800090457490630021510470603000040908140029070060800234680751040200000165051264000
840530200950086314060040500072450100080002035019803042105690873430175000006000401
060400580708009032040020001076892015080005627235700894007250003604070008590080276
390017804007302600204008310046289100000170508871000042002701480409020000710490236
043691502000000009000328076530810700874002001900430058451209863080063140067000025
502000000080053610600248009000376005356821974008400060745630021003000596100582307
509320000108049530070005492065017800284060709731004265002978004450030000000052670
006805409401920603005001000900316085600592007503780006752103908160058004004609001
100857290005000000983640175600000504008925600352406087007001309506308002209504810
240096013001200006560180970418072005005860409600400180080019200054020701102340098
600084035004503861853900000040052009170038250028600043080700304730800600460329078
470820006010679003062000875240008059700056104105390007001030008820067501350480602
020000005000608200940005673865400130270051046004086509501072304630104758400500910
029007510307120068005809070000970406960034700471200390704090052182750009000402830
793650081524080967000209500006100042081020670207408100640700010010806700870500496
501230008700608921260100500024763090380000016050041370830015607600087053470006080
709435000105720049800000257008649725590070400074851906002104870031080000080263000
815709246002010000040208095029000003300941007504023619250190800031580062080002051
316029800570180030400036097250003000068241300143075029794012008630008012021000000
007098102620470850104020006200065731350200000071034065063100580405309627800056000
790608034003090016810024070158036000007050103009870625072900461630040000900167350
603209705250007609900064200067010390820793100100800420700008032490300870380971500
007038050401007380038910007002300500010009073085674129029140600840706215000003794
003076295057230060082050030578093000090600173060702509009020010815064027006308904
023586410090743265050021307900610020030209608006800701000102000082497036007008052
902050700650009143384601295700400061195807000206903000860040500529108000070096320
500400090100836052872090340600205934058009620903760000009657810060100000781020465
003001605765098104002306090304610580071039402090004070219083000050160940400070218
005800700123576098006090052060019500509600810012405960200900000030007089891243675
047036050003201067029050081300075210014002073270103090090060008086029035730510049
370104900064209870800700043109045630056070080080620409907362008230400706600007304
918450702240010305035820910087030456050640807600500100590280070403060000800390041
741000200398600015006810097070480060132796004600005900400268039059001640063509700
042080300008070402760492501871003006400107890300056710030710900207004108105230640
010702853080100409397000260630874900501020648040050032103000500708203190004507306
038400092902630548057090063560871039000504810080320600106703920890140076000000400
006301700050602418189050003760020039002403807530109600203015000000906024695040381
007500900008090706692173048750008061401629057006010800905061020104050689003940100
400680030530924687860071250600037902003100800000598306108750060050843701300006008
005260090008931056690407000200090010060310240007000369900672804340180605706503921
106007902300260087027350600412090008700100406600475013501028369063014005070500100
400010905507902000608507421261070543005003089080465000374201050020350090100006234
706105408805630170100008020019000360080360201604721900070203050051006702460950013
150437280049200610007900050708025146502701008400009500830000004670094301020173065
003609000900248365604735180006002753358470920712000000000820596005001207269007000
007098560093050248586040003238405719001000050700012036019000087002076004074039120
060571004703400910800329000126047350000090006409602701240936100607005493300000625
040001300320904610810360740008007001206149530053800970901605403730008006002013807
030807052507036010860100034405608300008320475290700006051004260302500097080273040
050860000308090267240713900000000809037158024004279003100540030873020050465087102
804100306020743500307008420030064002046001703180530690200305007491876205500000908
280600037704139068001000009005010786100508004038070521090701840812400900540802610
301028594908540000405009186093850260000012043204763059050090400630480005040100007
054600720100980000308270915287060503040307060003850072025700140430190207090540080
168007342002006000700312680003905060097104800016020597070208004209001038301049206
759082103000504006402007980005040698614958007003200004000825069046010002928060701
000090104401830209759042003010029086800300490692078030500007308980254610027080005
107290004030500100605041238200100000304976850906002417500817320020009740763020900
003800200217590008600072359045739100702480905109060080070900042590000870408300691
210000509637509048954320617000093180300107900001200060020005890549070026103902400
017903600920140387030050400000608090679304801180070046260805904090061002054007108
523007186700238050800500200930700028065083410400012500650000340000326095397140800
908002705610007003020465081400056800001020507572380690390540026180070050004610308
864000000007042380500060074678010402250496008349208560000927805782004010000103027
020900800089560403435028091690012007000830160851070200308204900002390048960187000
080132796032000400009008503270001608601845230043027059058704060000200905027050810
067518402180000500003407061612009085070106049030280010290854100050070604740020058
542009060307500800008463270685907400403000029000604000009248156816070040204096038
183075600076200531025600800530007269200359700807020400659704300000003005048590076
057840003924071005003265794700100082000620057230400016006902501549710200802000070
107008004005041032049026850000410503504007010791230068970080140050092080803670905
851634072203970865060058310500483106080090400430160087090000201004027009620000008
000000135520081000041059270010000023069120450000640009236590701054016392108037046
000430860342000010610925740000390270206000408879642005703584020020700384904010050
004072905250018004910543700360850470001200830708030652623001500080706203000320100
205036900040090316009401508304907862006503091000680035500024189402008670007300050
940605000670009028008000604080057009791260340200490067320010000519830402860902153
000000013305801760148763009060900070497205300050470921000020508514087002082604037
069000004003592860510047920054000200937254010000730495481320700000400100690108342
108026040046030109007910026780000005010657902960380407300200060029070058870563201
782016340000080692509004080825700436100602078006050901230060000048300710051408063
040007902910054000250960147000706015475080036103042009084020090530401608001390074
500061090132407600060050241025080100080170006901306854496708512200009408003042000
000005027827001350015274600043560980089007205050039040071040062230106070060028503
809601200000073085507809360206734500000016020013580400064090000902468107308125040
230047859000359206904620001760800004025491300013576920040000000502014600001083095
600317958750060032083090000035100080002640073906503401000750300048901267397020005
130070000290108307800063195920004003014830906600052018360001759080095600409706800
050000780014937005902065430620090807100784050708006910280450000007008324061072590
560000200020630500703925684150090700200810409490307120371002046605470300000103075
250000040809200513704030080480076000390421600620089034172860459000102060036094800
400032008283005100500809007760980420128304906340200780900000670852007049604090810
003204950065790843790000601589010036021600409007800512008900004906140275002050100
040052670061003049530460201000020058154398006026017030080030065405006300603740092
072030000508000020001590378080105004314700590200340180803014769490863051106900003
005061090096002470024907610200005000807693051063008749651270900030010560900350104
840060300003287604260004180010032040504000201702149063908013070006008915420790030
070925010009000608243108057401007530380019004090340086107804300064200795900706001
072091056650300098800652000030075681500089000708436500000908710087003904090764830
960700501040000608120035040836029105574360890210008463090800000602957000301040087
508306200900500318413090650157804936360005020000060475030409062002000580801602040
091850200380476010540920038400000802000049375025087104760510920100000406209004701
700000128854710930102896504908405361506030007073160050005680209000000680080000745
010027690900050437507309081190070026300810749670940100069004010780005360400000972
007008040005964837489050010053801274040507009092400008001645700576080091030070520
300827064006539027502600030703900810859100472014700300037290000200450003945306000
014060500756203984082950176539040807000000045070380600063078000840120000197430200
542018090000024165063700004004950630831400057009037200708540316406203080005006002
000100300084903600230806491370004509042009170059300206068435712407091830000000960
040701008720508013508030062400390821391840000002010304280100500070453200905006147
830000425249530786576824000302407008904250130005103000107040360000610000098300540
340702605560090402010405070780036001030078206906040730004059823095304007120080050
960701245008503000014090083050020037240017508076059020607035492405008070030970050
401005203370021405006483009583694700000030508120000090730050914805000630610340850
610005900300420071470096053003601090100009400569207138906504012001002309820903500
605003940008604003140807065702030004000471382314002007030240750907018000401005839
001480732742603000009100506000800400495271068107040095300504920204010650906730080
602189537907006800081003602825307000000965270096010040003004080409038126068001400
004789100137400859900300020400507001315204070002100495043852010026040307090003042
030270004400000000010406283308124795125093000947080000670002851000307409204510376
630700410190000270400019506001905600209640730063087194802106007004503062300008901
807300952200008674946250100490000507050479203370500019703945820580000000000083740
600200000081307205002604370200869500800073902009021648706950083503100000100736459
200940736600730582073000090836109007140003600952400010029017068000320040308094205
040500000005000438790834006620370500079610320013005000456183792231090805980400600
805403106910207543030001000040809260701300000028504391207035014304006005050740032
508009006921500708600812040136245809000900001490080650085093062060701004200650097
360019478740506900090740160900050307178034009500970601089300704007020890410007050
050300012780014000063000870674090283890003700005700941046000198900800506210569437
800300126010005000436218709760801503092006870080590060001604900947002630020903017
080576420017004300420008079056401780070050090091807043708002005160780004040019867
304185067058603002617209300406000203532000041100032685240360009700000020895004006
309720506070006928206059107400030075138567092000000003004680059905200381820010004
005010300173900502004537108308621050090000401207409036000090613760085200439160700
201030908900081200063095701420100803080973402107800009016029080040068097508007620
568920041300408600020500097130706280706090510009035070850600130600351908903200700
281050700000170823043086005809043510004507089507001400056038201300400960910702050
035721000040003507760004312050002070307105020024609835409208063503046281080007000
040607900097050632056309700025800340019273056600005100080036090060010470971540063
876340010009070004500109673097025060601930452400600030200090746064753200710060300
164000000857026901900015870008050690029841037305607128001062403080530000090108060
296703080000002490503908270409600000108024069600105847004800730781200054300479010
900536010235000896401200370040051900006094028593720601150000760327900100000103209
625048000901020405040000082508300217230800600000256890092680070350001928817902040
012003040000629051869001300358200000027140509091300682076534290080007060934800070
581609230420013080000200405800007002076032598230805004094000850318754006000901740
010905648708060500564081030930800457040050060850437192000040915029010000075093080
017800200002070450400120789200600074050234018003907625028400100000781042104092063
657400180301060204280709630970001300402000900000940720106053807700604012520097403
582436100000001250170009083017050960209047005050018072005874030308100729760003040
000574960350600070700080020017952804009710650020300700978200546540067001260090387
300147000060003075781600234816920043090060012070014009150406320030070001240031096
000009540306000010407001960070000620920060350600012084000170238213098476740326195
008943057054000960307601002780092640021400079040360001475819030900504010002000594
108026040046030109007910026780000005010657902960380407300200060029070058870563201
506013847000400090743095600985004070631750020200138050802006730450000169069500080
500870903789000021010006785167230050030604290940085316400160000090458000201097008
059830460748590001000040590500068003823000610070913820000300150015704080982650370
900000230872365004100720506090001750715086342030047000421600073309072460000490020
027100006530082947800340005354276109006030004900001620090003078743809500005704301
009005006635080129040906300010800652970254000008061400001703060062508900784690531
021089406003027009906500203102800000030090120840162397304951680509008000010700935
070021605020005081915680300000759160691400200307200094109563008700002039530800016
080401000170000428004007156297000080400002701810500302021690847748210630060048015
791800030000093108408015029806002950940086300003170804069407280070230406084060070
100007689000500401047619000635872010294350760010096253080000000321965000076120090
206813450074960038008000060400600712981075040600130080809750300062008004005420891
100409500900001870670820031340502068015637000200000753009750012561240300023006405
089000102520361000004980375140509780052030019800016004238607900000048037405100820
