629150400034072650807006000410000207278601930396500004060805040001093706903064020
839200007506070928004986030000104080003097015060000049700630150691008302345701096
420300060100048203583902100290170300700483629800020571008530090305090816000800430
600703580504290061809050007093587002750001038100030750380000070960074120007315096
270051840401809507006004090700502006652307089004060025925010078047086052000075004
072608095005009407984037060000092506500704908698051700040070850706085109801020600
000309006568100400037840521095420018800500940204690007080005004400700203621934085
710403058053200760600508003107680549090734000086000207304850690060001300901306405
741000200398600015006810097070480060132796004600005900400268039059001640063509700
097200005540008076100457029600070948083920060709084050900846702270000681068702000
100960050670005902529743086000418070890006200001200865000321500308609421902850000
306051480104026305058040006802675003730982564069034000905000030400017609007000240
204051000130009500050632410000090624849216070602043098320060800961005000485020960
010075008005814006678000541892540013100308400050900087940102730501030890003059060
002701050071500386405069700029130807003070200016208093264807105300012079100600020
300405908098630542204008730900060851070080200005912470806009105509201080702056000
902050700650009143384601295700400061195807000206903000860040500529108000070096320
009740358254089007030006090370010046605078003900604075082093560006820400403060082
052490007300070589906015040000000002437021856029568030004100300205034961013089020
009010580016298307048006001620047150005103624401005000007032465360079010850001900
090610280081320000072080913107865029050100847809002000408700500010948002063200478
008205607017396000902000531050009068180563902290001300001004820805630010409102056
000670058804529607075000009067853004400792003309001002906200080083146000021980436
003095004012600035540720106006340057350079018027006300230400001400930560608012470
740302965930040001026000734000034002800020019214689003080400007071205000452873096
050092360080460070296080014004609700019003400503720189608500007905276800070008635
000820690260000300318679250032048905905200010001390806820500030590700040070932568
580402106006187052400095083008941035369700214154000908800070500090014000670800300
307012580806039701201000400570081090082900307019070208928705003035196000064300900
100080006600400002005063409068042503000831060021570894092000670436008921017609048
100054206570026003820100504010080007659007830040532061480765020907008600005090748
004000020010000836685123700058000000192700340060948002537094281000582673806007450
908700005401006782020485009249007308003194006010020074072500490060870023390201800
980715360050006079107093825001030600000000532038560007040072901820041006719008240
079028650130007842008045000004013069290006700760402510010500906980031070047089120
490100000062903004005600000580320461649517830203004057970006085026708149000201300
080001902014280065520603080100000039008730401345198700001065247406002000802907603
430052167006097000702400903273140806018600030000083019397001240800704090060028301
060001800008964010914007362000003670670100500153786420080030250726410903090078040
080134620924050300030009854850400902710890400460000087340901200276003008105086700
800123906003004000251890734582017090009230517010069802025380000036000008090042370
800300007709014028360028501490070006070862054680001702938040275500037040040085003
096780201278164950001009870005020719932507080000690002104002005020350068850040100
600945007020630940849070003000513280430762509152090730001009460290106008060087000
005008920410020036900007040092006150051283460340091070584000612209610085063000094
025704910800010460140609070900050100200070009416928537092163800564007320000002096
000003165350167800600059030083500201000718054700342980907284510004901620108005000
201039076000600825000782031320060147040005389000100652000490013400057068050821790
070105090001986407906000050194603705827000063360708140703060020502007619000512008
701602354850310072200005900070836095069040000180097240005728060300960510048053000
941300065003050900025900071082109700097038000036470298200010009310040507760092134
386000700510073800907862301803100607104096500625300900009000403200549176061700090
305010046000064903496823005700230859060008370830150002004002008973085000608341007
694000070002708403007246051003050607401080205508927010709062048046815720005000100
629150400043029860708004000460000208372601540985400006090803050006047901807096020
810500406590020300004671980000960032652300040370042560140253097023000050060804210
718006000400005790593780106064078019905103000100400003051937080830042570047850900
002905047507023006036010950610204008005800004048590213200300701870002039069147020
806030021070000894250140700465982107310470250020010086030000910580000670702800345
001700509573024106800501002700295018009400305652800007465080071000159004908007053
070060231031002000860931740217483906004090008009005470790210500520049610040700302
000928546080410723002050190897240030000683009306000802001800200000792014234060987
001700905305098024690015007908350012400900536032046000089003040203801650050029073
005800001384170209090032086040718690007620005826000013008000927079085004102497008
900800015056093007107504360309600708008375946705080000673901200004708690090040570
049103005000290016010407309000814063300009182160532704003041050025700030081025047
004006073063201504095730002608405217000600050452170900506049820000002709249810300
700090031030071249100003687480050310000430000359002076800120754502704963900300028
004783000726005938300900107400600200590020076032897405000130704209500061143206009
063879051200010006970002408502906187638720005000005600004200009026090570190548302
301057680270610040500400103852090430006274015400300200795801000084030051000509768
090685407806203591300140286520001300069530100010800052080004900104000760057300824
761025840500986701092740600005002304180050000400107080600008002247010590050294176
900608520601042807002090160040006008800034700306071400703400605009085270258067349
026100530003006090019483260760820350200007016390605700950730648600948000140000970
004038090080965002092040380453012078217090500009450210940326107005100430136000000
020040930800231047134060008570900084060418005480050160009100856316504002050602400
030075218712400050005206300670390080500064029024800603000580760368007400057640801
006203090428000060090861724031092040000600035689304210940100052003429070062030409
070950142092710803100000005248070651705681020619400008901840507000190000800063904
006030401700006008032401700300069814914300070680004032060057040159043087078902503
860594203370000405004702080015023946240960050009070800523080064080200530090357008
006800095593201000002509413010325800008010652254600009420083907000700340837096020
050890170098003004701650028000506410840020605516340700023971806087000301060038007
548692137106700024000080000807009600650320081010806092261000540034518206000204300
000408106154200387809071000620003005590704008003082619006020051982135060010040023
219607348030810600007400200320049801901308070008005063845000130090534080700980024
070000080020438960684207051206149000031005609040070215068010704302700596400652000
210000000790105402005824179047010800650938701003040960030000090400651087576089204
582030604300060000901274305070048592608010037020790160700386019200007040809021050
015900200048173006090200841809600020500409608160708305406391070000002003321060489
000085020582010063410026905073060204094030500600274830000740008765091302048600097
083010007020340680710080932096704320072038009000900000067003805058462170041075290
700500902904027560025409700306072890100805306408003100049030007007600251201758400
000978000008204706704300289185002903240500010670030502897150000001087395356400100
032006100700320068506710230360971802890200671001040000908467005040100709057090406
204065000350180400700023060072604081640070000193850647837590000960240530420000096
037004290004003700600000480009406308058391007300750009763082514800640932090035870
007500049460081073390706008730860200500403080906010435209058010100320907640100802
007003650003078900451062708710639400509007010800001397295080160004005070100396520
104526087530080060008390140609172830810000700000853691070230000081760503325010000
004269178020070000078400003030142789201000630097683500900007340000916257710004096
007506090058107002012300765526743010000060057083010620041070580205030900800451203
137096540020503160008010020000900004790040250245671309510039072000400030384027690
005020831908003460340876925603284059504601278000097043289000010000040080030700002
009140506053002190401097003306000902004601705075389060092475010038006240100008059
100058723368090140007134000050940000093000200814572000005420307032785019070360580
150030080038142906940057120070003649800000072300209010410698005529304067003025000
054061309803000200090843510041580972500300000680902035100008620930620104062035008
801403769040091005032060040064005008510004072200186053705612094090008020420700180
090200840104798035073004200902637150050001006061050370205070400049082500600905723
723509418500028000601073000004605000050790140972001085200007054307850902405236001
803207060529106700000409802300594608015020000080071425090842000230015980108063004
006239704079000103308670090005002408623084500080053609002490050907500040064310972
000263040100058693368900005206000731001807509905036400859071320614000807000685000
004269178020030000061800003030742986709000230042983700400008690000317845570004012
900002574800090632273604010507001048194070365008009107010906053050403080000725090
000659800076408030500031692607200501812000000059083726064800950785046003090370400
016020708007001030409387620061054000008063917203090450700016094135070002600802075
360085000092703004087624390243008500006250400800006021038001247975430016400000053
040701008720508013508030062400390821391840000002010304280100500070453200905006147
203000014076930008004182036849301672030000500500297800008005020407809365025740009
003100400010496730476300029600200000307804206082609543804001970001780050720043601
301809647064350900080006003040100075102705064503084020810503290005008030930017450
230096170510040980008350004040060027870030041062417009057623418601900500400005090
050610030087254006060300074800006005035108200096532748600021950923700401500490600
602400170349000862078000345967523410405607900800190706030976001590040600700050000
100700080205094076076280054063002040400538607750006820600803001517009408300407560
200001950019547200000820004760200490132054600090780120920408560580060300041395800
182075634400108090009600008900050001015300470760419023094061000007503916630007205
710684530640700820030200070206100083178060000000528167500000492061092750920875000
000046900005309080604852173030000240006023715251060809060005490500690327700238001
407060008803079602090025740000002071730058420245091080008507004012904067904080105
423800759000200300100900026004093217300108504002547900800050100290310470701482095
204310605001080004076025081007293100003008206812500037060000013320741560045039002
000007029127000308809002714570498032300625497400100680700086940004709800008001206
850073006602400030007608954746135009200000500010062347005014000078506410420007695
009851340103009508048036912080600730726390401004078620430500090800062000000080274
005621070420008910180004052240097065000040200879062301508300724090400000304276580
300840910068005407104706500027684390010520804480000005650070180800063709709108002
780010503600570010045390602406001790050760084810450030300942807098000021204180009
287010504109046080364785192905637010010490007602150000500000830791803020000500070
810326000704950012300710008587601020900002070040807053028460507003170004405280130
400350001300706000600001054010067843807400192243080600005074206100600507786012439
120085007806040350040317026312006004908400015000008003030702160090834570080560439
380056742200478900547000816012703008803290107096015023008009000634080000905000380
086900253902680007047230080603149005821007090400802731205090300090000460300720510
890420605500987200702503810000094537357812900060305028000209050400138790000006002
040500200130840759950230010290371560710600902500900030429100375800790020001052090
300006071067530080021740360000050836104080007856973020200365018670800042510400600
980030720674950000530080490097240060420000159006390047069714508045060002008500074
050708063030024810827030040080640790006280150214900080042010008060400905305869021
000925401610783000209001807862304070905078203003592000507100086306207000090806720
050870093038000020970362054046030502705428000820056040364210970009080030087600405
700804302908500700203096450000108200025973841381000070002000900160427583034059020
080603590053080026709045001520030080048092103030076250014028760070300040096057308
617008094300090106400162030120080703003270609076340800040000902731829400060057310
097004362563290007421060090000185026040620730682000000200051670004870013016040509
004596030795380460610007985900765000050000008302014079009470016401658093080030700
005001896619258407070009000021890045950402018400010900580104370700063080034080502
935001040000506000060003517096378420201604090003910060409835106057149300308200050
400002105915700320732005084080000050654209007100006249001023060846901000327008491
007912060152063497060000008430706901021039870900100003290301000080004719710098032
016904030005208901900160002190002680003489125052010794029000308081025000300091056
089210750070806230500407108706082590900600307010579020198705600200004800004108902
000429800062850147040100392400000038205001064086002005703014000090038521021596073
030000500582019036016032008065124780273985010000603050000250067057461890600000105
650870090047093058380215000010320586528006300930158402093507800165080000000030060
060280005125906780080070620074012569690540070050090040036824917740050000900003402
020510080503840009840009725060170902037000140015426800080000090790201560150394270
000500740891476200045030908908701003604020587070650090009300870580004300063897052
038926510052010300900005042210680705045100908060590100590000270024760053003251400
780040109610700205900531078436008700590020084870050900000000020340172590267495003
007405206000010800800062915010846750040209600008137402005694008620578349009020500
050010340381605009004093510407109203020008070830027901708534002500000030603071854
300406050261370409400009206980050071046813092030700600029001004013047820500260013
401306000820040630600280541060150004540030100190408375070610920085790006016800703
008670090763980045004300708000500021305726400246100073079200014032810900080409207
170009045893540600000130970010470590050610480748003060400095826267384000005000704
806350700001908342094200008900516800608007529057800003205100007040780030780609415
051403807080000005400800030000015490005680372624937518300128059079046120000079004
340098705596704800708320400004000176050180942000409508809001054060850090270906080
000260037027490805003570692090604000300159086560702000712300060000000520459826371
005703800703100250801025730279504008000090502560081903037802405402076109080050007
056709180480160923900040000091076032640250870020003500134980057009030240200604090
562010003043758612071000405350002048018093200700081300205000061137809020600120900
217369840050010600040008730000030208105842970832005010601703084704106390003200060
100030082060004390040098650020950100090060004538007900657300840983046210214500763
070413068810070050000805130067158903340900586900040020480701695090580002730060010
036010207102004680008267003410800030007459060860300794650140809004005020201083056
756930280080005091030408070260790405190050038300810700010002907629040053004389060
647385910000000030008729600001890027702150804800007059005476293003512480406900000
054870213008014000170600408092006104860143590003020006081267340046050020020400860
090010085040275901000908000570026048200450093030000526320590804980103050157040639
000046900005309080604852173030000240006023715251060809060005490500690327700238001
001904703590627108874103902000370204000000307007049615436000000952030401010090536
502037406709865231610000700056074082137608900420501603005000309000900507001056800
804760109050040870019230006043082760508900304002370500637001945200003000400657203
300560200520010387709820001400001052810652070052700038030048000960075803170200945
063071582781920000000800709006047908810503000074009136042018005000094820198600403
017006020263587904004231070625394000001075400008600009100400795700160040040059631
643005271000040050002006000508910630170000985000508002210309564085261793006450028
002190008000273961790805032057030006920516070146708593004900017000051000010047380
000060740649100205078294060302405690001026038760080010910072800030050174057340020
070685130000003000003791850040250691591000087062179305080502060006907528005840700
060104095040003000819027634026305817384010200000208003401009508000871040638002901
006520138142903500300010200019030704060750910037109050700860001680401027490002805
000700490003080210049260530050006701091340805870152040027610350010000680030529174
420300060300086704689704500910630800200875149500010632006540070702060395000200480
000010800192300006830765912000047005658023007047500381421630058069400100000201049
050603704260710385037058060700095143800200057503076890692000031080002500400061008
200000000083050472150370908700034050030680710560701384800003005020810047691047823
000080720903502004800049563300250017051000046409001050504630298798420031000918005
000508007248730056057624839020073040009006315013400700530947600700362504900000070
061008407430072109007401030879046020010205904040100380720600003100020005305714692
710800003280013070356007890931020060070496130602000900003050009897032645420080307
349520780070309460065074000801005004000081620097432018000000103480190257900257006
230709500000360271675400090083054009502100307009207085850902704307046908004800050
708020006001436708690001504076300089400802150802910060065108900007690005904200671
000003706608514902000276018512009000000030290397625801120307689760098504009000070
003095004012600035540720106006340057350079018027006300230400001400930560608012470
906004208841079003023500409078001090402900107500720364090032006030107005007645930
139008045050007800008594603023045170806700502010980006401806000067009284500470061
040057310051300076607190500200010740489700052100942800508400607306270085700086030
037000800080031007041007053805703042020015398910200075306850921050109736100006500
040500037962130040005082091280053070007001980306870052003206514610340700504700060
080009013607103280320680050803015009000407030749060521930500760010800095205936100
500671093630050007910020608080932461063000809490068000000005016329046705056087020
310075400860390015040080067604001002280907540900046081023009874400713020096008003
013007628000210400284605090805920000600150287042006309006079014098001560450062900
001254900490810063058000014025630040930742150100000032009460070013908406074020805
040060350209034700083059140308021000020043015405070823900410638560307200034002500
510390020008042135004170096001429008600501900809760012900250700425007069187900000
080200403350847260410030080061580327023796010040000050230460109806003540100950008
080200951907083200026049080208751030004030172071400500040027809032005407709804300
059200008703890120021306079045600290038150000672934000014709300307061940000000781
492087560000002094108604200030708045647500100001906307914060002005239406300070950
307128005000076192610095300000703051540081000700952060009007504070064938834509020
060300058310050600405681709000096007709008340641503802590732481134809000000000063
090005830305041609074390500802050060930407250007012903003000148428136705050074000
006482005000310800580970302750800600600057400248100070900728034004691250020543980
300100900128607503005304081583000200910872306000043190060038705031050462057201000
130086000069270503020513809201430075097650408000827001478002006910000004600048290
760040308539000764840306590400920007078065030025718900090234085004097100000650400
010780309350000100069123084094370650623908740000006090230094800506831927900000030
070082054028503960001004020843210075900040210052630400204006109095421006706300002
027095640006034002014007035040306189681042500900080020008609250079008304160403090
970830200003102075280007091617920450300050900500071028092040786800719540750080000
006089401009000067005004002300006700061030000520791634983050146142960003057140289
008057049690802375507000068062090010000000590900163804089001630021986407750200081
080970010040106283063280570308709004450000397709405620804321060095600030000008702
601298050085043710302000068400006890020870036060059124034965200518002000206700300
390801057708300091501097400000030012030042060902608000203005986475906103600120045
400032008653004100800906007270360850146508703380400210700000940534009081908040370
305409702007010006620370094046090013200034070170602540580040030700001865901853020
000403078007815206086907415103006724004370069765094301000058190578100600000000800
090072086387400090060900070070620903000007240904503010700031509219705800603849721
803154207100063549065907800704030952009002731000090604318070006547200008000008170
071040009089170562005809700047260150630005900100094206016900405090631827803007000
901520746007009005502047080423100950005034060600290073009000807276980500100753092
482090150050801004900042306723159460600000093008304002000028630260030071839710200
704030019002000640000405703213706000648510000975280061820300106567002830430067090
601400059870960004020705106008026507502097000017500362000273905793004820250010003
043807002270006500800024637930045108060080095081092006120009040300010769790463050
306905004000810690489006102032690410008300027071208005160580000090170546250060830
009103040300207510158400730800020103930815200720300085000040300497531826680070400
024985010031067058506100070178239500045070000092000000800000946259040831463891000
740060580010305907605180003000070608987621045350400070560009010009710806170056039
000657128167200059802900000901060030300710900048390715589030200204805600000029584
000008560950762108368090040170003405002950006506204703095026301040175082210000050
100043970060780210487020006604010090003290160910506043208407001001902480740050029
020107640705096003460002079086000702097068300040713086900000038208309401601845007
180092400093580710502617309010403000204900163300260005005000670401730008009045231
000078049451206038700031000206813057000754000000900314070049821100380406004120593
900307605430510020056008073760400100500600794290781050070800201021074008840102930
790205068548609003000800507930780001260490085001050902079500100820163059050007830
302080009001205400580039217420003806100820040073094150200108605018306000604070381
000840020000350070803192540050009164602500000309074050037908415596403287180000039
941300065006080200078900013069802500082054000054610382400090008620040901890073624
006920004980405017140003906803610540070804001401009078000508102217000080098142760
800350620935068000600001583068100930090605010250903806540030067106749000007500294
080304097009070005457920103034000600075613924010490500098032000040001359103049082
010083700834527091070000803508790316100035400360008050053804162701200900006310070
090003080386720095050690043140060058068049321020031000604970000805010639002306570
201065400030401705904300620000090514045218360319006000023004087560109240090802100
206408300574390002081705004453007001700001400108502000602053800935804006007269503
070405060906700104504096028090207840850300007047680510280903071700041030403500980
650710230290083047700246159007604092023001504000092801480107006002000003360020015
931564007070002054004080610080706130306009072709103008007600045260490080045078306
001908004400031085872005903748302001000506479690040020007204006056800102024609037
021000436894060701076010928000024800480371205257900304630040009048650003710800000
570912004142035906803400200028149005401060708609587100007050000000724009200390580
046700080700000254502008600000189540005430700081657030109003005854206071007514829
040103750030050010000640003401367908789014000620000107514000390062931475090425800
030000098002000430500038712716892000040107009200364871603021907071986500000473006
821073060005900078700680012498136720007000083003750090506091247900004000034027056
000250064710306052562007010276503149000020680801074000107900438023708096009405000
300405908098630542204008730900060851070080200005912470806009105509201080702056000
017304289000080504548069000002603890396070410700905020030726150865090070070500046
020496010870513094000020003008004706060270500200650309402789005081300972095062408
480903050006500013370860029200318967890270005160000200000080591048105002519730600
830049125001080300702036004148007032320005060000324081504090700907653048003001650
034209500500010032629005047760000051418307009090104070901683000300501690050792014
470900860806507092100036005007198206068400509041060300603704900009002704704310608
007038050401007380038910007002300500010009073085674129029140600840706215000003794
076093810302061400400002730160034580045080120030510040603940270017320004004005068
001904703590627108874103902000370204000000307007049615436000000952030401010090536
302008561040510000059206308030000406601784235028065000063421800280000193700039020
002640091040308000178200436004800723280050060790432008830904610020170309960003040
029473500605000700080590132004609005902700683063052001540007000070065314306204807
040000609836027401019643280903071060070060903680039075390814006400750090008306000
040830269820094731039260084304012605072050000915600307058300000060089003090105800
513000280070530900006142053859260001002719500007000329340801690790604800600007045
078201300063008017914306080730509042090063758480710600020100006300097004047800031
908036050040050690600007130000065013501923006030814500400602081360581024100340065
020500097710038500036207480104780206080000904092354008041900020263845719000001040
506497010901002704070005620157023080008706090600040537003009805015270900709038201
608530240450908370030010050700829610290000504083640900021700095504290038070304002
005631408704000010301074690028360900040009030930045781450082067010703005870006109
207065040500020960064108752000040635409010200000873409750031896000600021810059304
062479008017006025300100740254300007100290304070045012840001560621580479000064000
204053080070081203093040015650020039902500870040398500465170028007205096009060050
100702800960580073078900025024067008096450010700800564057604080300200650680015047
093200080200085003086730254975800031000074060604503807700062048329400070008057902
643800005001650374020340090108095002007130058034007901302518049406020507050060200
817400590000007400023951806000038200582000734630274008005090600791062040060740912
600312500930005806104006032009063028263170045000059300705030289300097001000524073
170080600000309010962740538640003050097815060010004827700408096829056470030007100
049206578006509320052001000020390706900007100437062980600825410810003250270004003
629307481070201690580900320250076130090002040810493062005030200040025970002040050
763815402000960300059003106600001009030547000100089034306798500518400067297000043
705402006014509728300080001041060050200045809068203410006024975852900000007350180
005720060361045907002030048703486210050000380620150004830004602246390800000208039
070000300803457209092301705058600920009035180041079030007548600924060801006002073
609020371235047600718900400002300507000200843803400962574000089900054230306800050
700205809901078200280001370068920450540800600100056083813504900070002534005730008
341050026060047305070360800080420003020600078659708012530014280000003009892076130
046080379217050060008067100000500003390602010785910206100700985472895030809036000
000000016164025978579681320006952000057010260900807003720030601005170032431006000
480005006360927041000008375023051004500090610100006538036180007700560483804700069
603209705250007609900064200067010390820793100100800420700008032490300870380971500
047021060600409007920070481401500300073902016009013870090034008082100643034260009
005001896619258407070009000021890045950402018400010900580104370700063080034080502
460050183180906000002810609600309500000600834803041926700090060235060091016205048
020360000100489000036102907263700890507906020940528670052874139304095000000003004
007201469090073100124090003076805041040100305031024070012009004003710500908046217
900006305361205090020037608090004080402860571058021900600098000209013804803400769
135260084040109005002040060004708100067051098300000207609570042400602509520914603
027000608140052900089000000093100782852007341700200509068509037005728000071634095
300006071067530080021740360000050836104080007856973020200365018670800042510400600
070405060906700104504096028090207840850300007047680510280903071700041030403500980
680351472170420860004070090800504000016980037532716900900040351040105020000000749
070000004026090001890370002205780049961032070700519260650043807307060095080007316
081060003574080600600715002040057306150090420803002579400620107710430085000570960
001905706837004500006017304070060103365190840100570002582700030600280400090306218
601048720700200040230069850072031068403802000080050432906503000020170396307006580
020004030645837201030010670013796408870050060500040720406023000007600302390470586
970100523400200010300900860040097136003062008067403259029041685030050402080020301
000429800062850147040100392400000038205001064086002005703014000090038521021596073
000528910921060807608900400004075003700306280386100504500004020800250300132089745
857000002031027849020100050500930086380745001910006073165800900290310760740650000
026804700001090820508702069194030670780040290000987050802309006307401982009020040
020500007190270506706180402305791604001600070072030015400010009017904368530802040
026150039050603704040007260605702040200905671000400500472516008501000406308240107
001942508020070460478060001810290356097630040030800010089426100046083920003000084
046800900031045076002601403028400097600308120104520300007209630500103042213700800
976380520302050800108460030084000169610090203000014750020030695839000400760140302
040730002270069835300510700402073901706295308509801200603180000000020086024900073
004300790073800060860947520380520900450730206010009830008100350237605401040083009
004085120508120439031900000010032980307004610902650300840270000070003048605018793
350002007004173205807005903610750394005306000038009056100900520209504061506081030
036710020072030069010250430160540700804007600700680241340065910600000000091374586
570849361100506000608000495000160859405028003819000240050403627000697008006250030
594100600261050749007000000019400508000087100408501060046010392073249806005836470
000030000489601000163070095708003064040089132321060987630197450000340279900025000
180000635034758190925103874450010900200090510301502006700601000000487209002035040
300097048890040060504130029759280406130064870000005900000420000603750204245010397
800007410906035000470180900000500748021940035548060192380600001107309860200050379
209006704008470002034502806007028401482100900300045078970083100120750609800600027
602090483408302000003054609006500102905043007720608305300020000209107530507906218
091547382340000007508260100800791025005432910010000703056300879000905200020806401
000040108405908260820160000700804036080293705309070821070351080690027513031000002
700163405010479003940008176100007900069004350000002041420081009500306814801045702
900408157506300092018520000280910040304052719009003008605197403801004506070600020
980030720745920000260070940072890010690000237004760059037684502056010008009300064
726104090050920100090500732340082506281450970000300400032809050510070249007240300
026510400003020679408063005500107826280054003670030001002900304010006907947385060
400700005786009400019800073000050084058090706607083529860921057900365040200078061
000000900007800023090316784750900006064571298910602530489100000601090045520480160
503804027001700008086230150008972065240305800605000930004507213907023000350080740
836021540070308009020467003000080900192530786308019050600070290000800160019605378
090006547764509801002870000047601050020900074503702089470005090609017400030098716
834751009100206003002834050008400900040379580359160000063900010580603002901507068
040796185098531000650408003026904300304102000000653470085047600100805020460019007
092014870670023904001070020007300000960080201208146597700208106013409700806700309
042517938700034100301000004510006309090401027204790050905162483020305006430000002
004801700028704130501030086102007000057623941003008620340000860210306070006495210
100000037003150409284793600002036541401005000608401903029007164010602000840309702
050238041020004703413007090001640309760089015530020060145070906800010527070956000
080640019120007060096105804001960072067080051230701040910478230072009480300006007
000009020096003804001087090980071035100904280000250001017090342428316759300740608
025890030390120508600500091089640302030002060062059810000078100817205043046010780
018050649200476083643108020074610802001380070500720310400060000060040237052907060
704520090501609007060003245605092073040750810802001900090085004207900108403017509
005130689290800405006000002052403000084270000160985240029050178001620300038791026
130980200500107980068500104070640300021030547054012090400076015286450709700090400
470803261520904800001760045200090600005240093700030002067301450053479006002605309
827316054019050603000002001900500468004609012681230000060190705043760089790020006
403590080790600003006130479084300005031025047200406308079260054840050901005084030
010740009809000007527610804005087940008205301730490506950070628001800403080906015
010502060500480200248601500600710945000845020051296000075068012026100379090320600
090340605000927801040500930704895206000460050256003400070000009020709184489051763
020014097670030140045780006054390001017408630080070409400000200060907013738125904
584000603006480750020956080005807100009001004132049867051600970090308240240790006
352708619798301040600205873120080007800030421507029306000052008000004002201600950
000310906739206840046800020091000004005189630670023150013000400964538010000640395
300458920079200034402003005930720086050604301047001090820100700060587040790300168
563102900100040030004035861078020415050470006402510300019304708005891620036000100
210703840307564029069002300152478000040650780070209410800000530090006070704125060
501024069000890050948615720000930017000452980802000305619083004004006192720100030
360085000051706008098213560815002700002470600400001089023007496589160027600000051
984017050010003986632950070843070692001236845050000017000049008028005100079102000
006915700120007809750400031490058160008174005015000078860500027002863014041700080
508026470126408053000900020061850002002041085804030107000060510607580209285093004
090003508031080200850429160078206035000007000925340786200760354503004000760502810
090340605000927801040500930704895206000460050256003400070000009020709184489051763
025008096079605002300907508902000065603290000010586329190002650200051904540309080
026513004081070036004090710450020100070340609069701405205037908000150240847002050
304009500620051809900326741439005100806010923070960405702008054060000307003090018
004030000280610035073400000308175249401203508002009301006391754007506120030024006
040801207020530486003204000098750002037429860200183700800000570000008609360975148
015900200048173006090200841809600020500409608160708305406391070000002003321060489
639487100175260480020150907490030672003706098067090000352074016006010000000000734
678051000405097000030204760384010007002003089090026453243569801000400530706038090
030607050968510300010329600570162038821035790300098015050276000600900020002050067
007500036030026015685034200803007129000809503569013000016000070350971604700460051
000018026498600013026073004812704500034160207000009301043080005071596438080040600
006198200013006780809020560004701098785009410060082005007805123052903040108070050
040726180900030420100804536460108002051000304792003861509000008674900010210300095
623047900010000073004835601030690040050784310941000086489500132002400097100329000
054130007000040320000607415705408060001263079903001040090320680000906054416875902
063800200240500001100432786400080607007301509539720008002070000900050872376298045
071250306509860000800010759200406035340070902056930400080105020905003800014028593
970201346384750209200390580190507000007040021430619008009172063860000470000408000
067300148050047693009080205072400309598070000003006507900802051125709800706504900
408760205056940070030002640810304002063070490900106380070409003049020716105607900
650870090047093058380215000010320586528006300930158402093507800165080000000030060
046038570102056894508041360095080410000509620000073008050807109709060285803005000
070200039000934086396008401010060070450302610630081950063100800001059062509023107
502600017801320056003019040410000208078235104006084700300002501054070020607951480
800709036460058029090620040021504368000200004580396172008417600049800007000962005
803009017040780326702410000605090040090307562270806100027900600009568270380070051
980517006401200079200090830009023000720009015630105928846002090000780053305061082
400216970070803045298000003500301406142609300060020091700908100023060780804702560
027001690900806704064072500040008000198064075070105438052403060030059047480007302
951000400002973508080004009803090600409067051016208003795400080034680075108709304
040801207030420691009307000086940003071538460300176900100000340000004106450613829
341876025000000073807302010408005307006910208209703004982637040100500602500008039
800070052705902310000050947103746895008001473500380120010007009087615034350000060
038002406590600020020531078700305210080010060315206780403807190050009007870150042
469580030080026105050300960874602059020703004005008071500000810006847590398160020
205370019068091000139085007450700028306528071807014536512030080000002100600140000
410760005267008040005410706140030658800026400300850090693245807500600200720300509
000007000108495632692030750019802060380570401004010809905780203800054090201900087
509002006038690574060850002607025031100708249804030000085914023010200057042500900
421008576500247013003160000107600095000801704680059132300072080876400250005000340
071584260540000080098136407759608000080000670460751920005217040004360002607009003
080401000510000842004002615129000080800005401450800709061530294945120360030049057
070103080109680074086400590090800065504309820810520900901230700638050200000960438
741390260200078004800100300092730806310504900674009030080257003920480650400016700
460090210098020050002564098950840003604900782800706040039480570001650420046200001
245309000300027009719064200490100067500790482000040005038651704150432098000078500
630904107091300246200650000040063709310005080907480530020036015156209300003010902
008104600245060308610280409009300000060095001701426005500000123023671500094502786
047036050003201067029050081300075210014002073270103090090060008086029035730510049
420008609080700030105639280590016723702003100030407050010004305358260090900370810
003060010486132070010400326040023067350870104907500002091647250200000601604201009
600040380128900674300618000201060500064370802900501706850402137730150400002080060
008904360306200170705103020200035609060400002934820051400307090609000280803692410
569001002083726005024895613637504921000003084400072000005017260010649300000000140
370846010026907834000000907004120083100079500052038070205760000040583720807290051
408507000092001875300280016980000001005896307064150209009018534531920700040030002
509307280724186935000290107607003801001000304483600050040930502900508003100700608
200357000600000853395804012800600075701030080052478106003910527006042000529003401
143902570709045031000030004972300140036401009000079860065700300301620957200510400
004070810080940270726005903930468052800510409052000600049607108600820004208004560
803154207100063549065907800704030952009002731000090604318070006547200008000008170
625740003104036205000008640951200738002309050007180020000400587509803000248057309
729306108604870003010000607000900200382760010045100730091638400007409862468007300
001007006307512840045600210506208403470009001008061702003904075729105064100700008
015490270987300140000170800509780010041600587020510030800007900472900300006835724
900018567281700300060043002402876900806090270090020056509480610014059708070100400
769508004003000057000901300001693008500710439030054621102007800000489102648125003
029074150500090674406510000004360001350900400690450238048036900065709380002100740
005701920800290306927003004690350742570120000002600051000030005253480097089012460
367590801490001203012843790629004005000720084000060900700006020200007569050218437
601097304200300000780054192097805031136709045000003007962478013008000029500902008
243910008080200009510080042126049853000062497904805000360028004400001305052090680
000840020000350070803192540050009164602500000309074050037908415596403287180000039
320000407509040860146090003035428109010000628080000305807630512403910086001005034
265000807300405200004672510002546001640030750089020064100050020026807430403209078
509040370208700040006002810490215600600034120120870094004000781802169450301400200
176000320000913067403027080000700201701054906265109800904086700600390548530070600
093002010152309046000510023860253091501007802004100007608091030000430109319800670
930050000401769538700800140305678920090000017840091005570300480100007203083546001
004965310070200000516040982805492670600000804490016005740038109103059020008100760
005832000012047500800005402080000076360071248427380159056029834000058010700400605
063879051200010006970002408502906187638720005000005600004200009026090570190548302
670001509400080067309060408002009300031075820780100956040050792057090143093700085
830065200512870046940020857078002065200607400460008720790286504020700030000530002
004600820063478590079010300730205109081037050050100740108304670325709408000050030
000900614019540000647130529520800400008024050400710002100060205782451006060289740
060203810231068540040100030700016054680300020150407086028000470010734268470502000
500067001001002708749081630456173209803204516000000000960000007087406195010739004
004596030795380460610007985900765000050000008302014079009470016401658093080030700
300068019802014603401900002200090006635072908070603105009781360746059080003000097
050608070070023915003000802780000021210840650634100008508071230961204087020006140
907250048068143970010097200009010006306709420401632009803520007172060000005004012
841052006605090800090687140408260079069010004003074010120048960080000527500729080
001080709700102380598073002030208590900700403472530060009350806803907200057001034
005600014036512097910300006294805100073900620000037409042053060050020700380190542
079804051040170030310060024800600097400701586697408000765309102000017060023040079
190674800407009651060001090900030010712490380008016940834162570600050400500700063
050100000692348517008005240001604030080703420743002901034500070070001054205487093
210834700080609504960000810400761302301008070608300095802050040047126908100003207
120597634040016082609000000401032098790085026006900005060829401002700800874003069
020495180058003004409800025564239001001080263800600009285901706600050008100760950
215700940730400005000591320060070201002910803851023400006340502094006710507089004
081060003574080600600715002040057306150090420803002579400620107710430085000570960
089006074345172000000040532690703010710024960002009307000007000476201853031085706
207940100108526073030000502001070030760830240304205706009162300013400620640300081
006350280400700301020148006047605030650830427001004805062000943008406052074003018
514080937983507162620019800748061003100204608062000019000003204090008350200490000
041059700098701004000403891250086000904170200813940507576004930400098000180007640
670020093003946087405003200009860005081259060046000829032105600004600370160430950
920605107007901640610007090243760000090200376100350920002480510069100400480093760
000003079437206001850401602540030800760020904900764305014050003070902106605017240
080000502700290008300000017824961370007040291093572080201650000648109003905804120
003790060047630502890020703059003200380260157010804030400010906031080470068547020
214653007030740120507090304903004002420005609760980053800409006006030208095006041
081632590700500403320070001570203019900050236230908000650397140840020070090040302
900405061830091250140300900003908140590002080208603590051800709020509010609017405
941300065003050900025900071082109700097038000036470298200010009310040507760092134
005139086981046250006020001600402019170090000800650702307014500504983100218500090
007840100300700004610250879870400350265008040040009702036027508002685400581030207
639700000270400030040020000700302948100879500300054721587130492400298150900040086
143006509200048001060501470005169800689200147001004005002007936096312004034005200
080090025296000001031408096170980600052603040063270019625801970018000000740062150
980001475710530802025700310532640098006008030098310600050470000809002740307800201
040865007005201004186000290590140702600008050728530601251680400030002576067000028
900608070126043800080201060369175400407380016010409037501024600090030001608907200
540902703200617094019000060850200049320800150900754300490360870035078900070009405
070498620100000049894602030900240063640070108510906200038109007700004310401035082
005130206102406058097080001013059604200008300480071029000004803908763105364800070
020540601004160590506980247238004069007001835005000724041070052309000008702005906
076008104200104350410970286720040010563010802041500760100697408000020005807005620
940230105600857943375900002400090700297500030810043209100070020700020610562401300
102050043605000901793010068854370009026501480017024356230048670060000090079060000
000060791169752030078914060607435002840079513035800000001200054593100806026000000
005431870071002340604080900167040530200307061050810009049008007700503104510970280
795681040000400519410003080800010075956048020070905860260104708589007001000830250
620030005800071940407280301709300000082006490030958627018007036306102004200803109
000009038018405720342680090029306045004050067706940300080160059260090003093028014
304807600000205903927100408705008000200054869408029510032080005800530042501970380
947125803008090005005008190590680700470051680060200509084702900010030420209064017
087003910009270586206508000692417058704000090000029607420050009105930804900180720
002076900749015680061802050906721803104608500820050106000563090207100460690200000
480091206050008030607430580840109063901007850700054900060745020208900605510200097
000009200594102086620508170182697004030810627060000001040001950207986410908003700
401060030007500016030090542048027965070056080003189274000904007710005090694270103
900006570170020804300040691000050010250061700860470050030105407709084320548207169
340098705596704800708320400004000176050180942000409508809001054060850090270906080
014080902900261400080304071030002010269148300075009280000970020820415703093026100
031400960092061470600029005003580700057900028068012309200650100045038296016007080
213400000700802000000935271001060007037120069026093810100359008300647152065280090
890260574240900100005084030001649720709000003520870690130090056050016807076028010
230176080708900010010008375020680009860709030093002768071024096409360820600090040
036007402700980630210306700190625300503004926060009070300090060624570890009063210
800304106400891300913000850109007008546203017000019043080900001790602480054170069
400915800390847102081300007940720501200058070075090328830570019062030705009200000
005009340400057200921048760210080430080201600503094102306002910140965020002400570
060704150500009020007000800000400500394158006080692341042987605650001907879036402
005907800309100560048360071500204689480509007920070003050491026704003105190700040
007400002042800763500030804084375601306104580710020049608040030403580100200960078
003709010792060580061452097210900058059876023300015009084000230005024000620530040
000560401618034500905720806006043025200017340000000007500070684302485000487190253
493800005106000008807006103562400071300620400709050860930714280614200907200060504
053904816000173004194050000507069000961207503802000090405612039306098420200030060
210700583593082010867000004780004060631290470940050030009826307300905000026170050
509670004001390527830400900100209300790014268056700040078026050940100680600805093
900163285235000900016009000027980006500634002461072893152806300008010509090000018
037210050098007316006908004080600421942580607060024000803745069670000080010803042
970612000028094700601800002062031000893040201040009067407028603306050120210400875
030000178081072900709831600005009040127304009090580261004150006016403087058006410
400915800310867205086200001890570304100029050054030927940780063065090102008600000
908050423053740010100039500060010004489075032002980760830400659040001300097368001
900548300401620098035000026090406081004209003126005740007054000340100875250037160
570001360206430780003270090020569030050300079639007105900020010381790056002150903
743201680000805034065030010204906057070354200509000306450600100020109078980502063
840950610091600084700084300530091408108405039400008100054000820203509701010832040
008412965040500320060009180004690812826045790907083006700006030002701600003900271
400508607635290401800100300000045008186003045704901230270019003503870090900002874
750419602900060008032007104826000700000748063340602805480026950009030420205904080
802104009530090460690305007908012304040079000716003082007900800089031620065008791
630052019000048360412600008801074030004080091065920074140005080500410923027063005
900253000007000289426708103200516490095002730041300500004100020062930875509607300
007193600910400027054700310300040100200000700190370542080657901709201485000084276
020360000800149000016508907793800420208704060160295780082951374501072000000003001
070045090090070250548210063089021035010590028650003070830002900407930010020104387
008610020020850140050920863200700006300405702506102980092500030063209475800306290
904570628106089354002006007300100070001042000407950061053014700700395246000800135
500800300213045809090032507104960003060520714370080006400370005006200108785609032
500000081072856000480073625008349507690200010034500092001730250850012009320600108
002000657567090018800567294689040705020000046003608100700906083096815402250030000
068000103037800526050160080000354608010600930386912007801035260900206340023400005
005001070097053216000000859078090004900032100213584600156070932809065000702019560
900002574500090318483501020305008061296040835008003902070205083050304090000719050
093004008708903150500108703820005400030041200054079381316597840400300016009400007
096824710700050600402100085670030000024078369300601027810490030003200571260703008
002680040160490200409001865507046938200309050093008004820037006005800300306014582
490608003008002104210904087030275418800460000574000302080040270009307005742506901
003271456000503089562908100700619528109002760050037000908025041005106800600700005
056007040300025607024310980830040056409752100005008409073894000080000790902071863
080500021405190008210830960600409080379005014020710096740051009002068147036007050
025840000087010420004920185019002800003089650850760901000038004530490076496070308
030002081109806750870049200090385420564000070080074000047008635003507800608023197
056120400100030906308760105700000000084371692061095078870903204000607800613040709
009100408180200000002800761870019042014026870206407000005041307630702104741038050
052010308000853410831040600009180240070509801185300900010498023003200080728005094
004907513900563248020104706759000364031005879006370050002000080100056937075000020
053600704607904008000370506000890400098137205571246903000063007360701000005489602
400100906915704820600903050250091367041530009006800010007640000064250031520007648
090041007610070328080036941538702610470160809060085700821050400300010280000000175
060000280004362900032005600380107029900020300217904568798240000053719042400083700
304000200008932400750406983003020769100360500469805001801200600030741852205008007
010940805300506910095000000943150700070069034050300109501637090068090352430285070
604010070905008160100694580008940653346005001050130400800400000530801047061709835
700396502000540030050700900090000173301007004800103209439860725007235090006479381
781090342304801076269743850605900483000002600900356200830070069000000004400039028
937810540020900701100072800000305028095208017842001005009504186500000200683127900
086702004000540800154090237070905061029304008510600042205070083000153000391008475
703684015501973800900150007090700000835421679007860003306008402050300000180290530
000609103870000906903010540080107009706348205002950780608074302009200857507090460
670020093003946087405003200009860005081259060046000829032105600004600370160430950
030010090091000567750860300040020759005000483970458126009673205300080074020900638
006000080007831056280960031002003167310726000760085423641300870500248610008600000
700053408413826059800001003067080531040539070500160004150392007089005000072410090
600001052012004736379506800160049587457810200200050013900102000000000020026735194
030002081209601730780034500040519270695000040070068000068007419007106800304095627
804100306020743500307008420030064002046001703180530690200305007491876205500000908
820946073070005840005703912050837004000560030736294108094078020617000009083000005
081392540400050980906008300000705609630920050195060207572086103000510704310200005
005340820900518460004009050069084012040200086238006574150930048473860005000000031
621780004374605109050014000165002470000071603800040010080103020712450396090067800
000000010370140862261879040010230706920080153607901000846703020090506078050090031
103078605056020809072005304960013057705902130001000900600030792000167083307009501
890000000200869470071504982310045060520073800900002135085400009002397508039200740
140060835090001020006800900080127364760940000010356090409602003052403170031705640
050080000136792845200500017093650024048123609600000500070305200360210450025060031
004367020203005967065009800620051300507003019040790605002970100170530400908100756
204065000350180400700023060072604081640070000193850647837590000960240530420000096
190804573000060900324509001041607800937080264000042100500710400002006308489053710
400009702097284016020701405900076004742008069165002037009400008000093071076125900
900038651050100082003050700406500978895740006000986100060804529200315000578260003
006490108148006950007501300413020780000750001670038204004013520709805410350200060
060400580708009032040020001076892015080005627235700894007250003604070008590080276
095263418840005203132804657050649870008057906960000005000900564009080300000030709
079050400300170086860039075106320890090008062420690700914703008680910347000004009
050073000300980461189006057600800512530019706021067000900302605063708009045001803
000514000009230001471096032003080614100762000095143027040009100958070200017028945
980026004564871200130900007020009158800502700006138400240010305675280940000095002
230700800900000053005034702050823607360417508028560340097300080002178000503602104
069023400730400010010708365205014693040009500903650100601030804000980700827540901
300020600007400308461398502002910030100050800745830169203040700006273004074080253
200940736700280149094000080178603002450009600369100050016098024000430060803062901
000500621201086573050072008030600084900850367760304210087200030690418700010009840
080703001715920060040600752820560070904301006600800539532086490400090305007035020
810040506070165300065300102500031987607504203109700000006813029320070860490050030
861053097094000308000879040500230904037601025280700600603020001050017062102580039
040007308790400601026081504009376002007512003003094710904038000680209100032765800
460103000201080634007604012108790000300501708506008291010275803705046009620000470
200710530410050080035408102321080705000570300750102098062047809900060210508920060
870105049004690807956047002020306095635074208000051700347502900100430506000709000
004100037310407500890530041070005209059804170103270080040050010030028704685740302
068500703007962804400030026159604382020080500680205940002000408840190070071028030
903760012760185930010000060600050301035041090401076025209503086150098273008007000
200500764560002003390007028000650030678304200903200406430005671006900385810006942
000425700940601000002000300205004167760210538831056090010560083006800951508193004
001005736670120009904607080017590800400870091092010650036450018008203070520001063
907802031085403206030500900703205010001089762098070400319050628800620300006930007
041059700098701004000403891250086000904170200813940507576004930400098000180007640
530806017462103908000090060054002081190450603300701400873600540900024000006507139
056903140970000002200487095005000008009054723428731060587642031040190806600000004
473000009012000375560080012294008506607030001080605704705063908130450067046000150
080710395051380746473569201040005900705006002000807004230900608010008423007020509
509036002026080950800025640094261830005340719083000000938602071001003526050017000
580060720123807056000205008204076080790002630008510240031750802872000095000928003
195000480084951603000804900003040260461095730900603100007012806010409002629030501
002806190406390702019200300028407069003580271097060000205040817700605900904710005
000000013305801760148763009060900070497205300050470921000020508514087002082604037
802104070309027506001050820030600905004301080926085730017536298285010000000200057
400085732300074800578060100790030521600057900250091600146800005030046209005710068
321050008754800361069040000042670150607010400080000270098060704473985010010437800
705000218801650097002781000573060080008205670020810053250079061080040920106508030
090600050062580379350129864046308015900040008071200900504060231000030086620005407
438100056070465003051080904540009061010500070097210405765920130120008007983700000
907250048061873590020014700003090006608705420504682007709160004346020000002009075
100409500900001870670820031340502068015637000200000753009750012561240300023006405
078009005093045607062008300387904006005607430600803702259030804006080050040596270
506200317240763005090500040900820450358040120020930070802079504030100702670450800
836021540040507006090468001000010400284790163609042070500070690000600350068203714
035204700204397000090501040516809300420000008809123000301072594642000030950430620
590463801423000060000502309280690413001200500609104008954020087000819000016040932
095028007061904235207506900400701620102605700670290000700012309500060070023057106
941300065007060200026400031072801900095042000018590472200010007760080103180074529
002805607367029500005607920600473095050000164804506370500094030436000780209060001
986057000415002907073140000009200675024596000600701002302408006541003209800005341
000287605567000100820051940104009368030506001706803500610400079400102803082905400
046038570102056894508041360095080410000509620000073008050807109709060285803005000
960700501050000407720015080247068309639140870180009264070600000508421000306050042
200080030340007020780302006517298060039700012408130009950803047003604051000579280
060094010570301820130020467023486105001007080098100030200073901017240350306009200
001360045370150290520007030030009516015406000092031407000095802768010900250048170
840950610091600084700084300530091408108405039400008100054000820203509701010832040
004501062358920074010003090581670240030050910200130700100805027095060801820310009
060000581205810070018957004004020605020508400153670029001205000072400098406083152
090050020470160890680207013043009076509041008200306049120030004030005960054672380
607001400028670539900308070016439807300200605082005090251800703070510068060042050
004001030003800294500064708002600047901703060367548920030005472205430080498070003
007600032160980050059047601500021000091504708803060514908306205005400070740052890
004906050620007098109850740002508037063091004908070021090100260340629870206005400
385200090000304008204018365821540630050760180700800050408100006600085713507620009
030007890258014630600085100982041500007030400006850271000063042160072000724500316
210090347400087000009100850860359471301000080090410036935860720124730008080920000
060009375032050000097683120054208031000006008783905602305090280046032007100067490
040701008720508013508030062400390821391840000002010304280100500070453200905006147
058061934001420006046005020500890267600040000397052140003270509805016000109004682
702140306501670294040009017000320401050904803300000009000590130920031670135762900
070850200200430087384007501759013042000008305830540700560000100090765028027089603
020094865046105020380007190271600539400719000698032000704023900000400270562900040
000410287618050300407380005235097041800020030001830520002008400080900062146273950
460087390500034000309050284908400700040010006630872419106003008790520160003601027
180000635034758190925103874450010900200090510301502006700601000000487209002035040
300492500054000023601508407476003250500964710008005040749350000000700934013809605
602189537907006800081003602825307000000965270096010040003004080409038126068001400
800907321203800604409023000038172000100060780607009215985006007000408906304790052
410005200720900168900216007204163070007080601601050083570608004009007850063540092
009400306370195004480002970003900060108036740504078103845700601000040850610853009
836079001070105906500020430040017005005283009289000173958740062100302700020600014
902100830304892007050003620020037106603405000709200345037000050508074061040581970
050020009903050280100390060235061700810274650760800000020700801071680920308512406
768249531009713800431060007600450308004000609002070400900638142800120906206090000
009010708081900460064387002052871000073500801100003576807009135300720090940035080
600040108502801740800730965300020004708000392014308570405016007100075430920003051
901050206027013459050028173573201940080300012102009700010030590700540300045096000
500002400409086015206105307642039108007400003050620970130090802020060701708213500
600084050503092470082530600006978040054000837100345000809706004065419700041003906
401906027763218490080057001894000000100080054600740208078002506206005180519000702
500300071609050080830947650050098100018004090206510847905831064004060009760020508
602450013050010900194080560006905781900070050785060392001720009000301245200540078
003709010792060580061452097210900058059876023300015009084000230005024000620530040
040020090568194027200005460000530910025000603319786500902360004700908250084200130
090100000170308020580470603869201475000000090040085230617500002053827061008614307
482067053916053000030040000600324517207516830050080026529000300160005070800032960
835721946000003020290008005504160230007380054310050700100076502960030010708204093
005420306000100900431695720080000240006280579200971683060042097140000002070806435
295014800100375249030000010046002008901847326002006007074253060609701534500000002
891726430000000092002035000920478560000093080008010903057004109230150648184200057
315620000920340586840097030601470008254000079000060410000204957070009860080736240
038701002142356890560090003006009035073500080005600240759100000024870150380925600
500000006702610950460500073120005739945030260807062000019300000058197642604050301
960085034002430005053007028240009071519870003000510802024050300100740059390028047
807210000600900003321560080009351804408729361003406000130890400902640100580100079
009263784008000000700890152305147290201905430894326071050600807002070015007000009
016003000000612483002400000798006510100095000035047698027051946903004020041928057
706201935000907426000000718030500840682004090401090602163009007204168000500372064
020010060010006239000042851086270305003058100059063402072031040830095620405007013
308409007090812030402007069900003006163925708025008913000230570270000004501794002
008596004109007020047020369680019503004050290905203080070080150006075030251360908
532904800610807900009501004001076090850140030920300040005492780400050216270618400
068100527500800431301054069003508700980340200100729006030470958004035602700602000
000210460010070532820605010602890750004750693509061820068000140040109280090086070
890042053030801900104500802709006030008210607061075209042900015903150026010024008
498010005000806397730095008060100903100602080384907206675020000000308560803061479
200070040074000219983124567040600091090000000007891620319207008720405030005389102
024908570905600084831040002300080065500436007000502318457001030260374850183000000
030090800409205006270061459004620015006007004587410063903000600800956107701043502
053460079704005638082007000008390460305804000010070803906103004837649152001080300
831947050070602001200530900020000804540263709010478530450000623092000470380024005
609400080802765004070009625083004760001098002506370840007100050018950076065087410
070240060310506090605070328050008132204031600190025040030012086420360905061800200
003076184100040000864105907708251060309600702500700840002067405401590000670010293
008700020042069530039204076253600917090570000060093208105080090384920760000307084
005907800309100560048360071500204689480509007920070003050491026704003105190700040
208070005059318640600050380542900063100003400300645019005100006821500904003892501
015079823080102070073000061900060007060057200527904086702481600090300758036095100
700645108509010037006039540310080056690057081258061309073000865800090700020006003
023070805680305209050008036040012963009734001100006042310850600890203107070091300
019450082520081900004090150290348716078900205001005000080134000050820391137000420
340098705651407200708520600005000962070280153000309807209005076060910020480702090
600500201001203670480000000008620090000317800740895102207436589009158427804900010
082000000100097806609281347075600281090015700016028500904076100830054092001900408
600570301158493060379610504531869200906037050000000900000020010015980420802000675
653914007008020009192307600069408000305070068841032700036745000004803070587290000
876530001000090083043610207080040900319206870060780305037024568500301000604800102
000600000074300809230570100361295487057430000080100900840010502190702048720846390
000967184080040039194538762203010000001390805968750400706403050000600008809100076
000613508583090600069005403901500004057020130400139760310840002870050001090301856
007050060280900137064137080028010003030800214041329005006502041170003900450690708
300068019802014603401900002200090006635072908070603105009781360746059080003000097
729130068006092100010006502190004835080573001054001700001320654035609080260400300
842007310100300045005000802051000204426850090030942061094605038000284000007193426
300790610726510480001006700800930261209104053013080000108009500400050376605247008
080045067007600000906708250260384170430060825009201600103070580608003790004096310
103208500900576200750009046000985600625317080039624000074890360580000490090052008
400700005596004700087900042000020073032090406801037259270369018900871020300042067
078400913100302500043910006350079000080253107019000325400701800930806451820004060
800074056507006824206503000960030207380607015070108030650049170004050060098702503
008043009020900408974160530062091000500604217807030940180056724705420001006800005
005009007190460230203708405370004609910602043006103080730241056004900300801006074
905800462600072100201094080027400093004928005059007820002789350090100078783050001
608007100730861502090003708062300057507619034040500600016005479409036005070104020
001300600072461083630785201007090064080603079000807300020906008960008410008234596
034002856602483090800005030078301540103000970040897003000200409089146005426009081
307012580806039701201000400570081090082900307019070208928705003035196000064300900
000206849280041000643800107307002005900580716150670030006004571790150004405307090
096007500207418000300906020000065490562840130010203605604781900078034200130600804
300920460008056201629070050082007600037085912500210080900800076273501009001740023
870301060900700001401902783300610204140009800086407910519076002720050698000290050
010702853020400607378000290160924300907050142080010069701000400802109730003805901
004070009008302054203549871001003000005108367809200140156020080340001596007035410
054071002623045010001800060709158206005300780182467300500000028048509070300086490
007089100648100090090340768070800020081052076209704013925478601010500204800001050
005264300200705986007030405109002053078596042502000870800020094406057038003000561
070001908009702000600508014100050376290630841700104250357806492082000103400903080
641390580000410367370008000004706921950200006206083040165030000000605418420109603
563102900100040030004035861078020415050470006402510300019304708005891620036000100
050479000790005001006321700027046380503807000184032076679204800030008094008063507
705002030230100056090536720406081205809004000300095648040053180523000069001429003
903100005200057980058304102045800006801003407700541390032908004480706520060005039
078001239190008076304076005953010060001060903400500800000030547739045018540187300
143000650907530104000481009019854203054000010060107095675203900430098502000005306
000213067710648050680005030074006000065320000908150070090570341400001026231069785
063290875009015632020070000700059000004000700951637240807961023015703490006540080
415203009820010040000068215304689150160007038009001070031002406000036000657094321
341065007709100406000790380804217069097000203020940010072006005008401602013520870
401005203370021405006483009583694700000030508120000090730050914805000630610340850
004176320062903407307000006030040501700361080619020034906832045081005270020010600
023160580007250400015700609240386790569007803000090200730902150190805340800600070
083460007060709003792030506200000051000290634614800009356912070021007005907006312
056798200978230400200060908600910084009000010010873002300009127067050849090147560
000078300000040650709352140001200763576103429002007815607010034004730201810000906
001745980005926100006001450150692004074150009902074001020500603368209040010460200
073001820145000030862037490000800214608400509004019300286100953401060782709000100
647200008005089406800640710050100000003057169416308570000061290528074030901002047
000063084709180320384070100073000250006752030052038960017096040900800012640301509
801094672020075104746820305170280406008106000064000810400060900509432000000907548
604500210017800400002413870070004030009638547438700600791250304060001002200307109
060830000082504076945760801654903020270000593100000684437100065509000318000300049
260540038840200001007803064604009507700460003015087420000618070301700040576900812
867500400105684307004201500001090785030068210078005600053846102400000053782050006
290005083000007090040000215016203079709800506580900042060780351158034900372019400
003701000097008140015209378080906000509010027230075986058607210102500803006102050
900002010304780200508930674000000830683497501057308006405010060700050103801273940
905804031300720056008015009437102008652000010009640500000591683000237005013406702
604307200038402017700900036082001370006073840017540009075004062003729104049100080
006920004980405017140003906803610540070804001401009078000508102217000080098142760
286501074070020500500306908095280007037400209020709103000100092803950701912640800
780016090000070103004800067960182304000050208805437010070005031510390746038760920
000083420802041000946050000019508034380070100075004082003896001460125090001437268
309102584500008006206504007625710840000005060890340705048600300750083601060097408
030160008159020637600709005570090800010207064290804703085340176760080300300076080
106409007050001948809750100080107023764030090030045806593078614600004200002390700
860050901902036400400078602503009200040715306086003190378600520104500000000384719
350672019460039000070000365095700640706051203010940800607305080039060072500207930
360270940790604010002090630980013062617802403000009001429301006100046300500900184
892643057400010083001090006045009802020401509980506010509100008034807601010960230
890072314502094000004060902105789203040120085038000007600957401401036800709000036
006030401700006008032401700300069814914300070680004032060057040159043087078902503
080009053500603481060800297001407002040005879608932000830270910400500030719048506
006239704079000103308670090005002408623084500080053609002490050907500040064310972
987100425541020003200050179300096800060040097120075046000607000010930508693582004
509060820080250040260089035005673402074900010023004067700032090030090270192706350
200590010085000004094821536308015470041900300007302068060480720802063900019200680
005308107703195006080020030037050410209413705000000963102940350058231600046507000
250000040809200513704030080480076000390421600620089034172860459000102060036094800
860000270175280090009470058000013720607050034250048100046090380000027546502360907
150004673020003050068957100730509480010078060045060290001096504070830010693040028
097431206062709000400008095050017060100902040300000102045173908730290051021840607
430002908810096452906850371048060020000128034302070089254009713000207040000500090
000006070600841902089025040060074001300500007071682403000490605890203014745168039
706809501040506790205400008007048100581090004400051836070184025012300480850070003
498010670002609480160200035346957210001803009005001763810700006000196020604030090
010097060496532708002000054089713540047085100030000280020006405950028001760950820
905006047006020980840100300009030018403001062002540739064070091078003054591804073
600087240804035007507001608010203080206510003703060512309740800470050029002390054
890260574240900100005084030001649720709000003520870690130090056050016807076028010
500160200802753400069000513900600802654208900020590630290041060070805049401900025
460087390500034000309050284908400700040010006630872419106003008790520160003601027
516270008840530006730081040905002400107000063304007280473158629050006037601003000
107900500390450267640002030003805000906124800201370000034210706009600328702530041
800259731007108920129000000501400000090600470704925618085090163072513009003004200
002306740704005908305907020021800003670054891500630002156793204009010007200008510
007001046204600000530874129081760030720340601400900087072430805040006070058027960
000978000008204706704300289185002903240500010670030502897150000001087395356400100
679103450812007900300000100023001085060305070408670009100050792590230800286019540
020540601004160590506980247238004069007001835005000724041070052309000008702005906
100085002792006385040230006270900500060574908450003067000198003604000870983640051
900320180018900026623051794359000001040005009080409003830100460207540010491087002
073004906026019075450760801005027614060100098010640200690805140000490580040201009
138040590907520083000083001096172008300004016041006205014209807700010600250760034
710684530640700820030200070206100083178060000000528167500000492061092750920875000
068702540510000003400185906001026030250340180390500460730650008680090007100073654
890461007140507020003290461000070190201080536460300270384050000917020600600049780
009140760000037002570062801017805300003200974692403518008620103060381240320000000
102008000630520080859607234060054028000780040087206519700805491908003602040190000
372064900000800600840019537001080076037906850068720400010493700720008369903002100
097802050060197300810050207300010065146275809009600142724060900058021006600040020
091030706304907850008204300409700000500040120180652974017020083630578419040003000
365280704700590201010006800401057038000600105657108002893705420106329587000000000
704095326352068091090300057479013080010000940203480000021870534030250109005000200
050843200700906814600170593500321000006497180091068000065010438870030961003000002
600480200480009365902510840070000020049067008005134000260941703004370681710600092
000250064710306052562007010276503149000020680801074000107900438023708096009405000
002740809096010037708239641025067410347025080860004000004003100009050378070000564
065213708701904632009000000940001026358026910000590003890005001070080309023769480
001359000956470301740020908675942080004600070038005609510034290062097004000060730
645002370002700001090863420900025740273480510060300200400136850731540092006000100
029005013103060824608312009000920007830050106070080000491038270305270001200501438
207940100108526073030000502001070030760830240304205706009162300013400620640300081
079008401214090080085641000006007000451080907800410563500000894700854602148060705
400980100038020000059703864043509201090100043010340957501037020320091008007254006
000287605567000100820051940104009368030506001706803500610400079400102803082905400
825793046000400023304050900002007451049031007107504030400002065708145002250800710
106950008054007902002480150645130729007509804901000530509873000200000305013290080
370080504600174083024005007100050902503210708402067050005900070900040105718526039
920000050350196040014257639000471386001500400703800190560710920170008063030600010
030940100745006392810700654001470200004568013370129845968000400100000020407300080
046782001023156070010349200100037040305020100274500306700403609601078400009200018
204053080070081203093040015650020039902500870040398500465170028007205096009060050
403010079069703504080940001008260000610097430702050896870602905036400218200180000
328041070500090342007503006010370405603008020054210680109705204005060100076102908
009020000758643920400900387000350270027004605345270800501460793200501400604007050
005009076600300402100006958003001865040703291000062734720605180809027503001890600
020360000700954000065802904583700190604108050170593480041275639207039000000001005
007410053526890000001500829083940007109600402004025901602050100405209070070106245
420650010065097204900002085590073821002006090170209003651000370000031006709865140
150390027679040005000170089465827901002030068300060200500402170820013500730600840
089726431001500008370090200700205000865940127900600540090300870250480000038160952
049300002001060573056827040010796800002040716674002300460908030007004908208031057
010905648708060500564081030930800457040050060850437192000040915029010000075093080
920006500056000014074015268010000002089030046263481050600078491042003685190060300
280974361000002090193060070010080040476010829300749005007001000830097104051403987
002805607367029500005607920600473095050000164804506370500094030436000780209060001
713905600906100537000037090000406012650010074194028300000874003407500089581200046
000406120040320005060105000380217596706534812000009047402900670037042051019003004
080900400641370095005608102020096584057413020096000007214500960508069701000104003
007405080532690074080700905020806003053204697704003800001347560640100030370500240
006900000402510769071680205063040800090050372708139050630025008040700520205308640
140723050320801040800000231780235106600000300950086470030014700071398564096000010
600007290070053401001900376008416053034090160516708940020800604000301520065040017
064020700100087605000631489000009163000376050600158004952864307340002590710000048
760409050900300267130072004074003618003200009509761002800120030021007896057806020
345600108928500006600489052000000000730205081402096007207050013003021809104368720
369012070020000109000005320795340200281907050034521807946080005803059602100400900
451029800230001090000054217100836905802100003063040701310208470000507060726400058
801047203030805670025001008300409807648050009010260530583100902090304710004502080
028190000000300086793086421070050008900701540235048107012460009060810205850020014
530806017462103908000090060054002081190450603300701400873600540900024000006507139
200079004064028900917050600083006001420783009506012073039840020005000006142065738
675004000800009003000861205000175320562040800000002594348297051706038042259400030
610720058570060001030140690300009006002014980896037510000001060167582309405300170
618250703054000028307806109260010070075002080000095016090503061701000502580920437
000008030934675208807300940270840051100050300065031029501003487790124003006500090
508403200006520013720080506061750098204006100080340760839014050600970081100600024
320000407507020360946030005092158706080000942070000501704280619809610073001003054
009708302040609580587002900400981605291560400006000103720130060060005201038096054
700064023008003160356092004040085906503006210602730400860020305070010600204659081
498763200300010094500009830006302079703004001054071308280047563145230007000008002
210834700080609504960000810400761302301008070608300095802050040047126908100003207
090087103073010000418263070040056037300020850500340000100070098986134025730890601
040801207020350849008402000086940002097625380400183700800000160000004908210568473
812500300305800940000631028004713602603000010201086430096150200020004050530067194
041259070060100850502070940020901036317062009006004025094007008008420090073890214
030600005900208630624053017402009051300040008810726093280067549046005300500480006
006001040490780610027906308754090106800407093009108500008004725305810409602509000
900500800230084567608210300704802013809030056005049200002006700103405602506320049
387005201509048760601072500005400078170869320860003190250000007700014800000087932
001702950795360002008100460180076005030010600076039128813057290040023581050040000
460001020190003847805000690583420010200005039700316250908060004601530080024798100
216930074705421396094000521609002080000700009532000467927100053053007900008000042
728935460005006098009004700006143072310000800097260053000002039953087014064091007
040273061032010700076009023420000670090654012860021090600930140210065037089100200
801295006060470580075000104097186203036700908100050007028000600010607045604918702
180040903402910008900602410730004280010820300240079061000091030361400002890036145
891600450060040810457028090020000780379200564604059021000510030900030040530406178
046809705305400801008350040004060208160240309580093070409020100801730596003081400
904570628201048397006003005500100070007065000109430086093016800600954731000300964
090007608006590700147083902900050380438900265600328000803060100014230806200804503
000329801910700305723008090260093450079040180080507900002030009136970248400201030
