271358064065091000080027315608079123002046750007002000706080500100060872020015030
086900253305160008092850040209516007567008020400709365801030900050000810900280530
034062501006803002082594607258601740309408006060050308003100074000386020020047003
697038540520947060483506710800079035056010407000200901000094000070682054340750000
678051000109078000050902180235010004006005031080023795813294506000500410507086020
049100008038000249562948001004030086600204590800001070906370820405009317387400900
507096041409003600000005970003002786020638004600709032250007009371060258940521300
530908070170005360004130208020503401840006503053810020009070010280300946015689002
710400800605201070030075421057164082326900147000020000400017008298306715070002004
004506000000823704000914280001780090903000672570630008200348000358167029106205037
040007308280300705093048102009452006002713009004069230907035000430906500025184900
054600720100980000308270915287060503040307060003850072025700140430190207090540080
090600000008257014251800673509320106300076000106900327900082031807030500403560089
201830750034009008508702301150020037802015940640978000000097000300061400905083672
150083279702900360000700584375200046008000190960400700413809007800007405520104038
905163240800005017106070003593084076001306005008500302080001009310658700604009831
401005203820019704007482009586947300000050906730000040950070831608000490140590620
306051480104026305058040006802675003730982564069034000905000030400017609007000240
010000703250890014067400290728009051006005409490300806001070060000032048582964137
009500400018049360604381900145600708096802000030405190200030670000708219957100034
038506029067392001002810000680005290240169300970020605019047560024051980000980000
089726431001500008370090200700205000865940127900600540090300870250480000038160952
098400216000960500726058934007020340080003790900004861000390087879241050100086009
000031060250970183163080005032108056689750341000300000305000010020805639810493002
438100056070456003015080209860007032050200080029860501186940320590001008243600000
700020548052008000430957106900061700041030695307509001083075469200080350074306000
900017520460290007201500908050072080120005409780901650800029700310004896590180040
080562140050008302402300860040230518530000706061085930003020057900057080670840201
204071085850040971700006024060320009173805006980064507308009760040700108020018090
000500007647803052095402308034600270860790500500204096010008600408920713320057009
007580090904106873038700020009000068026038050501679340805040010073051204002807035
400082710268000390500943600806409000900810457074005809001530972040701580795008000
763815402000960300059003106600001009030547000100089034306798500518400067297000043
000430860342000010610925740000390270206000408879642005703584020020700384904010050
800000090402069300050083412200450701765900824034020906080670040620004570007508269
007090500580401026304560019702016943031005067400720000070604302900072000243100678
900005010806010753000027869003006024009102500162030087340068005008953640605041370
200000000058010974410570608100045060080960240690802157700004005040320016931057482
094000006703506900106800003867341529240600007019050468058473000002010075071205004
060780304800532096937000500080900430450807160701403008608314075140600003070090640
190003067006970130703640200070390810360180070580200049007456920005010080612800054
300800000812300547405020009100963200000040800236507194584209016901005438603408000
639487100718250360040610709950020613007305048083040000326074051001030000000000432
900608520208053907005090810080009002400076100607031400506300201002065340831024756
040500037962130040005082091280053070007001980306870052003206514610340700504700060
002700008930810070801602359090321840064900031180500090019007485320459060050100003
020060308036902400590801260689050723040690000300720906408310002902086030100007859
651074800389006005400005001930701000004908057872040916510430789090180064008050020
304027068012060000700059312629000087500780200040291603400310020276045030100002594
060010320003206005729805601010368279298041060007000800300500198950687402082090000
308010070500739281700048903106085420200067830053000010012070350405601700000953042
986700000000895670700460289010304900379650041640918307860100030200086090401007060
070190408806300100045082306060023504580000263430615089004560070009200805708030640
891600450060040810457028090020000780379200564604059021000510030900030040530406178
960804317805000009370291680490003862203060090006002753500020071000480030639005028
208305476005006300306701090504067009701004080020109754030650017860010205109402800
914300760020170930700092050600000073048537091397061420180759006072013500009040000
781090342304801076269743850605900483000002600900356200830070069000000004400039028
000792400549000708270580190435000970060451002020370064104027630052040800700130049
917000000200059700040701690009107200720090400860243075600938004185472060094605027
105234780300001050480006130009608503003900040614370890001507408578020900040109370
980157060100063500036000917401020386060830009820640070310574602004006851650010000
009513480502080970000297061160309008920051630850000190380020740700106029006748000
603510980850900106791308002400057001267801345000400078109600023000029010570043009
270008316800937245000020780708602000064003921102094000087040100051260037020701560
700893060302056097950000380230701040670048513010005700807004930024300001090672408
089210750050406910400509206501094320200300509030725060895107600300002800006908405
301002000800700091790134285010027400028950073037008950009243817103500604084600000
008900102250701008790260043473190820015403709000800030040082017680317050107000280
089307021210685003030000860006150009308970054095004730003760008062010300801530642
000100037750608140891034020926000014030416980008970060300090006680200091049563270
080390142042005000169002308821050003904000000003847091098001600207960015410508729
090080003560314807018700045024570008700060924603029050000000002245038179079142030
400009700073065000251000030034106928015970040600004070127690485000581267580020093
410058006200009740906043250040831072700900804158002003091006020804500139300194005
168030072790010634402500900501900060009725040040100200800607325206381000973050806
007060395020700060165934200080003012070800400452617980700408020504076839098001007
304089516560304800800060003073000451002457300045093200419572600206001975000030100
305000600008619005906205814060850100592173086080000207200304000840001530630507948
020360000800149000016508907793800420208704060160295780082951374501072000000003001
040000256106300079597268034438700500602001000709605480000016920200973000904080317
401060030007500016030090542048027965070056080003189274000904007710005090694270103
502873600918450370070201405190065700200080103300010046056008030800609250429037000
830020540050301700020750060178032095002800037963070028004100200000405973795063014
500000081072856000480073625008349507690200010034500092001730250850012009320600108
007405206000010800800062915010846750040209600008137402005694008620578349009020500
860003450300400097470526018502690100007810209900302700000000976703200500196054823
605000904000462500304907860092130706701084009530096000203600495100300078940508603
046038570803014269205067380092080430000405190000093007020306908109050743307009000
803029765720086100004100002000302008306800520287940016561003200070250031030018907
700081065930006074610430008009108000306520917021090056807009602164872009000005081
096002000470016092001304765003480500018900430049560801000109657167200080950670200
450002007703690485060450001840729000130045029005000748504203896002078050380004070
109085073800700401703240060075800106900060035014573008091006387400018000038920610
009530800031740090870060320790400185410056730000910062023600018100090643064381000
120800569003000001900401200049015602350608107061004003296700815407580320008126000
072308659635749120090600300040203086000560034006480090028976400003020005010835900
437910256002004801080026000008030620650840300301670504200407165006200400814063090
104090005537004098298305604700069830026003007000047910012006459609001003405930060
040800905327065080985004620704296000002080796096751000200100560460000209153009078
263071589510009070000306001091040826640902050050108900020610398906003400035804002
024908570805300094319040006500070081700863002000109367967005010250681740148000000
001730000306000971074050800700610200528300164163284500010003750407520306635000082
070600108910043060062089740290830514001094670740200000604005000120468350007001486
200108403803005100109430508000827634764000090082940010030280001590013246420060300
902006380840295610100080900309028500000960142624700800508640030201807450007500068
930080601002950803068710900020000706741629500050078290097061380300090400084507069
070124098140806070086000000260540900401708032537200800000037150759480203610050780
004051000086970530025006819070000301048510902560293008800130290692700140400620005
406080090700260158018530060500406800971058620600002015097803006305041782002005030
105800609900100002840970513068295004009341008310687205000020980080760000092410350
063841090090300718102090006000409035345600901016508004039004157001067003027103400
047821050501490260982603010270308049000709300019502870708005000000984037403070080
709060285000240000325980164290500618563800000800026053000790430086002570037650001
295700000016200490003690020057030004132008070004007318028941750500006930609352041
608195432105002700300874000059613074480950203000000190503700906000000008064529317
060000341809631750037405000906087415780540000003006207302164008500070906078050130
370548019018320000205610040187435926000100804640870135050060081000001603060083000
935408100070005039010903007047000208509184070003752040050031796390567820068000300
038400092409670138072030045580193074000708910090240800905307480810520069000000500
935001040000506000060003517096378420201604090003910060409835106057149300308200050
894051067503400091010038040471800003000000780308004000137095420085342100900087635
002740809096010037708239641025067410347025080860004000004003100009050378070000564
086900253902680007047230080603149005821007090400802731205090300090000460300720510
980020007040108093603704820002935700809070530370006902730502000506010378008307045
506900000040165970907040635190006040080794021704010860203070100001450096409620083
530004270401703800070150604083600542600840010120095006895006007300080005040539168
800000904031248056560091003208013600306820041005060230000470000402300160683102479
086503700310080026400210058570069000148300069000450173001845602862907410900000800
064080200000100074721546098000935001175020036490001580847059100006403059500008460
208305476005006300306701090504067009701004080020109754030650017860010205109402800
863070021570980630009060875700050200025308716001040503017620300004839007000507490
050148670164090038800300400609701200700054916540006300015483060408000105200019043
080304097009070005457920103034000600075613924010490500098032000040001359103049082
900010537500090421001005080400306712106052000380179005000027050007541809815960204
068045230050030106304620070540000900906512087100904302800007620023481790075200800
600007040049650820307802601070009382820074100503280700900700400760108230015430908
079460000506083102008700496004027930985300721700095000800209064420008510690034080
108090736020043050506780200001006807600024000392108564260000070900367482073410005
005260090008931056690407000200090010060310240007000369900672804340180605706503921
070040009049203080618057002000710620100534090057609314426000070931400056005106043
094000006703506900106800003867341529240600007019050468058473000002010075071205004
106007004702940316009501070094075200070003405230604097908032001013050020007019683
780090020000720105219430806000803250932501087650009003520604930804352760100000002
825040900090320587307500002036800105970003024580407390750030060043000709160200438
004209070562007010007035280000006001640002098009178040300081467076504839400763052
100024380023950761085300000040009870230087104078046030010060900709413620802005403
307008002500402370024705106402063000150074260090001547006007809901006700730289604
943100520086079301021403060004305600195002003002041895050927100000530000039018054
100705040002008059546019308083451002400007080059002413065100804030504900204086507
000140279092500803374208000021000005006902418043815700408621007517400362000007100
800509000070034500035800900108407350000095200352018090960203870003781649400906123
807006350500080247304200069400872010008013002000090038003020685100405973065738104
780016090000070103004800067960182304000050208805437010070005031510390746038760920
007000140386140000200576389453600901700010560600357008004705890870090015960201004
948002075000067080027089014500270906794003128060890000800016502405020063076340800
580490726710502309900080000000079462826104900470050030007908050650023890390600017
590010673406700205207305004005000302604000900020986007801230706002050039359674108
067518402180000500003407061612009085070106049030280010290854100050070604740020058
769004000002105369030908702090500803208403070103082490085201900907036014010050086
706235140008760230053000700370050000060070519405926380630040002987012063000603801
058000000100508070372009815034001600289700143760080029910803206645902008800075400
001730000306000971074050800700610200528300164163284500010003750407520306635000082
028000059753080002004605300902500070831074596540300000309061700010037960406950831
300890064108306050790500801809257006600003028014060503407605302501039607060700100
040017809067320040509080320658004913072103408000890000085040632324650790000730000
010503760706810050054007380007300694895476013060001000302009048000280007581730920
050100080000567300031829407002048790793206001085091020300902560500603209006405038
576401003003206007294000018008009062100603705630500041002810534005364120000052870
090456078001007294080000630000064001948000026617830459020740000459010807073600542
070809006009060700106537890050190040018370905497652138023900401000003509980710000
871459630064230507030700104406003029257010800308020015009002356000306000003070941
107900500390450267640002030003805000906124800201370000034210706009600328702530041
091005040006280310240907068402030105100408073307102080028040601030671820604020007
002574000460091530090002840603185920008027350250000080800040260509310400046208193
807600009645073810000150407750840030439017685000060004570400196060081500103096008
071250306509860000800010759200406035340070902056930400080105020905003800014028593
017460200893000400200305000032046059904051070165030040051670923670020000328090617
105600002260781503800002160700890010094007825310504070980070000500130496031209708
036590700580760009940002050260073890090825006708910300004159260020047008010230940
000425700410709000002000300801004927270950431349017060030840092008600145104592003
860490023403850619952100070000070005306500200510028360090000706035700842704080931
098001002000097035457320190764010009000904860039075204070100040002053981185069003
460090210098020050002564098950840003604900782800706040039480570001650420046200001
026080579089653000500090083075060002943002050000735498008540960057920800091070045
005130206102406058097080001013059604200008300480071029000004803908763105364800070
460100059735000010129300004082961405570003092000020063850000620207045930690218007
900000230872365004100720506090001750715086342030047000421600073309072460000490020
001730000403000918095010300100960800934100562768245100010006750506370201327000086
705000821200150046060802507672405398050080460094000710900004603506038100008600259
349020851010500007670100402194680070000001200007953004056319000038207145701040306
085000003400800120000400050738050902054293687069718430520901008001002564047580200
057203801002470306308900200080324010091080420240600705536800002000132504104700930
000072050070609003000480000007308602869214305321567049238940760690030000000826930
008503297903842150020710000089000072042300008651000340194625003000401025035078400
970102050000007930650893027436921078500036410009005002000014003140079080095268040
900048106640501709037009800010094008893075214400010090060980453074100002089403001
003095004012600035540720106006340057350079018027006300230400001400930560608012470
000078300000030410802419570001800243256103789004007165507080031003790804420000907
180092400093580710502617309010403000204900163300260005005000670401730008009045231
801300926603020040409650030180590307005701000067834215010980000006403002048270190
000100050354062890810039670701000460020804005508316027106280540290450100400600730
005800001384170209090032086040718690007620005826000013008000927079085004102497008
080009013607103280320680050803015009000407030749060521930500760010800095205936100
020506100010000240974123065046702000107090604200460317080201736032080090061037080
930040800021970635008130040850603204003002700209704056500827100300001509176009420
501360820208051603009002700102970580784630910000008007093100005600403108807026430
360078040870040603409653178000009450050132009090004000086315790047806030900407086
907052084001348706084000020739010860040603907008209400073896245802001070400020100
490800000020394570058100439000400057074050160215687040900001706140060300580739210
000007168007926504034108972001034095053000801000010640070091256020503480040680310
492530600071402005600890201359206010210040098748913560003100400060004009004678000
600582710750041200281673000007069105065307090009258007102006004006735000538000906
009041053040035090006009000470063200800570169000810047914300026507100034038496571
400589006560070049910002305390400018201863050004090630009054007042038091705010420
819247000700309400000610809300056098050801600007020045570192060193004280006730951
006239704079000103308670090005002408623084500080053609002490050907500040064310972
080010240632540709400709080090050002020307068563280071258060097300970850070035100
100300502400902816652400903520700468048020059930004720014090680005143097007060000
920300586360800007000090004142905000608071352730200491470020063003000845506143020
003095004012600035540720106006340057350079018027006300230400001400930560608012470
486000950000980624901546300070408090040600800069053072350710200018205040290860035
040913502050800000972500381010400000030701956789250130590002710060198205021070090
001200049432080607806100250960518002100007536700000198000849060304760925610300080
004036982600004100093020400030400098081200050407890600719348526345002800060050347
600780049100206070487100320003460010002500930741309560504800601010904003098607450
349520780050308420026014000502001003000072540097653018000000104260130897100489002
609000701718064200000179406001056009860900507305407860900048120407000030102635970
390026080020743001060850324003470900472600153009300048040231875200560000530900200
790180462254037810100409053920803075435016020810950604000090000509201000080000097
030000867168037400504800031040052610600089503385640009026090005050070196891000704
270050009600947023190800570780030912940008035002195000009706000810020346026013790
009104238000980050841000009503000961090650307260391045000205703700010490038709512
000007029127000308809002714570498032300625497400100680700086940004709800008001206
003470090401529760000080241000240109049610508130000070250068317008130004306004982
708006095652981704013004628000309070400012009029007051175020943090000560036400800
257830060019004203436027809000002000908361745340080026000078531004090002583200090
890030040047620803003098012300800620068040005720361980431580070009010300200903451
509142300008700050072080941023008764651473020000006030006304200040800593135097080
080007360407103080302065047001008720230071650750032900870510206520700490006320800
000920608005017902020804357003670425050438006496251780240100500000740860610000004
007034068524001039300905001070593084100007926849002000460029057030100090290750410
030967400910003678706020090070300059280609000091270864400000085050786340827504010
498010670002609480160200035346957210001803009005001763810700006000196020604030090
738009125051003947029701300205006090084902500300504810060090080040360751817000009
628450039914623708070819040003702960700900004000004027290500000081306472000270091
200708130178432000009000827790084201000260908824010006602809710007023600901500402
098030060600058902054902310007046893841300000006580120060093081102004509370015040
749130200020090437030200095270400500800679024394528010060001042087300950150080600
030000867168037400504800031040052610600089503385640009026090005050070196891000704
700090031010052467500004892480010270000240000172006049200430718801705923300800054
706201935000709682000000714080100470357004020401070803298003007603598000500627098
823579000041308970700420300074802009100004007690130584030000400007946813410083090
608102305029540610007080009004300802100050904853924060035006001780410003400035786
053470800079302640040800035095083010018000273030761009320040000064128357500007920
570420090640510270900030041092603850430087906006001004250064089860105700300800065
901763058600048010308900400010004890003529670560007002807450100206800034150002786
001730000306000971074050800700610200528300164163284500010003750407520306635000082
040300080000026009027504003470813200200675308803040057714238965580060701009000820
400008000985020741000947053090034006201856904540002008100005302354009607827301005
631000900805310060700009830567208100900071003000956728450190280200085004180740590
209830507048579003007000098870006254050207000023045806010000080706053400390418765
058300461470050000600184790007891603010240057392000008700402300230060514104930070
750030006300604210026870039500087600138400750007015304000003028205008063863129400
489103002000720860026500093273900010000207006601058927564830270090470680800600030
000061025691230080805400310002510049704008060089602750030050278508023091017980000
736915402090200600008070350903840005050007018807590204609750100501300046300104097
001082060230500100504000290180764905759028010400910037045009301090051602812003009
047530960508760010006002780000981006869000241051620007005803620280006004094207038
070360100016078245408005006804700020050480013021039860003241900902600430140800650
700205490210470006604138700809701000073682040560940170400590387086007010300000069
726058104400607200005090806930700002047020605002841709200009360109230007603104920
925700036814609020703125000200000740059803012000462058007310089002080301138097000
501000004004197025702045901076080510300051460108064200060510840245800106003420700
700601023001309000600052091406528009830197004050400872084965010960003240300000965
120070894083409071000010003830050046506984037049063150067548300351090002000000065
915200607060093002020057910683420000009738000200061008570342109090000023030519476
609400080802765004070009625083004760001098002506370840007100050018950076065087410
100800073207136095830700010370009480000213059951080006723940060004508032080300107
039680700008507309700003650150030847400178005070056103901000032005810976607004501
054200918000084005281530004035892046000300091968040020003070060020613089416008350
070050360930107004052006180503800602067030040008605910300960708709510436684703000
029367010500400620180050043802001406704532890090040005210003904048105300005790180
002094008400805670368100409800002040200510700571083296040068030687040500020051864
570083269002400500390072800009708020045020038720305910061854390080017604407000002
520094731190320000400070690910007500002681947074009008700002864260500103041763000
020718090000005273700003184070090602390200847010007300007036428601872035032040760
590720408040650900067008053080504090075000821609872005930080217024130080001207004
009500400048091670701483200496300702075904000010706950600030840000605137134800026
150908607030004200409705301508370006001059032290006074306590420705040903004203005
853090106060815009009600580032000408906381005007029601400063207670042010320050904
050042900062030547039056001700089006680200094024610370201004080500891032308020609
507002004300570890180304502001740009430620705702001408908160257015007900070409006
006013902230469801018000600824075063000600008670304509100540007097100285580702010
004070810080940270726005903930468052800510409052000600049607108600820004208004560
803501090219374080000020004960000030108095740000483060700850023052009806086742159
745013200010004653600085010038067945176549002000000060900008320400321090352090108
070028150008000947010090086043572891001800032820013005100204508082059300050081620
000210460010070532820605010602890750004750693509061820068000140040109280090086070
021080305706134208008020006005702140200048050674050803507010932103295084800070000
008230060307100080042960371081305607750010803400086010075029030003040728120073900
206807159508301027040020000709230800803470016004500903470080092000054631365190000
050603704260710385037058060700095143800200057503076890692000031080002500400061008
008507901910840050405100702054920837092735600001000009200008160540319200180200095
053706481018000500400158700507602903100573860046000200634890072005304690800060040
060090142029001806000650003500000029436020078082540361093064000057238014248900007
670120504000006097403700008968512000207069851050000962094270006036984000080651040
107003495080540320304012000830150600900000583470368900006030047008076009743091056
507096041409003600000005970003002786020638004600709032250007009371060258940521300
280003005069008314300070802806395001100700040973014586497000100520807630600901020
103090806405008090060730020704350208050421900312987050080010430931042765040000080
093265800408701629760000010200613790306002541000000200524187060600000080817306402
600307409301090862098206000000728940947003081802040030204871600130004028080600150
357820149681004050040000803509600421408900000000742905700281530205469700000500602
820390006306800794500760200048016057005000940901547008079080030450003009100659472
700562000352094007461800092046908035108705060075600218620401953504009800000000100
621780004934501702070023000859007320000018907200090060060904070795830146080076200
200000160970180054841530270000870090702001036008009715380967021520308007010040083
950200000130000008200050073019063840025009317004010596090026735072094601860075029
058147003614003798320800140103070082000002407279304500030200879590008200702091000
006239704079000103308670090005002408623084500080053609002490050907500040064310972
708006502001238490020900106630700025050080014807040903005860271076020340180304050
060980500823457169709002804070130008300560497085024300090301040007000900146090780
932604871560713049700900600890541030470090500201800904007000106005060400009170385
640300712390781060715004080026050030481073059570109240200000000100830426060002301
480603512039500600002018300000056403603900750754032006006005130340209800870301209
000930000205800790967502831023050940509023608700604020300001069001069002496270083
360270940790604010002090630980013062617802403000009001429301006100046300500900184
740680900060100080012054736307800120008401570490720060209500040500069308106047205
067053018083760052040800007008920040410500700790601823051374000300080195820090370
005010300173900502004537108308621050090000401207409036000090613760085200439160700
203704809000506003961020074305900042092405081400260900034170200070040308120350490
000310906739206840046800020091000004005189630670023150013000400964538010000640395
173060002029074800000209763037945026090700000450001379004102030082450091015003280
960007513034906027001000040203570480600428390809163750470005130000030065000600274
015000769067901300300657100001060830038149006024700950150478600080300410093200087
120530986580600204900780000300460020852397461060000003005008700498170350001950048
083904002070023010402007539000362070730001906621040803350078201918030607000106300
005029001087350946410060500050900000070035410693140857741500608000284005520010304
600409080749080003005230790060800000498000135250103046500308019183020060924017058
760000800140830020020579416007360049290000300306498052078005601030610080650903270
570912004231068705408500600023741006105030907704859100002090000000124009600380270
070025008204096007508700329050960081391008065600401002723049056006002100800607204
420006059006080017870159040000307000350918276719000408900060004108074903207803065
003609018000001406100087090030906821280410009600802534802190307706308900049765000
048603079095070043300059006004830005580702014970005802701560920050301007402007051
807300952400009167569720400780000501040156708130800094601938240250000000000015870
604580319108043000003020068540309021200405030901800605802704153309250700070100200
007300458814000970093000610000620097900175000675839000056012049780000260420068735
810053067902700380006204005090000072407509006580627490309005008005092043078036150
620005300900100802014382906400000600736420090005768143869250730007610285050800000
087004059200009043900526187500301824029460030004000906060700501300612070018905062
746000000052087964910000070863090010501008006290600730009301607600800149127469053
001603529054009067390270000700030090009708456568091200620950710080302045410800030
650039004309871562010000080430085200200316845506000001005400607170620409064107300
000408106154200387809071000620003005590704008003082619006020051982135060010040023
908036050040050690600007130000065013501923006030814500400602081360581024100340065
000302700437019065102060308010780490970034600260050073649108507300470026700090004
020604070000130096060200400200500739900420100086019520002740681070061052631850947
800000400029370586650498003762109034000280601104007050003002910076815042018040700
053470800079302640040800035095083010018000273030761009320040000064128357500007920
400508607635290401800100300000045008186003045704901230270019003503870090900002874
060038104120607803503409267017502409030000600400080700671300048308090501205001306
709001600508400070010798543080005960601084005054630208800103400493000800060849357
001090438000060205000504761420010806360008917910675302102080070030120680870400120
340510006650803217800700050705300060080960002206071895574000008903207541000654300
026007910097030246184006007039004051418750609760200000950472863873000400000008100
092438700305091082080000301007000064601275039803046020214050670000860205068710900
600000204450260030372080509930002008001070006827690400005341682004728395003900047
509800020200109576073450090061200050025601803004580610056300009400908005902065431
200940736600730582073000090836109007140003600952400010029017068000320040308094205
090700601073069800861305790300451200109030408540290060038500006950026010612000084
524030160008051029010204008970185046400900015065007800001460000890013250047500681
002740809045080063906523174021057480867031020450008000004002600003010592010000347
073950410890063052500004030730009104409601370010340060002700040068435290047200501
740090102029184007001002509960500213003910050054620900310856004470200061600400025
053048007029750860800003540000020650206080714518674000965800401000406305034012080
006153008708600320305002901259080106031026497000901000090260803080017059572008010
184902630005600000067800201030000542000210009740350000520097400008023957479568123
020096040781500693600308005098600530015903076006450008004000061100705300937861054
089006074345172000000040532690703010710024960002009307000007000476201853031085706
300904070020370800471026030130002408206743090900080320800457603510069004060108902
008710900710020360062903501200507100100068095975004602520049807640071250090050400
405800017290700006080619042906081750800032064310007009600205090079040620042106370
006000004280493071304680920800740006700001590691530048030150207008000103167328009
410908203803026090900700804080007009047089002350041687534000710060134005002805406
260400300000600754954387002420735010800206540035000076003869000500100037642500891
685000009009624000124950703417005000002816070000030025241569007870300002503082416
610005900300420071470096053003601090100009400569207138906504012001002309820903500
530902000072083954040005230907056308080030009250810640005601480390500160160028090
082316005050020080006890012819200360200401058064900201008502106040139820000678500
002640800700001002354080107493068205070910400501432079100024700000800521025176300
081509007039072180500100490040280001600001028128093650310925876800300200702004010
001603529054009067390270000700030090009708456568091200620950710080302045410800030
941300065007060200026400031072801900095042000018590472200010007760080103180074529
051030002496270013072608540500020160080001700120567000700453000063102450045790301
010000625008527000530901000069054872274180503300206094001490730090610240420708000
821347500070060100006020378910703005008050901203190087087019603032670809005030002
500843760010059208847000009300070025421360090070280604038507410150038000060010583
108659030400000850502084097900208043246003908007901006850096072093700400700830109
724590036000780450150400020865370004000004365240015008300900007497130500006047193
521400000703512408864970000008050007450607081000108950086001534010804706007360012
600007040049650820307802601070009382820074100503280700900700400760108230015430908
708529340004700600015006208689050704003074090001690820032040067506080012040265003
050260034320897105071045209482070000130009400900520318700002000500918020098706540
300100470020008536650030100038469257900705084047000061093004710070001843005803609
469108005000003407708000009953806000874301250601050900002705094106280570507604810
004000120079148000601592780060034870040085030308709645596070210083000507710056000
063009015140030800500127430704010520600250047052073080410082309870000250020794008
000003050580972413937501006700000040009780300308016000293108760075600092804297035
500390042740062308032008100093286001168700904000010830900620000326870415007005209
034900870805206030906008102050082014080000607400730985608157293100423008500000701
040000500930526401081073029476095203005031764200007000759000142020954300004710008
928406010000300007074012869500248600060000370419607205705123040203004158600005700
209106030706584290100020870070951068060048703000060009023617040600405082490002610
450230089730006012060401700645719820000063900103000067506378004080100306027090058
740610083016040072900720010875200030204030008000587294100072309600051840437900020
600283047480710063903000002004170600700090051819630204000340805165020039048051700
015309002730800940090010035076135294301092586259460000960500000024900003080040120
301064090240795160067000000079300001000009700413580006100973654795640310004051270
028000059753080002004605300902500070831074596540300000309061700010037960406950831
009085140083040050000003600807009002631528070490317005320001704018270030570036291
900800030062943085380060019020600098619380047050170600207030050006215004501090362
761025840200186307058740600004007102190030000800602030400001003516090470020874516
492316050000020610810070029584060003020703586007950100950182067201600090070400031
480605079100092030305800064010003096609048513530069000040327608856904027200000001
003140278018700004450302600100608520085217409720000800890073100046051782500020003
023090006940605701006403890280000300601034289030582100300207010175049603090006504
058300010301746090700005623970520401085960230100008050507009100804107360200084509
007065103401302780032100040200030059906804000310906874080240091754600200020503407
001293560235046900000587100523000806780304019009608075008401092047902000900805400
000301600060972314019640052003209007985100420627430198732006041006700030000020900
002013000609850014340007852408001520030680490065204030900300670820509140703140200
200400007018360052053107098105090004060070901029614570500740019601902040940500806
050608070070023915003000802780000021210840650634100008508071230961204087020006140
003500080064310205902046017507180609046090500090670130309062850005031940021008060
000175024172000960085609070800004310710360000290510486028700501940801030001032708
902030006036001407070568023790042508605800340020650010357006201100075034008310070
071000005406278090283005740007354810508109007042607000700830054800740920014592000
619452730002010940005070200090601500030098160156030802003107409041080057708940020
020430601038010005094605307903108560200006034506270008009801470067304010012007803
320049070000057493007863520060701900178400302000632718000020050006008234752014600
500070400610845007078900651750600840043207900006504703104009306025460070900301504
054061309803000200090843510041580972500300000680902035100008620930620104062035008
000030062786201053503084010067902004390010605100340709241560370005078240070003090
240600519615400380009010000100800000736120895850907600570060940903008176401370008
000613508583090600069005403901500004057020130400139760310840002870050001090301856
700163405010479003940008176100007900069004350000002041420081009500306814801045702
307104208025390104009780563008009650954017802073820000580003020006001005002068410
801050060050406837640803500073100200002789140180020079090632405016070092025001080
001648523400000060362590008850109234120050009003027050010003480570906300038015607
207300086680127309300080007071006940500902801902018005709803064063409508400060700
580390642000400037074002090005174003023958704147006900030520170056000300019003485
160309000079102006200070918090000000018423769630701280087014050300050070451630892
183025049062948005049000872001450090020687014670310528400073000017004950006000080
501024069000180040348679520000730095000951670709000103187092006005003712260400050
908507462300040010760902003450026300200000840006394050100053024630480795547060008
004500607000641030369000145200009410107084502403126098548000070901807004672400001
398000070006090450750268190401000082080174000075030014040387621820410530000920840
003100065945020700106857003217604090090702006060590470470008350030405807802073600
870020105320186097001700800000508710083000906516937200048005609052091004030640580
320061587509200004701435900840096200013570408902000603030850102100023045200600009
570420090640510270900030041092603850430087906006001004250064089860105700300800065
489103002000720860026500093273900010000207006601058927564830270090470680800600030
976408053080309004003700908007800320538200670200637800020003190010906080869074530
900017520460290007201500908050072080120005409780901650800029700310004896590180040
090870206247000308000200704678091542420687900913502607000050400700039100504106800
005840102068050000104093758470005800200910340093470501610582400340009085002700019
895370421240859370370420098020017000418002709000000205000103604050068007103005902
706930840015800007400520610602708391801290050003010400290000008100482069560170230
001403789009607020070009010080791200916240830042060500060182950020930170100574002
709180000400075081608040753196420300000067100027030694904010036301756049060300010
209006704008470002034502806007028401482100900300045078970083100120750609800600027
001023489000901750005876310910057034030219560050000001007060198060090075129080640
902075068041002005005046019008009106120060090590421083057004601210650040004807052
700380000600900182009510703090248300368705210472000058200459870080021409004030026
063800200240500001100432786400080607007301509539720008002070000900050872376298045
000107005407650139815009040081060000640501890002034671178000503000705008069283410
045308791008001403390750000000280074470503086869007020184602539000010640206039000
501000072070129650280504100059008720010907006740016305065030010030805067920061580
925304800860000002341782059290400586516908030000036020108007090059010078402050003
407009810005041300306820540030068400609010230048093061280076050700052100053080672
003200049520480013490706800640050931178092050900104208310600002269573100804000000
780016090000070103004800067960182304000050208805437010070005031510390746038760920
031970006060010020750623900000502470007400800620789153375298601042300790906000005
506200317240763005090500040900820450358040120020930070802079504030100702670450800
026150039050603704040007260605702040200905671000400500472516008501000406308240107
541206900002950460000000500800035709704810250100060308258670100403098627960024005
090005830305041609074390500802050060930407250007012903003000148428136705050074000
302984175980100023500030000206590700890367041030000069000009050650043802173052490
709435000105720049800000257008649725590070400074851906002104870031080000080263000
710060302560302019030401060490026170001040030027105604900207080102090040370680921
970003254080560731000047609310050006007004305509006147605420970098035002040070503
041500289030206070209801006810420007004070812702160040027300060003610708906052034
058034070400010090102076854093700200620001709001692508367009005210850460000063907
030726005150000279708509030903845702065300104840060090090150300380974001001600940
970030204605004701040871095800063079003407160706900400260040907159080046007019050
108039020230518907095024003080070035450860200600190008000050870800947002500386419
170028549060430070054900030492070053000093064601502900006000008018069420905384016
420006059006080017870159040000307000350918276719000408900060004108074903207803065
800374090006150074040090023270600000069507381150430207731008452004010730920040600
600070935904006180570390004000251473300840006027039850009000010000915302063782540
010794035900003702507200041040907003000805194250431607000308206000059018400170359
560020000002705168701830042453001700079302085000057930905003010000610054614570093
074290530690305412200400000940028756010007004750049300467802100020063840080700260
001072560000040001060350000010520970097068423080039615356200804079083256802000107
021405609395107004400302100849001003003608090506000720630209840084000902902874300
037025108204710953005043067703060009608430000509280006001804092470300000802156004
006000004280493071304680920800740006700001590691530048030150207008000103167328009
070390820803057000409008637200439510148700092090800006002903160736001089004280700
702000081060015207054872006905320708200401600601080920078139000020008103310004879
076093810302061400400002730160034580045080120030510040603940270017320004004005068
095036008700009106086420095672010039050273600300004057501002974007901003039760800
750001639960305010020409005800000000206703891503698027035080140002534900409200350
000000005210807604605104703398016040002000580451720009527069130000305900839271400
315620000920170836760043020602730005571000083000080670000809147040007250090452360
350007109040038027710049600004300058800052016635901400270000030081093260500824701
031900760004021930096073040005187600328060407007004059619058302000306004403002590
600007040049650820307802601070009382820074100503280700900700400760108230015430908
010020063760500400042369810036001208000780005875630901307846102680005094004090080
000024096164900253300005080003800765008461009920050801539100070001570930047209510
006010050023500081501638079600104030195006008200780916360400095018902007009803024
200510034341872056900000020092700400604390002010250689159000300000965041406107095
070340001930060780015087203050010800206870154701450020360700519027590030040038070
106270049309400500040190068705049013024300007001750084010034896098600100603081002
010608005748510600500003819835704090200300480100980063050006300680230054302805076
058100200460528179000430086000809060519043027684002005200070018800361000196200704
209006704008470002034502806007028401482100900300045078970083100120750609800600027
100080002786904153020170600000201500570640900214090836801002079430019260050703008
001003950560980000079016382038040200600807030105309678050130724387200019004095000
987146350065082719000700608000079160090601800170028934000804201850200090042010080
002790068790008205003205049061000000500309070047021956819070530000083094436950087
796004130354098000008703009240670010930805000801302907602080300403020760509430201
825040900090320587307500002036800105970003024580407390750030060043000709160200438
706091035054730690003500080520003069030960800809204057600050943042009000390647108
001320607048100023306089050204593070870600502003002104100068740907035008085010360
500301840018750603460900005851090207340507906000038050030070408009043001784025360
835600924090384006100050708003460192967028305210905000001840059450016000020000071
876340010009070004500109673097025060601930452400600030200090746064753200710060300
800123906001009000392560178256048030003750482040012509027490000089000005030081690
605182003100040608740090250500004006207650930036920105000069810861073049950400060
908104360672093410000060900400037120700910043319200050260380570097400608001706004
594100600261050749007000000019400508000087100408501060046010392073249806005836470
040900160706105200038206057803000400009821070670304825017403680502009704004780090
020540601004160590506980247238004069007001835005000724041070052309000008702005906
004900006029006840863700002000000284906508731380007059007295008201863470600170920
306819542040060000800307691004000015092075080508400260000120009217030456009754120
008702000026005134093016702070201005630907821012008900080023600067089450301004208
091030706304907850008204300409700000500040120180652974017020083630578419040003000
800509400463712809901003002005070024104006785207154063500001307320640010000930006
500000003890012057376059241709245138023001900105060070000000084900030526608524010
950200000130000008200050073019063840025009317004010596090026735072094601860075029
943062010200001050005000402400903568036005004809600173000189000594236701601050329
724060005039050060100392847003580700580670920060000508400026103315000672072105009
405900060100620390906401702740000905059748006008109403000007020672814509013090840
005600000800709006000031098109005630450003820263178009076304082502807963308006470
800900300003820105621057498050716280000400050180009740006198004518043009930005810
106450000090806305503290010015602704400580601308740590059004120000100960271968000
530210470400500316180304000040960080298700041005028730050090203302840107970602050
865137009149280537302050100053000702008090640690300850706009084984600010500400900
609030487403807950050690300260000740900700021700046539142300075300081094008400160
048296005907080120005300908409062300302108600001003572090800260210430007580607409
907250048085931760020047900008060001304502680201798005803420006519070000002005079
943100520071059408085402010007604800328005009004093271030967100000530000059041086
003057060719043082040008903961080200000579631075002040007800400108005026204796018
372064900000800600840019537001080076037906850068720400010493700720008369903002100
821347500070060100006020378910703005008050901203190087087019603032670809005030002
300492500054000023601508407476003250500964710008005040749350000000700934013809605
000387005408100037731500062060970420847005090200640078584700210100820650600051080
058607091900103700270900035703000024042735060090201870087302906026070000500408217
091600070205307806870415300760948000009700000580200900923804051608070492400520603
209030040473098061056421370000906030790004506005072100908000610501063920627000053
401306000820040630600280541060150004540030100190408375070610920085790006016800703
125700089096508000480001350003170026000300905068204070050007091602405030739812504
070604090086050107203071056140706580609248701800000060014060873005083900028907600
009000486847560100006834090420095001098400653700180200902050764070028010530740020
004098607806004905017052300060280703750400002093510840049005260072046008600320409
901000674063000802840090031300075018507006043409003006200008165070040089138560427
908500060200004801706182903601459300580006049090800506070040605002915038859003004
312000904857930106604215000503000678070620000086053210030590001200400580045300792
049020600780601020001904387100086792608700430520093000052070006006200073073165240
084600902015009003609083000070806041201430896060921030036590470890004020540710300
600040300072900006019050402760001900520409010100685030040567000830294561250013794
029367010500400620180050043802001406704532890090040005210003904048105300005790180
649710003000309060310500924005260040201437590430000078000075030573004610960103705
200000890047600103305004007130069078408071000579800600950320746024057080780416009
908042760407065082600007900540670390700038205013200600086704021104026809005800070
402085009090100805051307402003058016160039000079001384600902750310040000025870641
090018070803070201172350008086900015700003906900000742307684500650700004049531807
096002000470016092001304765003480500018900430049560801000109657167200080950670200
070490028014800050080006390007560081560100270008309645802604507640057839053000060
091405320350081000070030581705100800180500402060829105900004050648300910007698203
100702800960580073078900025024067008096450010700800564057604080300200650680015047
745901832001250947023070050200607009150092000469500200014705300000489120500036004
040100605051064003360705180007010006006497830428300907004638509280000700690201308
071360245056071030403058001180730006630182090007000000018000304340510860905803012
734051068592860040600070309060745920950000073247109580070018690100500000400320005
030960040249057080100004279002600804304095702086240050001038090503010028670420530
002040015003007420741000093317650280009120000026070139035201047274800361000004950
834001907700048030600750408050096374061070092390402000570014060106509700002600185
460100059735000010129300004082961405570003092000020063850000620207045930690218007
729306108608950004010000609000200800196830020052400710065183900001504362473002500
006047001057609038049080760700900006518476029060800170670200093891003000000598617
978010200060908007001076893409200700002039410607180520000690351590801072126300000
008205607017396000902000531050009068180563902290001300001004820805630010409102056
406001903003470200280590046800750009145030768700018004001045692528009000090027051
080009460400002079397164800079603010520708036030900207206300790008406002950017048
970612000028094700601800002062031000893040201040009067407028603306050120210400875
000400380810050496340020010578049023400182005009735600900004801051890700604071230
902170860010930275387205090500080942070400010024006700031807000090640080240319057
200817000713605048500423601400050809387901000659302017030160095100279000006008020
000906700506300010200058964483279601010400079905601000809760100004010096360592840
000300720037801090892740610160590074084600051500104006940206307700003069350970002
500390042740062308032008100093286001168700904000010830900620000326870415007005209
107090800504210309000000100493072580812056090600084013946020000050400601230768954
200100064469872500001006029040030080198205307002407190027050600003709450014620073
820500004009208765460709002000001900302687041618900230971865023000000109503092070
085012006096300017003650082060530794037009008051780600300126805608095370504000060
030074269905200708026098000850000090019745683004901500402037900600450820590002340
500743800002000453340208001003079140400135728710460539605007900000506200107980005
521400000703512408864970000008050007450607081000108950086001534010804706007360012
830106075006050830250034900705012384004080090028403007400260058500001049961048700
836021540070308009020467003000080900192530786308019050600070290000800160019605378
096180502002406100014002076060040081003805060928610450200060800470028610089301720
020094865046105020380007190271600539400719000698032000704023900000400270562900040
032901084104086050008400016407360091320519078005000600500030047073194800801600039
746058002300700905091423067402600000657039020000040001100074583870315090005896004
000728600607004920524060870806140000240589167100000058002073580430890010708010094
501047306200631570703000400007890102915370000020400937038200705670154803400700001
036001049089045016020960500072638100310000004060074823690000058800357000207890431
000928546050670218006040930471390060000187004208000701007200400000869073189030652
600002058853097204240150703007564009105009000090701030500206890080900520912075340
010000420304600071070241030541002000802710594730084200400800063186437052250100008
120008643670015908900630100380247506000180300016903702004029001892000005030874200
000002051425931600810700004006590043904020800350048790001806430703250060060304579
005001896619258407070009000021890045950402018400010900580104370700063080034080502
102906875387010009000027001091370602200009004508640097004703000013504726760001043
601430078020050604807062090208000400460271009003504126936015002002043761004020900
080000612106900003420180009048209007500003208062851094000602930690348001031005846
100027580402360070056008304908042605007900200043086097605873019091200000004010852
070000800950000072840030019394076028085920734017803006769285340001000007000610295
917000000200059700040701690009107200720090400860243075600938004185472060094605027
184750263000002054500006070060024030740083605320075481090048316410007008000301702
160008500300020067970536410026000130019362045030809070680450200540090086007601054
200010570087420090100007002604231705508700019031098064873004006910072438000100950
069370200730409605400006307013794020076080940050010803340861759680005130090030000
501030080604200971800914005000060049908002750467598300100420567749053020050800090
500108600600475823842000070030219408160007052028500100409752300007800290086030710
500092017716403200020001304001820409207904036095006100109058603304109720060300050
541820006063150247002600850150908032620503019000002068905001600000006920236090104
010972608748610005296800370030024009000300060920700500007208106000530824382061907
807430009013080040020190387068904701140060890090018050080609030430021075209500610
003000506580002043004063027072615000645308079300907602450030008009400765860209401
002600100800302079197480063000941650904200031521700080030507810015036490608100005
130007002200140007749002561010300205500420000920501030350904106082716950090203074
070008005069053740203470680006800504004091803385042900002006470648020009900384206
902807016610009350008600729300100842024730091861004000006082975090070100080040263
052480096718900450000301080879013005001806370030070208180004930697038024000790800
041832060052700108007010094080470509015200040079180603028000300093028470060351082
470360000006007914092018370300005600784002109060194830000076020620040090957021463
057001049384205060610807030078402103902100506100050402421000350095308604063010000
800500020000237000070680005000065034034029751500400869067312098103906470200048613
200350097937010805500607010180046070050071020064020581071400209800030106403169050
740020105036071200080560370100052703403000602072900008327800001860205937905004806
003000506190007043006021078057418000914206057800509401260040009001900724470102605
600000204450260030372080509930002008001070006827690400005341682004728395003900047
010090085394025100500071490001537008250009004903200751175002809000014506460058010
060004080970802504084059037000090326602080005531426700300040650450130009019260840
701260904093400000000703000004056328850930106130842007528070409619500080347080200
070925010009000608243108057401007530380019004090340086107804300064200795900706001
875104009041760580000080107500972000068031974097000203650007090402693015700400306
200537060108000705057910032005070200412300907003295604706152040020000506509703028
930600547080704090460509001004057008358900204600042035849070650006498703003200080
056321804002000013109680007018072460020830071907400020043109000001008536870203049
001090438000080105000106972910060807570004623240378501402030080080620350360800210
600004200472030098005268104016300000259400061000619852507100900100905406904820507
090270040402806010081040972024619080005020130809300604907004008230785401100002057
800259731007108920129000000501400000090600470704925618085090163072513009003004200
029083000053090200078052394967200015000009400014065729090028647030546001800917000
008065904901800705024017080800300540002479068643050090207591036005030809096700050
901763058600048010308900400010004890003529670560007002807450100206800034150002786
073908052100407000029003471002084710710002005506170203008700100057240908201890037
802790001047050092050320740180479500500008067703500180409210870378605019000900400
200708130178432000009000827790084201000260908824010006602809710007023600901500402
000048007475030082320709106504820670060170050780060210907012068100380005850090320
789060401000187009106400780004800915502640007017503600040036178360050000970014306
005324716030000004146980300304200001600009830809136407001003269293761040400090070
907803501002900080580014790096500013170306005005140067061030059039400670004692008
000738200000009080850016379009400138340870902020903407500300094082090510973054026
104000700597841003082060941006002135051070000943018602019054000025980304000020597
006203090428000060090861724031092040000600035689304210940100052003429070062030409
100085492208400630460023000042030001009200063053196240320009850504801300080350704
053706000106005327007390601035964012062100700080200905308609504574001290000507008
000410085810695023093000640902078006301260804068041092080127050130804260005030000
002701050578392400031050092000020080057480620800615300004270030760139208283006900
864035192010000748972004600087060300000350000590027401709600000401902586008513074
829300046410026090706000258000002009002000830568109024384007602600210480251608003
040730002830051479700290500407062805208347901603509200109420000000070094074900028
004500060920006730076382590013740089500060002708021340002638900037100400690004853
190040806745009032086315009804100090530096210900500003072630005600200074050974620
005000980024850301107439005003705400008091050579600813850060007706510290300208506
069007000050061304010000780508034061206018403031650278100075009020903105045120037
000084005391605740058090160504318000200006053807050416900507080070040029183960570
064800052200059601805620300470280100081700029003096708050904210046510007012008460
200547003400308526000692870604750380753024009000900005306000258800005900920186037
150004860000671095940500010500923084600415237003080000704360520892057346000000170
096007500207418000300906020000065490562840130010203605604781900078034200130600804
608503294004608000903007605000020010891370402540086730069000120400931006105702043
204051000360002800010436520000070298728964010903018074430080100679005000581040960
201053408074060503850900006640000017020146985010200360080610730030087009706502041
690312500352706000018059236060004050830001900040600801089073610106940380520068000
008300941000050670760080350800426090679010280430790000046070139051002867007630420
100030608603005410004009307719043580000702100462081073831026700070450030040017890
756043280089201300210586097000009720524060810030020560800610900340000070005732048
907000018308259004400801209003520047092107680870300005005910806080405090639080401
001530208000080314680001907218964730000105096060370020700002083135890000024650109
400600002000594180809700003006200051980057230120006879010003905093821760200065318
020935008086270500935046107701060280358000000060518079870602001009100700512090036
904025806105806790030700040700963100456007329300050070810570902060210030240030580
000279805008056070009048032810705026070604000040020000080401503691037248435980067
006914387100025904034000052080130049700000008450080701815003470047060003369740210
008010000400530978572409603860300021023800400040621809307054006204060790001908302
005080920360504001910302640200108050501703092740050108004015076020800504157406800
197800620000607001603021700731052006400098507050106003200704105516003479374000060
508306200100200385923050170859602731310008040000030852090703018001000420705401060
010350072052700964084620000043001009078406210100502708601280400007005026025063107
000406120060350007010708000930874612108563974000002083307600240051047039084009006
016200900235970801000051706150038600080500307603107580002003460360009270408625009
053460079204003861078009000007340610502906000060070405706201004815694327009030100
107609402259143000430002050000230070503910284902008000028000007315020800794861320
104790200765023001320005000270408695900260700006070182602304000800052010510980426
729306108401590003080000604000600400314980060096100830037465900002809341948001500
020100046540300000901246875004037108073901600052004730089763512260010900005800400
480007106020046738500100029000735004700820003200614975390402860140300007870950002
090870136064503920301069504900450061037006005056081000610000450045630209009005603
400032008283005100500809007760980420128304906340200780900000670852007049604090810
000374106310908740640020938400510000056800400801490500560743091793001000120600803
105800609900100002840970513068295004009341008310687205000020980080760000092410350
061027803400650107207003004074180235028005049300290000032001906605730480009560070
800620000500918700469000082700289345042700608980400210007842036000090821058063400
000100700386409010071052834032006150040007028507238009195724080000005270708001940
026854710304700065007020008170030002009070051460215390742089006093002170000340809
782600040350407269000320080800072090679005023100036870900508410200700900518204706
706235140008760230053000700370050000060070519405926380630040002987012063000603801
009086301380005094210039080003064002604910730701050409165803007078501023000090805
007004901093070004481006007132708000005910000960200173070651480514827306826030000
576401003002905008189000045005004037800706504420300016003810459004679380000043760
000906000609783240537000689208010507400000910071020468064890720003160850700430096
050048360893007500706003819060085071409100250100792036007804090500360024924001000
580040003390081502004039608609015307008067050730090026800904000910073465403020079
430002908810096452906850371048060020000128034302070089254009713000207040000500090
127098000035600708648205030002080095080900070300527000250000917000162583813750046
005706804608100509401890006802573961059000070060410200003901042926047005010002390
240005700089030042751490860000204306462903180090001070035706000126508007804020051
090062004318574069246008705500020106007001000023609007472090030601200078839700602
730010400405008003060054078050472836020980041070601009397826510086507300000093007
600000204940820060237060805350008006001040009462190700003914687004386952006700013
564098730700160082002003900000080156900630004620504079046051208179806000280340010
965704138043106200200300046521973600480201790370600521000000369100800050004007800
860003450400500016290614083903140600008360109700208300000000261109400800682031594
005832000062051800800004203090000082520049176136270549054027938000096010700400605
061048950005201700740500601604903810008400273520107000159604008007300560030805107
006814790900530000150000203501203974740006580029075631405700068600308000087001029
600040300071800006043070508490008100850204060100769050060321000520487631310095782
061009832470302100300508700003076520010904008645080017030805090890401675150600080
500067001001002708749081630456173209803204516000000000960000007087406195010739004
410063080783240156520871400051604008000002003290010500100905807005480301034120005
069703000002400801034082679007208053485907000300040798008059104091604380043001020
208504361005020070940670002094000803507239106300048005050917204013000900420305607
509760382020035000013002507104500078098017005200640031060200800307900126052186003
304510079581470003270800401645000008023005090700603125050320017907160002412000080
000010800192300006830765912000047005658023007047500381421630058069400100000201049
307012580208035904504000700870029060029600308056080207981304002045261000032900100
206873015075649802983010000008000107000708053637251090012080500050107320009025001
897305162100029070062010900280070030003580021500030804425008613700062409610003080
003042706604789500000563924000806000301425690200307015046938250089270003700000009
009001300301690852405830100013250480940180023002900001104708005730025918020010060
206750080400298050500301402108079235000036000354800709800100920015003870940607510
009340705052800610100506084500670239000210058000053000910004302087932041324160007
800005704095010080407628190013040059504001073900753010070032000350004927240809031
004080107390170508810026090903050700501740632002031900008400050640302870720065301
170040089856390070900706013000600800080005946000908035615420000709853160230009457
280156009960000125041020000426000070300410050705692080130785600000043510802961730
170004020006590013098170064653200049007459380900300050740005600002703400031906872
030160008159020637600709005570090800010207064290804703085340176760080300300076080
420780695008034072057060000204000500035907210090825407042390060380002950700406820
024906008086310749090050600602039084000801200948020370805060900000593800239100465
740009800830705100260180003087352004050407930410008075504821360120040080308506000
502000000080093670700845009000681004958432167001700080315920046009000823800374501
090508003701036205850002790200790061017600020560203804978351042006820007020000038
401800070560024038800107690000309206130040957942076000009702460214630700070001320
950410820037002000020705643045806702070000305093157400300908006702500034509304081
508403200006520013720080506061750098204006100080340760839014050600970081100600024
020861304009000015184053007046009570250470109070520400407085020068004051010607048
500700138921008060030561004094185270208003459050020000000007006079056802362019740
030160008159020637600709005570090800010207064290804703085340176760080300300076080
610897250005600010098100760806430090050709438034080100060900380307206901109370020
060080090391507840007306501704000030050438017803901650500010460109805370630049100
509040600861573940207000000983005204172009306000301700320810070790034165604007020
060352174103000000000010380497123500812905007030807902620700809081090620340080750
426007008008064320501200746800006400100502030090718062080003900043801257709420680
908000000457006301206070095169042073780369412342507900000050130001003000573100260
050193784000000000041708629630809472090002060104576000500001347803000291419300056
035096287670830050002050300596020078080900630020681004047010906901060840060349010
825793046000400023304050900002007451049031007107504030400002065708145002250800710
001020089580600004460891703023014806000200001157360902000700098095140007734082105
904025806105806790030700040700963100456007329300050070810570902060210030240030580
903100005200057980058304102045800006801003407700541390032908004480706520060005039
029730005607082901080100032800206009512090860090807014741320590950600000000940173
034062501006803002082594607258601740309408006060050308003100074000386020020047003
069014050000930064300500100080005300053028040100700502725369410698471205001850906
024608179000090000691074530030056000715040086060380795078003014140809050006407803
000175024172000960085609070800004310710360000290510486028700501940801030001032708
640735821701402503000900000900281304402576900500000207207040000150607489800153600
840050020600304098013280650257041009408096512000030080390400070504028906080073240
307008002500402370024705106402063000150074260090001547006007809901006700730289604
047061029810490070009700054530200000904013582020980307480100000090807415051340098
460193008710000064298674350037005200650009080800267530006052090580000602309700045
302050087501970020900203050105890742027534800409702063700025038000000690810609070
146900007020856143008004020600090401014600980970481030200060004863107592050230700
502870030610035402008020905700008010830610540160407023473580261056000008000263004
078900026602087001100360058013456970050000040420709015089005107040670009760103084
768031049010000070400657380036508194840060730070903000920005410103426907600700020
085107923370900000001300674003020040054036008268000017000270485840615039537400060
760050032002040800540623710270104500890000001006985327029076084150400260004012070
049085103200060405081034600820610009065097004003500861912058006050100902006320018
504601902020400001610509308495030806080290050300850710906002180000060204243718090
125700089038605000690001350001470032000500406049106070050004063406302090283967501
048750326100062009260003010082007605706530100030028970014005098800206703027809001
076240003001003720230000100690108245520039080048006370305962407402000930760000852
803706124001040390094032000900000500308257009205908731062081903000603010137500806
620900800090065420507820109860102054209048670040600080400290508052700340301406090
456270010000060400208140765009307004034820106087050320703000248910684000005730690
090204005038090040150780392500008923023049070760012800006803210310020460980460007
405900060100620390906401702740000905059748006008109403000007020672814509013090840
360719852195840076002050010401000008620000140709081060013964587540020003900300001
030905602506840301702600400003129760640300000201006935400703026907508100065004097
000387005408100037731500062060970420847005090200640078584700210100820650600051080
480605079100092030305800064010003096609048513530069000040327608856904027200000001
625001084100030029009426700000650270516270090302009506981507432704300068000940000
070490028014800050080006390007560081560100270008309645802604507640057839053000060
003906052057028900290050006720500109308700045549001000865000094002800361034260578
920143508503000004800750206380090020002314097097006450205430089408970002009800105
950010042123805006000072510069327085070080030830500920010700009708406001540290378
230709500000360271675400090083054009502100307009207085850902704307046908004800050
745193006609040370001070495106352907053700162200060000010608750070900680908000210
070082054018605270002009080846270035700050810095360700204003107061527008907400003
050006002028051940000247005000904238103502600249083570800000109401009853092138060
706008495400906308000004700360080049240310867870649231597200000000051000003497602
354096781000080400097043002009800104700064050423705806902658300000300045635070920
300100000602804013904036287000041025567200040420053890000960072796005008048017609
460850019079002800100063470080200051604590003052706940796005000040670390200480567
128607045040035910030400008074006580052008130009543200507360021400100607201709050
290483010004970283803000400020134900140050708630800042056740001070018350980005670
450906300380421060016000070075102600000060891690384250520610080739208106000740005
000000860170208430806350007005083209690005000783020054041500728967000501258071390
000009038018405720342680090029306045004050067706940300080160059260090003093028014
310602078008007062702081050800203790104009820027510030200800016080926040643070280
400216970070803045298000003500301406142609300060020091700908100023060780804702560
089076000402830560070100893700403058803700021504081030000360942930050100246018070
904000061060403700305076894250000407017200930008730506040800070780010649139040285
607001400028670539900308070016439807300200605082005090251800703070510068060042050
002890740407060835630700200020400057150270900703905604270300000009027508860540372
008530010000487900305601208086104053504876020027359000700008560609000801012760390
500027008482003070001840629945730086800051940060009300200574063308010004074008210
306072045008409036045800001950380062200097080860020370570906420680045910030008007
054029708602070103003018200368295071020000680700046030240003500530902847007051300
100509670402870019967143285204900000506000008000010420000362740640001050021408936
830020540040305700020470030381064079004200015295010064002100400000602193413059082
420100036370600190600394200280730960097068300060001408730216840802070000006003752
067095420159246070040870596483950607005000009001738054000500000508007903920403080
040900612506027934009046587123090806970060050065008000301070060092680340084012000
097008620004690075086012300001804203802300496405260000758120934140980700000007008
000506900175003640063408270089605127016080003040109006090057002831200709002091304
026804700001090820508702069194030670780040290000987050802309006307401982009020040
603187020200403160750692000005006741970314600160008203007000856020769300406030002
019860000027090000630217005000000847043780056085600309300471508900300624458920170
349520780080703960067018000704009002000032470012457093000000107190870326400261009
150004860000671095940500010500923084600415237003080000704360520892057346000000170
078001239520008047903072008365020070004010306700500400000030825136085094850947100
000800264862504001017063900074309152025641030008000009000138097593400806780006003
530860201800057060640030087004300009001528634365090700090642005006000072123085046
500002400409086015206105307642039108007400003050620970130090802020060701708213500
430800000006007580781050036170026045860001029500489760612700400950203618008000902
061407003203610047700200065507306098000000306638925700942538001006094002300000489
078201300063008017914306080730509042090063758480710600020100006300097004047800031
050408901980070060710903820007250600140097032290010704471609200000085140560002307
004500706160807093980640005501084960300760100640900078710238509800070001053006820
040010002005004917093250648758390406902060083304080091801900260539006804020000009
509408600308905200020306000734000080296047053050690704143789062080201409902500000
900050004004786953567030002800400700046105390021097405009610000180509246072300019
580900016670018003090560420240053060806020350007091280008170035960340072035080900
080009013607103280320680050803015009000407030749060521930500760010800095205936100
925164703713020000060007102107956208006080931289000067001540000000003015302610079
004098607806004905017052300060280703750400002093510840049005260072046008600320409
670080940000406107914570003001960800897053026300800019562708300000039061039600208
107900500340280617680004030001608000408572100206390000064120308003400279702830061
230001854009208003014506007065080100007102005102307496600873009570004068908005701
000120050831590720520006340006302008090640032372900604205439187000001203713008000
002900070970103245104270800020091004781400030003058126350010062819602007000037910
805736249020495308490000600500029000369080401170003900007900164050060073084301502
064001007520908410100047506840206390290030070050089160030790650975604038600800040
958010460042003150000654800820436090769001380000090610010000970500048230286379040
486012000093800602520000010701326500050080763638095421275000806004003105010560200
010208005260070948380906007000160850803020601196580400040730580928010000500890216
400035009590780364803004501010002450207050000635000002180560297759008013300907840
214653007070190230903020105807006003640009801130740052400301008001070509026005014
450230089730006012060401700645719820000063900103000067506378004080100306027090058
109040732340072600200308090400630815590400370610807000036204007054100920800095403
003000609014302850057189002009018070528690103060003028000954000340000705195036284
062405000540870123300001406093002701000610030216047590030950002650020087028064015
400003819030070004512498070140260950006030280203980600704050000680710432001840065
030000259009003010005049036100080327307420060652937000008152403940006002523890670
040306000503020076120074395015908720402700109008402050804093261200040008360280007
000200150536089070071450930107063002490005860002840093705008420004602305320590010
002100000030687902690254708009305804008040290247060051816070043924036100070410000
076003001500010003083924576807300194061005000090148760730200000000001657614579208
329050840000230071047069002008302407531400000400605318064700180205001703003586090
746390080035700910000540630004107009071003028590460370083209706067805042100600090
109006740408301006002409830200690073397008200005207109050002498026945007014080050
260000045091056307000120060014567080070342510625918704582070003930000001047090800
001080026090315047083060901904027608362840170018000200027053010030090000049278503
527041390000895700408000501081936045350008907040010080004250006230164079109000450
005463700740005009013970050600000007401007900207098041084036192060801470072549063
001000000429617035080025147002009400568204019040086052100800570835091000070403981
567089020000005780803702096086500049070108005025930078638070050000603807701054630
687952104035600097000070005000067008046080013879023406398206571500790080010800600
730248195491005802005003004002700040359460001040350006028190000500820419014507200
008700020042069530039204076253600917090570000060093208105080090384920760000307084
082360005040500003301048796705004680008706009260805017806050001000682574524003008
070096000029108367580003209803670120102004706060310800018460900907000680005829401
004051000086970530025006819070000301048510902560293008800130290692700140400620005
008104600614070305250830104003900000040082009509617008400000213095723800082401957
020089610690205083008601279050967041040012056806403000000006094004000002970524168
079028650130007842008045000004013069290006700760402510010500906980031070047089120
006790004001400076794102580015007040309240065007580130003600400902874350408300607
951000400004137205030005001309070100506094072027501003473600020095780064208403709
270049300084071295900200070437065080008012739002080600003590001649108520800006043
800405030400060052029000068008207096294006307065900000183792045950610073607503001
200080517004190003031206890762040085045600070983051426009800700320904600018060900
097008620004690075086012300001804203802300496405260000758120934140980700000007008
400003000218090435003401000020315069970000520365200841739140058002050006586700190
000010860608390201123860007530726048204009006006004520800903602307001084092078005
029005013103060824608312009000920007830050106070080000491038270305270001200501438
906300408400928710018060003700090501084071069109053007040132600301506870605000130
308041007605070403040830150006089041700000560124765300960050034470608010800094076
015027409002063005003154028021040390064090751070605284200479013048031000000080040
070498620100000049894602030900240063640070108510906200038109007700004310401035082
000210460020050913340908050708530140004890325205046870073000290060309580080025030
034967050010053670005481000046500203987326005520109067460015009000834020000690700
068500703003679102700030064926103847070080600180706930002000309410360050037095010
090360275602090300730240090870039620003102950021800007017904002009027810280010740
100300890806940052079120004005803700490206380307050209650700010718500420000614570
830027951097360482540009070050200168083600004619054720470000030005706810001008040
190308020865100730007090040016530007200784060783060490978450000532016800601007050
500002741723410005080750200050607020340500010209043587070061350910804000608005194
700423010310050008200801930609534027072000503103097806501042700046000350907005460
574093168080041350203000000067402080000910000940306705890600230030529806426008079
900046370365008400010035028520004007038079040070350892003402060240500903701680054
001800964823060070469001382008200603000319020037080000305602108100405736706038040
063020800057480620240037500015002496784506002020103085806204001070008964430000200
740090102029184007001002509960500213003910050054620900310856004470200061600400025
060400507703002060549607820600925048908703006000100030016350402005000081427861309
600780049100206070487100320003460010002500930741309560504800601010904003098607450
245309000600078009879056400960800024300190687000020005026981703190742068000063900
006470003004380670713006084400508060609000850870169340102094537340705006900020400
600784502872519634500306700040901076000405100001060300100092057050100203400653901
084205067203060405001097030402370016037100020009506074306940050008053602040002983
060008753980040000370526840506074390720830400040050120038400500600180230052760081
970536080068024900400000516800062000630715802207000631700041000390050108102083765
534800970010476000200003184095201700800630049026080031700904010683000490100328057
004080107390170508810026090903050700501740632002031900008400050640302870720065301
809004100350018074004590860648750091100063750005080006520076080400809017980040602
408027503620900807100408060506003124001064000709082306804305200070006008012049675
070105403530070109480390050710020005365048090000031876140600032609400700003217960
058026943307015000060800170090302017400109506613050002021503684080201050034600700
021540900705801264900003010500002006608035420402908150380004075200089041046350090
001380025872005413534000098007000201623048900050700340045036009009500804706090532
200100640570039100680052700806204539090010000457096210123065870000700056705803020
130750408760401235054000000807140093006000104301080020402908356905034702000015840
641875329900042617002961054004613000013000400060720103800000001007230048405009730
070030690803209400960504803089603210007800500605407038096701342102900700040306009
050060940306491507014008060643017859007600000080045306060029738070036010831700090
000301600060429375039870014007102006825700930916580427481005062003200090000010500
309010200000370065060000039476105390093720506521000400614090723900001054230047081
514079083200600007070403250051730028002508040890002360083000000720301894006857032
602587934050003200740001005180702450009005760305840100001200306267310049500079800
600945007040670950795020006000214590920568403584090610009002160150709004030056000
390801057708300091501097400000030012030042060902608000203005986475906103600120045
984376000000400708607005439810700045300029017706504200030650870501048006408200091
130086000069270503020513809201430075097650408000827001478002006910000004600048290
041069002693000014000014968067938040038040076005106300210403000350680001784090053
903052067208300504470000230150004000897023605004009721040038100580060073301705086
830015700900043815057080004083090600590307481001068009040802076020130040618900023
875104009041760580000080107500972000068031974097000203650007090402693015700400306
800061025046300819050028000028100003604093002700852106975004638082039400400507090
003087100100050204792401308879000620020670900004529083947830006006145800001000432
809502600062304095010070380054801970608740500900030804206108730083200061007063050
034009702060342500102005840700400256420570010603201080370014028040800075086950004
000279805005038040007054063430502078070301000050040000010406507542093186796810032
