150047829089060300230805406008013002501286043060004100004708600810000204673420080
497562103300081540010000060004100826730056014601024000000290008279308651508600300
700030108086079050403068072907801025160052893005006000008400507300015080541680209
060090075450072903073048060306057192508009040020410050634085010000900500290701834
003049586941065007006030009062058900030400802150027603627081000804090765000074120
908035270273418090000000084096100540732046000000089726050801067001063800687004102
186902057020070081070180060090005146017063002260019008052690014601307029030001070
004006073063201504095730002608405217000600050452170900506049820000002709249810300
007060000501804702064073581040318200080007630793500014070430050450001326310650040
000180430064029007371500092038060700600402980410073605093658001006090370180700560
160420890000109003943070201754001006600902730200560018392710560000034180480090002
340915006009000002068702419275680041090007263006201000100309720057028030023004108
020503709805700000090080635958007304147639852000004090370248006600070048500901270
500764020020030970714002306630000090078596043040021087200840700380057460057010802
580402106004586073300097058001365027973200564265000801400070300010023000730900600
007610004046209308820040960930056800100700630702980051289537006010800090005090283
500002741723410005080750200050607020340500010209043587070061350910804000608005194
002000039107802465064795000028340000450007390030501624800273900076150080043000571
032740106060000032004236057980051070000968004500370900650004001429613785300507040
700280063308709001102040087000008010936107850081530790610075009003000070027693145
875460001000001578920058003100600005698140700007089416783500024209014300000302850
015690847400087100680001005561040739903070520000359000000823000896700352730005081
501000780004106305069375040120040670750692013006003008390860200600409830085200901
160020340080301007340960051536289170090100060001050032903010780020006003608573420
048091060700860104901005230000012903509006002423950016007004000095078301034120785
782049051300057420001002700190600082807403016006201070613020890040930160070506040
000382005260000103835046907506830091008601340301070800900007614057418009410003500
267095301001370600800600590030418200078260409026000803700100024690780130310540008
004209070562007010007035280000006001640002098009178040300081467076504839400763052
001090438000030702000408195230080501590001643140653209804010020020340810710800950
230149000800006134106080920061800270900031005083420609009012008308060002620750391
065902000081700006270614835003406510156020974004500083540009300908003000630847009
000374106120506340360090857500640000032900500806720900210869075658007000470100608
700053408413826059800001003067080531040539070500160004150392007089005000072410090
008640350456003790301090002710938624040102875862004010000026000000050287127080040
900017520460290007201500908050072080120005409780901650800029700310004896590180040
106270049309400500040190068705049013024300007001750084010034896098600100603081002
170600008263480051058302470820570603005030100007069082006000030010743860030806715
800900300007830406639072851090243760000500040450006280004159008571084002980007510
008000001236010098179803025050000872820657004004028150905700210062100040407230089
040500703507009482306720000900005306423070090051003274000057640890400137760301805
100200005495378016020100980940500027286007000000632849674000001030916408010704302
050100080000859400049726103004081370781305009032097010400502730100403608006908042
024000050005821004730000091002600137470392685650010429506230918200004000080160540
021094076374860501698570204000006043003040957005039608839627000000000062050010089
003700060912340080670000204790405600000037491000001075409560710036874050857912300
001803296390000018600519403700058000008400960106002005214386759965107802000020600
803009017040780326702410000605090040090307562270806100027900600009568270380070051
073280019050016800480900670705090020960507040030102795328670050090040263100025900
860432507100000800750098430020081700073965182081000050040803900395010270010720340
895060030046300508120005600007028100210503864630040750900210305302850910000930206
000210460020050913340908050708530140004890325205046870073000290060309580080025030
070005402065084190034209800000130248840027900326090001780952614409803000002000089
315728090420006587000005200540060710076941052900002800054307068003280070087600420
031080056069512374570030010320009005108200000045368009083605000007890243012700560
207940100108526073030000502001070030760830240304205706009162300013400620640300081
000360900063509248495010006000027013074103600231080409046730092300906080980200064
250068900090732564340010728003040896629300000800600030002100647001076259700924000
041059700098701004000403891250086000904170200813940507576004930400098000180007640
300704650790000348640905021500000410084520070030147580400261895900450107801000060
630709502540060000007053461009620008405901270206080390960470005028300647004810003
900200307304670180670083009702460900050900800093720654200010400869047021040890706
700081065930006074610430008009108000306520917021090056807009602164872009000005081
041600259380049070500201080075492831420080500100700600006015020207300018910820360
097050430000980000514230689470325890026010005300700240650103024039040068002809100
390872400002030708408605213045080637020067004000040029030719040004308050009406371
108043090000001030532907164087052040015790380040008750021405079056009400400806520
813040050200380600647010080760208901500090870900000025100436507409871302076500140
030400200091625034620300071007009610960102450052046003209050106086204790400907300
200510034341872056900000020092700400604390002010250689159000300000965041406107095
001200049432080607806100250960518002100007536700000198000849060304760925610300080
090265000561003024700001659912058407040009502080402100034007960056984071800100005
005030081932850060600074059007402830349760005008300490150087002090020600026049573
000086054516473928780000360093825600807030200000007800002768003068354072000219400
000054002042610308537002406076200940020546800804070603293761084700008100008900207
860039402700004968240005103000900586007680201180050000970040020304200807012578394
734051068251780030900040105040198750870000041519407820080079310400800000100630002
040582130850010070026030095068105003002940610409060082090000700600471320371096450
508009006921500708600812040136245809000900001490080650085093062060701004200650097
540900060087014209619075400290700040100800620700501008800157304450306872003080506
906581000200096038001403065504009817387002040019800520100245000050300001468007352
840090150190628400070100086000269715529800300061004009910450630007010048430086090
560107308000806500012543706020710003009382047000000009293461070045208060106075032
021473900730890000604005783042567801563901004108004005007100368300050140400700500
031009420005346891409521030900157000006030109803064052164002000208410000307085200
576401003003907008489000075005006047600705901290100056004810539002369710000074680
420780695008034072057060000204000500035907210090825407042390060380002950700406820
670001509200090014901030207007004800062078390580200476020040165056080943094300028
000720908901065030407009652002583097540200003030416200200000070876052040304670529
000406120090180003080203000750629431104738592000004087905800270017042065042007009
504601902020400001610509308495030806080290050300850710906002180000060204243718090
000508640026000905845963700054009107038051004010340850007602018403017002081090370
390004860085762930006800400503001700700356149061070002257943000039105074000000593
300410800074060059620059041480006192005800070260193080806702400040680037031900208
000973600005684090906150048009205473023090816010800009000069780691008530700341060
080004019900062487240901056460029030109650870703100062300290500094000723800430600
000081453816030907540027000708103002001500700960740531070050208605810004304076105
070305806406008152508240000023801405005409307140050090060980020091502680052004970
831042096276091004040876310082039460000007130000654270957003020310000000628700900
609752180802030507070040002900684270084070000760003498420108350098305740006090001
105809034038600950006150800580290713900700020067041009602400307009562108840007005
000530070084290013753040902408050701060400028107983600840015230316800050000304180
750002001201605970030407205913200000500106839080790502405060027078300054060574008
582030604700050000906742508010086945804010062090420780300594027100003050405061030
070403105200070400341850906407621080003040290802900610704206009080000040520384761
010009500049605013802031690024006078130058240006702300070064009390087460460090082
305000600008619005906205814060850100592173086080000207200304000840001530630507948
036501020589000017024030508200098450358246701407003600600800070072360105910000830
003100400010496730476300029600200000307804206082609543804001970001780050720043601
040260895928040037075839410317085200000003154006102000030950021791000000562010080
001745980007836200008001730310427009094160002602059007020500608476903020050610400
200470050070910043496080702309000805607853094100690007062038479001047030034060200
030010090091000567750860300040020759005000483970458126009673205300080074020900638
149002580000030904060804271007500819006300005010720436251000300694200150730450602
570849361100603000306000549000380194904027003863000250020401836000765002001230070
040700300906380700075290010007810245050472960094030100089100476400657891060900500
032407081004109027708200900003690010129074653500001700200730140091008206407902800
901040657302100804604050201800201703207004185100780420710520000009406078006970002
040900612506027934009046587123090806970060050065008000301070060092680340084012000
503807904072090003001053820239704001010900002006102439390516008085040370020300095
004310056701405800053090120106254007470900061030007480608541379019670040040000002
030652090592870061070000520000090200814200009920134786000046005149085002056700948
231850094080004013050903020017200305000740089945380060500476031163090072400002050
004872065061935007020000809390050018180090204000108900508243090600500382273609500
409302587358907104012085069501600938620000740904000250090148000000270800007506010
400230001320450978507800004740103096900070302083604500100000080802045163650381009
006915700120007809750400031490058160008174005015000078860500027002863014041700080
003402619264001050090670200705100082012037400040028073609004020007260501401750096
002701050071500386405069700029130807003070200016208093264807105300012079100600020
020000085089523076510680020130260049008700002760340051370800000054192367200007018
809257341027800600030090000080735004004061800305080710008309502600028109902106438
605400003074030690031006452000200060000004105486007239700300026560009348308562917
089205030005801670013400052560309027900002061230670500006720905092008740850906010
905007060700123859820900307516002038000651000049008500057089420003204000480516903
008417059106008207704600100800501076069780000401006583210364895680100000900002760
746000201501374000300001007087006309064083100105240678000405792652030004479810000
260057019508900070009480305305000040602034751800561900400198230900703080783000094
009010580016298307048006001620047150005103624401005000007032465360079010850001900
020089610810602073003507842030821067080035094501406000000003026009000001360154789
006035200019086057380090401500820643401009800820054010672908504058200070000067980
900000800520607190670194053760840039009760420082030600006008340207310980035409010
007900236402536080039020100900350070028400315045180002874693501200805640050000003
172060803006900407090317560020601740964070180001089306300196008007032000209005630
000083420903054000428070000031508046240090800089007053004931002310842090002765134
900060320100279654276405000640003002700042061010690005500301249001004070098706513
542793008839410207010520900000807000080000706706001385100600470400009501270154869
937000012502701004041390065008127006070600123210030078093060247080203059020900300
018975360609002051530610749067541000040293670903786410000000130080007500300000280
831947050070602001200530900020000804540263709010478530450000623092000470380024005
460103000201080634007604012108790000300501708506008291010275803705046009620000470
002459107900087405075030090056870940804000056007000008000794200709125604240308579
000200050920801036600709028406097082209000471870425300002004807510972643700030010
643971002890560007072300609000047080024806501038050700200090406080020175307015908
250740103007630008806090702305004200062057304008026091500019007690203805720060039
100006008923587406700001503416000035070138060030650201001905380087060150205810040
024908570905600084831040002300080065500436007000502318457001030260374850183000000
080603590053080026709045001520030080048092103030076250014028760070300040096057308
050830006060094100417050389100060254608400001205179800700903010080500607591087430
200560073605470009017080056830000601040938520502610300020395160401800905903040080
079620800000004702423087109785040601000708045340906080890105420230070018004830900
650394782037800050849057000192683500700040069064070020476008030000035100503020408
634578102900000000870610045459702601000134259100960087080001920040090010591300004
509800020200109576073450090061200050025601803004580610056300009400908005902065431
901050206046021957070069314462907530010500049503006800050090720300470100087015000
054921300020543009001700054003408001547000628100002743409207005375104080010890030
237104006600700104419500032984207315500001000720950400092008650046015079170000800
020098500896752431070030002000921000700064089039087624000249308280015047000000215
075184000008060901602030748450279180080000004701450209004807360800023010537040092
069078004587023906000500703004802630250004001803017025400206098038005100605980047
903000000254986013081057200500401607410760032760530041097040300800193400000805109
000000005210807604605104703398016040002000580451720009527069130000305900839271400
473000009012000375560080012294008506607030001080605704705063908130450067046000150
741390260200078005800400100056840907480906300923001080090287006570610840600034700
691348720700165080504000006946510073302006401158007000030700500265894010000600240
804072619016340008007106000041900865700008104058413007000005281100260793900830050
200300614308060000164070000031700509726500140045000372403915720010024980690830050
058200060906531208200008097015984720600703051024000009000010604163495800807300910
504200903070053408130980050200530074841020500050840620400090700695300142020415006
080290510009070640167304200748500060001607054600420780800003170970802005304065029
000486200783019000002500008040605100197300052536901407670804020319002064804100705
213076085060190020900030401740800306150003072300752100607004019805921600090007038
406080090700260158018530060500406800971058620600002015097803006305041782002005030
000900150853061002609205703045810009090430215106090008304129007900050801520070390
709050630684390000003014970908476200170503089000901060090705300301842007540130020
257809600910064730060107895106300000300796158095001003004008927079050000021903040
005040178009027400734018090090284510570069000240000986013000829952831700000402001
080053162203840509076009000058400600900230487702608005195002748620084000000970250
001860590582004600007000438090050270120743906006080003210400060658392000734006829
000000005210807604605104703398016040002000580451720009527069130000305900839271400
500030008290108600108607935012780050030510092704002860309201006021805340080900017
000758062070023950508609430012074000036005004407900301240801009709540010163090805
130062400005093600020078300360800154200000830081046792052617900013980040079030560
067095420392146050010870693685720104003000002001683079000200000208004307730508040
003020685060083079458076000305700014000005300641398750024650103900800507530209040
059030067100670592270019000827195630001020950005080700080901300060053810913060205
007840100300700004610250879870400350265008040040009702036027508002685400581030207
429800671008419502030060000580120709706000120010547008000280916290050400864901050
000841000890076003060000020040000200520064739736980041300690412080413975419007308
000208047005403180478510302304900700900040830610037405040605073090300204023790018
050203040390706580807590006002830001089600420036000000415078209963421708208060010
080401000510000842004002615129000080800005401450800709061530294945120360030049057
789005060050130207020607580430062109097010058800750400040576030570040816063200005
860409517709001000500037206912706000007003102300014978070300600608905401290160053
009000003701932008302058197200700085098360712105029000007080034604503800850071620
230047859000359206904620001760800004025491300013576920040000000502014600001083095
001300600072461083630785201007090064080603079000807300020906008960008410008234596
208504361005020070940670002094000803507239106300048005050917204013000900420305607
175943600040500170008200940013080597850039402020015000700150830500097004394800750
905007060700563894680900307367005019000179000029004500093021680001406000250398701
090042803061530040000070050148950230053000490000304160080403500005821976219705084
807501324042907000005400079063080795074093108080056000050009003408600957901375006
860002031200093508305810002008050006720081309150320704900200005513960027600105093
036401070902853000001000832687092043093045286405038107018000620700214000050000709
042037060008500047603408102204001039730846015060003080426089071007010800001670023
806420109013870020004009607260130708100067050390080016001700002002691875759040300
900006570170020804300040691000050010250061700860470050030105407709084320548207169
200000160840650032167380490000910050901006047005008921510279084380105009090040016
340050821007329605265040739900076002470080090508400000004910060091830050802065014
006005201820063050501072803405609008180004906060701034258007049300090085600458300
837001000096342000200786010029405078080200600075618930760120503912073400000009021
061009250008205700072063098910520080803007602200608910000892004184076509029000036
700029080590070621801406003002600950300017006679042108000890502056704810918005070
160400007090700008725980140680039014079000052000067839200108070037605200810372405
564098730700160082002003900000080156900630004620504079046051208179806000280340010
200510034341872056900000020092700400604390002010250689159000300000965041406107095
108050003000903100736210859900802061300100085861075040600508204502001600403720508
603542190109030075050090060030050014590420006240803750900074080005000047784915603
008012965000807204204030187516003740320000510840651000003060471105304090070089050
301028594502970000904003287049780130000046078807519062010090600290460001050800009
046038570207059846805064930064010290000503760000026004050601307608070419301002000
300920407604075930800634510541009723000017690069302001430290070000451006000083200
026000075507812030008507420205049600730028590004005207000951360609400750853006040
890500302635027180000038900401756890080090520750003001078109036900360700260005410
302801570817006032090023814000318007030409160070600098900260080084135009020080750
210780035009500040053204601900301008645827190008000407081970300590038074007400809
007500900008090706692173048750008061401629057006010800905061020104050689003940100
160700050398265007400183096006317500230004861510800000620500784001070005050038902
080094013370056020902870045008020009423960070709031084806010050040080190001602837
081005630024030708693070401160000304870309206340861005438600500207904063000023000
400100906915704820600903050250091367041530009006800010007640000064250031520007648
349020851010500007670100402194680070000001200007953004056319000038207145701040306
006753490030642005007019230000965042695204183070008600903020507700380000402500310
030005684086030520000869710073000040060004205410970068308240106092506037047003850
010027690900050437507309081190070026300810749670940100069004010780005360400000972
027100006530082947800340005354276109006030004900001620090003078743809500005704301
390026080020743001060850324003470900472600153009300048040231875200560000530900200
502873600918450370070201405190065700200080103300010046056008030800609250429037000
370204956940500870085971400006853024030002009214000085400015090009028040023069007
267940810004010205100062400806009321073124980001600000600070530702596108480200090
819004075346100000000009040623087194480003562001462738100040050034206017090001400
045800697702610000800470210901030074000040160457168020620004701010086002078201430
108056203530402070400070095610008407002507000705103962890620100260004589050810700
003042706802765900000839524000304000308216450600507012026971840087620005100000007
156000428098460057030520601800609005620005734715040906902080000584390072300000009
001080026090315047083060901904027608362840170018000200027053010030090000049278503
830069007091400605007150930006000050908536704150092860060085401519047300080900506
079050400300170086860039075106320890090008062420690700914703008680910347000004009
562010003043758612071000405350002048018093200700081300205000061137809020600120900
509601084406009102800074090368042007900150406005700908254007061600010209700236040
590100840074530000010409675702040500150860027008207301067010250021695730080004060
049080270007095600260034910002350064006000800854967021090603000681579432700000096
080390142042005000169002308821050003904000000003847091098001600207960015410508729
941300065007060200026400031072801900095042000018590472200010007760080103180074529
760304009805920004003050728074600215001070000280513407638045901000039002409060503
407200596063705800010986470731409050059000004000053069170008025006504900500610347
356009072127000400084600501708094000400706089269000307091063704602080903500941600
200173049673040018100005030018030900060801473904062100020050896857010320006428000
070405060906700104504096028090207840850300007047680510280903071700041030403500980
026150039050603704040007260605702040200905671000400500472516008501000406308240107
200500764560002003390007028000650030678304200903200406430005671006900385810006942
040020005205014930107609240650408100300091054401030807803047002020065081064080309
508904102060003079900075804325609708100800000846700920409000007601527403000498051
000100050354062890810039670701000460020804005508316027106280540290450100400600730
080030716540170203700800500054901078207306401008754900120000045005008639009043027
425001800090320051030059207060010008904280516508064002709042603340890105006007020
040009052750203496069540000000362001613900007504700963000830009136407820980006074
801060003005047100930058462008570041560910000014006935079080300000001289382495006
200580974068094150590700680380260500126050030075010260001000400057102308042030706
021374000937100080054090013089761240405003000210008300063219070790400630108037009
834751009100206003002834050008400900040379580359160000063900010580603002901507068
492316050000020610810070029584060003020703586007950100950182067201600090070400031
063010059204695008050030620506021874800506090092003500005108043140309205309004007
801295006060470580075000104097186203036700908100050007028000600010607045604918702
590000000040937125710052890054806010908010460600309580167580049420600300000024601
500304769607090002904627800108040500356089247709000000460072083290000070875001620
063090100918006307000010695150300200020081004607500930096102453005640719071930020
830006790090347608064080050070001083543072900001960507009020075057108002408730069
009085140083040050000003600807009002631528070490317005320001704018270030570036291
000003052305201470004750983240137005700609230800400000078302509062078041900004728
050860000104090768860714500000000109081279036002641005200180050315020080698035207
810097204094010050705204031027009500009600043000001029900170306586903170070862490
150976020000010405893005670309047200040360910062090530630201800405039062020004703
200010000400078690891540327702305916106000400080164070503090700970602158010450009
006208401524900000000704260302080195100400872009105030201879000698001327057062010
085600290100800006204005000903008120812009000607142938538091462491006780700000510
800090457750430082920570306000060108310045070070800524580924060400000295092657000
109400250052730046003510090230100860948203570000805400094621087026040010300900024
635000729000536008801090000160087205503401086980650147350040070016070004097260050
640007902291803570805902030000486190080731025000009840010070258428000009507208300
128300947500040300009728060430001050805200070706504239080093005904650810203810400
900010607700908020403627805326750018150002900000361570509000106230100754041000209
049103005000290016010407309000814063300009182160532704003041050025700030081025047
670010084841900603093864000000006712000741008007285400360400071719608045000107860
170009045893540600000130970010470590050610480748003060400095826267384000005000704
068073010004020386010098274039006002482319765056000908847005020600082403003000090
140236570925700836030050042080000093004829651591003700010502300867300200000607080
014003007900407350307901084051076400073000620008524013709830046040000530130642009
951078040203019500000400129087300602020745900509020470695082700030060091100930860
800070052601209870000050931706842593005006128900310460080007005067421089290000010
097065000000320795023070160005280471012709030470513902080000603004637019009150200
080134620924050300030009854850400902710890400460000087340901200276003008105086700
730200408020403657000097312008620934040059020902348765801002000203004170007000206
430506000107084200008210460926430087704008002080060941601029075000145096850003100
908035270273418090000000084096100540732046000000089726050801067001063800687004102
010700083508091760703806500930687154080900070076020008264170800800205641001008900
068100527900500846705048039009407200170360400300285001080930675004051302500806000
283910060040072390700080240030428009417060030020007654079200506060700020350896410
060090075450072903073048060306057192508009040020410050634085010000900500290701834
090702503430900720010008406560009047070480060004367002609203084708601230320890005
017905026040610800890004057400176905103000048065038010600200079730051004250069380
675090013002000070080702940120340069834619720056078031509000102700026050003501600
060102030017030286430096700000961400026400319000720805093657100804209670001340500
500012009423000610010486230000100360068704090194650820940560083057800042800207006
001003075008907163700000020300090201470150609509020700100062897824079006697830502
098057000703060218001208759000000307876090125932005860089000070000829431004570980
000090178785031400901608002029560001000000925513982040807150200064820750050006019
703010568800650000659872000500000610146705800298060030081506072900087400405201306
300904070020370800471026030130002408206743090900080320800457603510069004060108902
270048005690050840045016002900704100002089470007500920068495200100070630724630089
000003050580972413937501006700000040009780300308016000293108760075600092804297035
700090031030071249100003687480050310000430000359002076800120754502704963900300028
537098261068503074090267008820000740759000100410020500972040800600970000345180600
090060418840290300075830900759640102030900080400053609063400790084709000007306845
270048005840060290065072004700801400008096570006200180092713600600080920184620053
908321000001895302053600091084010065509030710700580900006907040090243607007068509
000000250039081764706049013002050031873164025010020678380700040605018307000600102
040520800900013206070680090789200650605907082002065019524008000361492000807006304
080009053500306247060500918002803009010005324609124000370250490100400030945031702
040509016906430050087000400020058004104002003835614097008725040470090625200106970
003065170004019000000380295650900028091028650208576931009000510035892046060050009
017305020800200370250076018670590031084620000030010264305062007760009502001450603
080050010690812357305900008076509130930071084800004700520008600009026870708190023
010804000296300184400091350030200560725486030080500407067950043809060075050048010
074290530690305412200400000940028756010007004750049300467802100020063840080700260
800709036460058029090620040021504368000200004580396172008417600049800007000962005
682003409090205800300980107405098070020064098860007340008430910031600004906801035
280600190000920040943501027360100270408036050700290063600310009094002500035460712
070060108350127000910050237097602480035401700004070013043090000000203564561740320
836107002009004608010608093940705086203049100070001340094502000002400907087013524
700029080590070621801406003002600950300017006679042108000890502056704810918005070
003000506190007043006021078057418000914206057800509401260040009001900724470102605
815079420004001098060820050508200010700086043940053870493010085000405230052708060
038400092902630548057090063560871039000504810080320600106703920890140076000000400
960700501040000608120035040836029105574360890210008463090800000602957000301040087
541206900002950460000000500800035709704810250100060308258670100403098627960024005
084700396001900470070602580100500724026481950940200618050094037010056049000000860
169030705275009360400065000516304080397001004800597003000000439601953870032008006
352708619798301040600205873120080007800030421507029306000052008000004002201600950
480007106020046738500100029000735004700820003200614975390402860140300007870950002
601048720700200040230069850072031068403802000080050432906503000020170396307006580
005900381091040000370561092780390614500078020904200050103000260020654037607130040
080360400046002350037108906458906032903087060000400109061570240090801605720030800
430520000957846020000397640700208400005003070302970100520030780093082510078460032
569001002083726005024895613637504921000003084400072000005017260010649300000000140
040000609836027401019643280903071060070060903680039075390814006400750090008306000
000006920902541087800009540387100490210090700050723016193000200625900104740012009
003489200070256903200031008410623895008940130006000407049108002302504610060302000
300025716706000003012736004073452060025600309001090042030870605047500080058210407
906204070004058069003060504007042190120300400048190002085409010091576280002813040
803027194060400853014005276605102708000003649730860001408731005000006000306000417
217006400000120037034078210059413800180600009600800351020369008076205194095000003
004702810060030020700580600690010002007048350008025090203894165986103274041000930
480005006360927041000008375023051004500090610100006538036180007700560483804700069
002031800006592401103000265900720150230060087517003040020000798070050310841309026
801403769040091005032060040064005008510004072200186053705612094090008020420700180
000603170070410038401750062080300210096241085107000346942130050010070600763005400
890461007140507020003290461000070190201080536460300270384050000917020600600049780
130007002400530009967002531050900704600450000840206090720104903016329840090705016
097310045015890062002070030100608907049750010068900403800200500076135084501080096
702030904080702003963000270205387600137906800008025000019000720304078190076009435
001000000429617035080025147002009400568204019040086052100800570835091000070403981
894051067503400091010038040471800003000000780308004000137095420085342100900087635
680020001952318476000009002006900250590240017270035008740800160060073029820650003
874120360200036080006008021910075830507802090008090570100600007425080010700214958
060008570700591040205040831073080624680452013001600080012960408800010390900834000
302050087501970020900203050105890742027534800409702063700025038000000690810609070
650020310008304900437169280723000698800692173106708400004503701071006009080000000
108050003000903100736210859900802061300100085861075040600508204502001600403720508
060502190238019006100030840001060430540108607026043010680320500002004060304906281
102930056603050020500602308050093001026081907809400530031070000060049283908026710
904608530200510469160349728509103000300800906607904183853001000410200300002000005
280603741560007820030400090658010472003046908002570300046701009305904007920800060
972050840085040000060801520546008370018030465700000082307400016690200758800670204
000716009971052308052000047300507006069000470580649230090200814046080000025174690
046038570803014269205067380092080430000405190000093007020306908109050743307009000
780903005009107600053008097060815942514009300298006000005380009000602054872504106
908036050040050690600007130000065013501923006030814500400602081360581024100340065
100006008923587406700001503416000035070138060030650201001905380087060150205810040
001000000429617035080025147002009400568204019040086052100800570835091000070403981
540109007000687040187340000400060050060008004070053698859076013600501780700894562
080030905093012700710980240641859302009620081050000006407068100900300007065097834
300060701069120050081530904000640308508003670136078200690480507810700092400390100
300201680508064700402080905247000098003842100800039046026475809035028470004000002
090360275602090300730240090870039620003102950021800007017904002009027810280010740
000056931093001052500002680016008040234905170007030290360520410720019063000680027
049070650050960041100200007492035106031006500006100080604580703025413860983027000
030400200091625034620300071007009610960102450052046003209050106086204790400907300
500870903438000015070004826781390060040107590290048371300280000060453000804019002
002817596100560002600002014201009385050140007006253040700906453500480200900700168
000100805637584092501090700278000456100062900006845070840673510003008600065900340
600037142074281030023000900300500004840309726092804300000143208281000460430620500
004300790073800060860947520380520900450730206010009830008100350237605401040083009
607985020904200016200600075042301608500008037301506002403050201070162540105003009
907803501002900080580014790096500013170306005005140067061030059039400670004692008
138040590907520083000083001096172008300004016041006205014209807700010600250760034
008400501006021804341058600005003910863010002100784306207190063010000280609842005
000002051145973200290100007009620073701090500420017680004209810906840030080701496
040395071197000352350102040029000100005041703703608500200800005901560287500207410
002890740908070132740600900020100097850720300106904508480500000007041809290380461
680014092170000405200538006710005209800903701039201040050100800408020007301857964
080004251540027300102950600600400900910203570023570806367000090050790138090345700
038506029067392001002810000680005290240169300970020605019047560024051980000980000
007009160609301258051680030976400810085107420024030579798010000002708000500002780
090080004084072015560340098935128400010030050400500231703010082600807100840093506
015079823080102070073000061900060007060057200527904086702481600090300758036095100
750690020164700000293850460835000604401060030006305070000180750509406213007032840
000410287618050300407380005235097041800020030001830520002008400080900062146273950
260080719870905004100067500418600900030758140007090306689341050050000401700029063
000008623568270409203160000930400002080920735025701900074652300156090004000010576
054270000810003750900510200020001507060700000587020361795180034201094005608057912
408600012020384090590200608950760103030900470160408200000097001789020530015840960
100200005495378016020100980940500027286007000000632849674000001030916408010704302
000257308027008009485900071843160702062084010000020086034071005010590824908002030
609408027470030506300076090080000765905827140031504000803045971540210000006003402
007361408401008060000002730792613000106405070350027106519000840008570603673100005
008209360092005040150048092805007639007001004039586200900050000506190823084062051
410908203803026090900700804080007009047089002350041687534000710060134005002805406
027100006530082947800340005354276109006030004900001620090003078743809500005704301
306051480801024703024060005209135007460289531035076000903000050500097306008000270
000060791169752030078914060607435002840079513035800000001200054593100806026000000
349020851050400009120300407982160070000007500001234008034671000097503146605040703
508904102030007084900013506417205803800100000625700490204000008309651207000482059
040800905327065080985004620704296000002080796096751000200100560460000209153009078
480036070532790468000008050001020035254003010700815604040357100905000307310902046
000006100062059803598401200086905070004060015900307620420678501010500736075003082
000728600607004920524060870806140000240589167100000058002073580430890010708010094
806400019030729084209100300600840020128067090007300861085030076060910030310075940
240000007730805604060473980406310000980050431050208709320104005094032176010900003
005900800820107436710406002081620903200700050067013280000800745450370100178240009
006753490030642005007019230000965042695204183070008600903020507700380000402500310
960502070027914356100000009301705002500620801092001047719200060000103720208406905
060507001058903007270060534030015900815079302002300045507691480900032706380000009
010702853020400607378000290160924300907050142080010069701000400802109730003805901
370064592040005008250098600516407900090031760080600420104980257025700000900540806
390017804007302600204008310046289100000170508871000042002701480409020000710490236
570809014280400030040073902700058103108697400025000076050912740017300209402006001
090020735000984201006053908002810094041039006085040007073260459560098072100470000
987100425541020003200050179300096800060040097120075046000607000010930508693582004
034900870805206030906008102050082014080000607400730985608157293100423008500000701
048091060700860104901005230000012903509006002423950016007004000095078301034120785
090020401140050702726800953002300100980000320573410098030004007050079236210605809
040097300603050490180630025060700943051480072407260000504901067908306014010500200
253070600019040372000328500060017820790002410180504060001086039900050184438701000
851634072203970865060058310500483106080090400430160087090000201004027009620000008
052063190039108005076290000018500720000689000903712000080306072260051083304807016
009285076001600300786001540608020014010970035093810200064059703007400001105702480
007840100300700004610250879870400350265008040040009702036027508002685400581030207
406000501507321006012504070000072050005008697091600284809436702000015809103080405
503479010042080095090500037100207503930015720075004100350600070410058062020930850
710025306090740050032080740150090204060070031407531008040309800971852060006000925
010000380600841057820503460290000870160709504074360900040056028006200093080130645
820003096190000538060908217940106725030405069006280140650820001010000984080390000
080006371076803050405012006061020037500678100207100098020304705310057060750060403
081632590700500403320070001570203019900050236230908000650397140840020070090040302
080069753759302000600008400010904370490600800020051900078006534302815090960400281
890200540347060082000184070073450020504706390100020450058371069000040005632090014
003000506190007043006021078057418000914206057800509401260040009001900724470102605
540007930302095064010064080401080273800002040709431006008070410604019300105048607
100500802207806010950027306503008624601094730040305000000400000825071063019650287
830000710092178053400053080007045090560000370089736045206900000703510860050067124
026740500500900102890250076069510320205390010300600940008126054714030260600070001
200500764790008005540002039000310070467905300308400506620004981009200643130009257
903067410105030000004910356831095027002000040400682103010009830349806200020140960
870105049004690807956047002020306095635074208000051700347502900100430506000709000
000078300000040650709352140001200763576103429002007815607010034004730201810000906
253000400000460013040009050809104030004026798605983120008640070731052946000390580
947056010682000400503420067160000708034060091009841006001580609496200580050690070
008070960470020501010800070840217000090384715000500408064000009980462157200931846
085007090010000802003920410802571964650289000097003250946710083570000600000605147
014058020000362514352017900200096807093004250060005491000001040030579682500640100
008300941000090570790050620300672090867030410950180000084010257035006189009820360
003410020846902007090500634137000050009073408060295073000054080305800240684021705
607415080008002500204800791003050140706134200410008073861020407000706905509041020
397040002128670405000283001203000706450030019089106240001927504964805000002004100
130750408760401235054000000807140093006000104301080020402908356905034702000015840
360008047280740036470320905612000700700601450050200061590060803103809600846070500
053019080409820157100500030300040568095182700870060200546098301010004800008250470
067095420159246070040870596483950607005000009001738054000500000508007903920403080
200070040074000219983124567040600091090000000007891620319207008720405030005389102
128000504040650002706014380902001005617020803480369207000892436060030021000100058
020704103376920800049005060230648000014009028508300006963050201702000645450000937
046390580509086342802401760950000170003109800071030000097013008300947000104560907
347285001690300085805490703081040006070800539030900014008730642000604008069008057
704520090501609007060003245605092073040750810802001900090085004207900108403017509
000000135520081000041059270010000023069120450000640009236590701054016392108037046
513070000007300900690100730109007582270935406456018379781400065040080000060720003
538000740691007000700653090904570000005380070080060001859036200120795483470128500
807090534300507900905360008700040052690870041540120060009452603483000095006930010
403250067020803015910600030368407500000906083092005046039508601056130074040060050
809624000250003481700008960300285604125706830600030050083490006070862005002307090
803154207400027859027906400109040325004003198000010604231090006675800001000001530
140723050320801040800000231780235106600000300950086470030014700071398564096000010
100002360380197240407003090045020936602430001900508070700010600261380709090076810
019463500050070061600005973031080240200001007967300008490108720020940805178052300
080603590053080026709045001520030080048092103030076250014028760070300040096057308
071584260460000050059672301984705000010000430620841970008267090007190006106008003
050794010041800390609001047004000020570940063093167085837009050906320070000608931
005049023694002758208750901806200000023005067000000102380920576047100280960507004
120083406048602301900700800680070905050920064209065080091250048000836009862000037
685402301010860045002150968050049712240000630090200504000030097509780100304001806
001020098089401002600900510068143029900670040070892100007000285230080900895017634
950320140806947020300000690078419536005008010034600080703200401061870052500160800
021780603006001480704039050010850904803247005045000870359400008070190300002308549
000500740891476200045030908908701003604020587070650090009300870580004300063897052
910007500760950201008013470609080103000120650281530700092865347805001900070400005
900006003680003700370840009007082530816530000023000004165390247048261305230407100
010208005260070948380906007000160850803020601196580400040730580928010000500890216
580190472010008000097205680240003100309401807100809340750080900001904705930017208
000205030250704906768009240572600189006190070001508004107456392900030060630001007
008230060307100080042960371081305607750010803400086010075029030003040728120073900
070082054028503960001004020843210075900040210052630400204006109095421006706300002
070280001005703082206541073043008210000302048000057396691004507830070060400126009
406000501205631009079504060000068030003005247051200896607452903000079604504080702
802000400130248060400901728924005036010093075070806001280064090069080054003709602
100950060030760900796080534947005300000039257250078040680520403310047092400090800
971000400300957108002140069403098200600000814508714006264079080089020507000401092
482090150050801004900042306723159460600000093008304002000028630260030071839710200
046937251097004000102850000070640890085001406060780125018460030050300987903070004
200001950019547200000820004760200490132054600090780120920408560580060300041395800
020010970840902360719683400070805614062030000158067000090048006004396107607001009
200430080380100204604082910002700058450918300036005091100000009760301005508697132
050072300308546702000000495005200037700034251603050849864120003007308020530400086
092005407308406092040390100085010620039067010060803904023040759900530006850709001
796003145034006902002074003320768419080500320400302006008405090150600204043200050
070006835651348000080700640008002300020400069945163028800630000590201480402050176
046008720000006539230507048704139200900805374063000000025001400678920003491750060
410063080783240156520871400051604008000002003290010500100905807005480301034120005
602079501001050704850014900400095867508036000109020053386041009790083015000007048
040002305123060407960430802080009501030180976009000080650004008298701643300020159
004908153002400800819037200401003082098752061700080005063810500080300629905076010
002100000050862109190475308008304701005010280941080036264030017517028900030740000
070056901518000000200147538905080010600510349042790080400201800863075190700008056
830572460092060008400900230140706092085020043007304600500807320208035900304090805
310075400860390015040080067604001002280907540900046081023009874400713020096008003
007024300524080170000007248600892400203040067140006580430908020700063891960215000
060438019107000008930017054206100890350006047080973005020005900695700032700392580
945030278800020060700500093050800006072695001680270459390400000267319840010708002
301080250050326100208400037506030000082090563030562410640973020109200346800040700
670028105002014030080970046726030050809002600050709002340206907960003824210007063
000078206802690035056403080908235064360049001240816050504002003003104000000380542
450000007090457120106029504980002300600348059230500608503900712709004800001275400
501473029078100000003090716002840600015007408804609170180230050250004360006905280
050087043020000107367210980070038400002906008003040706714869350236050800089423000
972300015348100006500790083480950072020876350003040908804019520607000000295400001
831947050070602001200530900020000804540263709010478530450000623092000470380024005
020690517608015903105040000037809400069100832001304600003470120710500300802031705
204071085850040971700006024060320009173805006980064507308009760040700108020018090
030905008025167400040280060604801072218509300079024851760050004002706080503002007
000500621104089735050067009040900052200470968590801470025700010930612500080004290
200000160840650032167380490000910050901006047005008921510279084380105009090040016
203000095405173200008250014020005960906780032380602500560907003040036159830010007
002040015007008060651932807870654031006090050503001609004080006900075103135069780
600283047480710063903000002004170600700090051819630204000340805165020039048051700
700030400803690170100080563201940000680005210970012000592000781418729630067000024
842709350150230794000050000061800070370095082090107043407901205010580067025004008
065007094739040800810090275000704002001020400642130507000281603320005701156003028
040082709076409230902500800004305108059000000083294657037821964401006082600900000
730500001400381007125047308903206510004803700207415000609734102002009600001000945
790068100028500004060290873810624700300080021902300480030000960450936008609150340
070012000020000487945867102706504398432090001000130020100240809504009210290380006
003520710015640008029080630200891450950000021108205009800006143504302080301408500
002305407430070201057021863820056100301094600509030048000680504005013986018040000
020840371360710280107029000930068540600073920008090103800050400400007812091600735
040006105501047630079053080790480300106730950030090028854360017000504803910200040
109804062400130057037050040024517009076008031800600570218300006900760803060082015
420719800670005491800600002000403187134006005907501300050002070700908234249360008
693407082010500749504082031008340006305060827001070300100800060400793215030001470
405800017290700006080619042906081750800032064310007009600205090079040620042106370
930100000502034168040650209420300000050209341061480027215746093084000700000012054
504080600190203784080690002702930140415000000000541276078305401240806009050009807
069023187081009050030805090175040029000951076890200010040100500018094030250086941
507600000000753816001240097068005134903804600204000970370090085805062041000587360
078009005039072608052004900285706001007105280300908706813050409006090010090681530
308010070100857936600093102507049320200035740034000050029060410801304200000921067
000007400026485103004639725840376000650094380379800000200703500005010276907560004
570809014280400030040073902700058103108697400025000076050912740017300209402006001
006000080007831056280960031002003167310726000760085423641300870500248610008600000
040520800900013206070680090789200650605907082002065019524008000361492000807006304
074892601900304708086000400100250874540730209760040000400007930800003500653429087
040520800300017506050830040591600280403208061002091075285003000739142000604005309
007240000460500927201670035072060043600091270083420090700106809500002300836054702
040298605780000409509017080400086150100900008856120907035040720010072504270069030
500092307304500021709003000800060173143000860260830500030600758900345010650728409
030000259007003060001026047100030695203650080659184000002475806780002004364890570
037100609048957120002006700405023090020608507089010036000239408894570360203000005
300492500054000023601508407476003250500964710008005040749350000000700934013809605
060008029703905060028610403251740008006002504400106230804500102600081345502304000
508306200900500318413090650157804936360005020000060475030409062002000580801602040
630250980000800006198046502006783005843100290500400803475038129080071000300900750
000976000462800793980003061004139056320600109106008070740001600038504917600092030
003204950067530821590000406385040079029800304004300518006900002901420785008050600
024900835300758000081002970905420060000080249248630050490075080000090714173860500
590400000401530907038070104046005291070000840825104703704906312902300006010000579
004002000013074690260018534409060723725340108000807000370481050008090470940700301
430506000107084200008210460926430087704008002080060941601029075000145096850003100
061580902090721365000009800402817006070265000085493120200356000900108200013942000
580900004007004890901258760094007032005029600016043570078430900050601407069700051
850700004200610300930280751014920063360040010500036470082350047005070006170062905
100040836807900000430865901690100380015690020020530609086021503503400002200306098
010350072052700964084620000043001009078406210100502708601280400007005026025063107
631247059084591030070800040100905267390620405020104090000050000060000073453789620
030569200062010580405070930180600300600053074570420019050781490007000100891205760
860901000003084956029060038614097500000450890908010460001520074240000380580643009
068500703003679102700030064926103847070080600180706930002000309410360050037095010
920100006040080290301629540813200470007304005600097012069530180785001003000078054
605890301700600080200000000570324090803009040924106007100908400497263805308541720
040913502050800000972500381010400000030701956789250130590002710060198205021070090
890070206005802009072069085159034820003008560004057900546301798008045002010900400
023450006080930007904807153600510074000003680270648000347185260056270008002004005
049835107087100605100070008096000200020907064401362709900083450060400370374650090
081076000090325080630000729402067008073400102010239500020614005540783210108000470
008094000504082907206007048607830021309700580040200790080413670710026034003070209
003906052019052600260030004670300508901700026832005000597000061006500239028690475
001205903058000000027961485079152346105004092400800000004326010003019064216000709
670901800015030769008027400560078203492360000700100040040010025307589610056003970
020000001170640308003208070732890650940576083005300000086457102090003400504902837
050794010041800390609001047004000020570940063093167085837009050906320070000608931
010482976009003008872005010003201000026000183190638507937100005040350090050097432
025019060900000051701500092618950020502001038397020010173205049069040180804000203
180596407400700530970002006031904608040620001760050340092065174810309065004007000
000014070000972406907006010834005067790430852105068040080000321350609700402083095
200830509307295610450600200000523006130986042602140003004362980000000067860719000
602354701084000000070082643030800020007135896859020007420768310908010070003009508
300280104020040790400690300005060007706450213014379506078036420103805600000014805
634578102900000000870610045459702601000134259100960087080001920040090010591300004
605370040097165020132090056529700604300059007700640002203000980051026400074530001
061009832470302100300508700003076520010904008645080017030805090890401675150600080
904000100006034095205968470003209784002700900749086002621490800400607320090020041
080700605604195702710600090203500107500406020047201509009302006008064051126800930
014058020000642581258031600800075206076009850020004317000003070030187962900420100
270049300084071295900200070437065080008012739002080600003590001649108520800006043
005061090096002470024907610200005000807693051063008749651270900030010560900350104
052907104009062080630080520083005000020703698046208015005800200004056830178304056
901350002540108796002090030400900081010075060659810027390680070720500618100047009
070050360450706008092003540905200601068070050007305980300520806706940235529608000
010000703250890014067400290728009051006005409490300806001070060000032048582964137
650402000480005602001038754210360080308250461090004007740890530039500208005023100
048000036900568000260304587096450012420800670007029040004205700800070060732046158
067312845800000030150000609208160504795800102040520083500081396006000200300276408
760051928942300017000900043124706300600010492389000760036000800895632070000009206
071080592020590006504026001902000007316905084000642019039108405400259003065000908
847150900290008034000000800008796045000502600605800379050910068016284053704365002
090685407806203591300140286520001300069530100010800052080004900104000760057300824
200000160710350024946180350000810090105007086007005413380579042620408001070020039
412867030000950261006301040609000013030048090124003058708439120040205006090700380
839200007405030291006479080000102030002053074010000025500940310391008706247301059
100007689000800501086135000394621070865370910070058463010000000532786000049510020
003908064940100280072306005708004090001695072205080036080069027100003058657012300
603187020900206480820943000004008952290531800560009307006000248080614700409070001
070001568058763004091080070020905000907106402506020791702009085009302100015807029
600205800710094560025600049080530190001060300563980407400720010130050074890140203
630040017001602800208170043007051468006000002854726001042007906060294000109060724
020560000716094305030001692307400510860100024200956030100725460652040070400009058
730691284082743010000500670071000800369418052008067031200074008893006040000800506
640001080082549760050600340490200010720005096100894250870400120034910570009702030
061970284800063509952410673678030000035000068009040030086390000500780020210654090
082316005030080040006720013267800530500203087098500204009602408040197320000458100
090062004318574069246008705500020106007001000023609007472090030601200078839700602
400003000186090573002607000010975084870000360249800157358720096001060005764300820
408003179300761480071090000205907308010600007037420091703142006904500800006009724
005631408704000010301074690028360900040009030930045781450082067010703005870006109
000056931053001078900003250071008040548102760009070180190840620830069017000310094
194005023027340016530281479008532600950164008040790000000026080081400907009800200
908140030045097001173020004287401009506273008431080250014060070050012003000934080
070850200200430087384007501759013042000008305830540700560000100090765028027089603
090006580405000316730050409570603240603200075900715000040527038800361094360809000
610240890403007001080905603900030085040659030352400910060300108104580279520701000
635048007002305410008090360210704836057083200060020050080409102020876549974000000
498010005000806397730095008060100903100602080384907206675020000000308560803061479
704510860000072405005904007006159000971328054800040001600201003518400792040795006
006814790900530000150000203501203974740006580029075631405700068600308000087001029
420508910983602750710030028500061009201903586049280071860020005150090000090007002
017009520200000738000230009483051000705300901060072005600728193009506402172093056
219050306700410800845362700092800014007001235100625070050296480008570009070004003
000034002024708350583010074400006593360409007790053200007045010851207039040300720
820003040001040805590861270038020014670154300010900027750280401106005902009016050
084030920076250481010004005107542030800003090040790150000985200450306807238470060
010065702420001503058092600670250308981634000000000964090503806840006050065017039
802401076006075410041030500390500160187946200000007904008003009503289641019700030
500092307304500021709003000800060173143000860260830500030600758900345010650728409
380020410040961800097004250630875024070602905420000080063058700010436590054000068
005308107703195006080020030037050410209413705000000963102940350058231600046507000
000819630360050900192006048700003200049562170603900054070105300231000795080397001
869400072054000690103600084001000720307526049600091835270184063036050008000003250
084600902015009003609083000070806041201430896060921030036590470890004020540710300
400125970053090000170008542310509420092407350007030001600072105700841260921000080
059403700007002531103570008400700852508604390702058000000200070964307015075140083
253000400000690053080005010402803090007069348308471520005130080749086132000920670
500001260680320907029046005700894036905007400840003019057018094490530600003009802
064020700100087605000631489000009163000376050600158004952864307340002590710000048
405160732397200108012308500009457300000820900076013204708502400001000600204691050
080009053500603481060800297001407002040005879608932000830270910400500030719048506
000508007745930061012674359070029040008005193054100200580491600600257904400000010
001380040054700302068204071002046003047100056690507410270010004030075809480032067
027806501050209060096005207765000480002340609040658700010504006600701905574900120
800270640106409780402100090003006000085317904704090563307601059920705400060030017
007050002546003009030179546000500600351060080902837415605348921003600700820700300
301250907004001360075403200520910004407800529003540070002089701030670082758020090
513000280070530900006142053859260001002719500007000329340801690790604800600007045
190000000502978316708160005875293104000000280200080700000036542653401078420000631
030078946890602050746050108400000380150987060087036519320700695604005001000000470
800509400463712809901003002005070024104006785207154063500001307320640010000930006
836107002009004608010608093940705086203049100070001340094502000002400907087013524
340510006650803217800700050705300060080960002206071895574000008903207541000654300
280076050350490621100300800020047305570603902403005700602734509700029106038000004
702085009804093007009070831083720094020050083046018070360009708200801046098560300
310058460009003502047061003700000894096782100801340200900034708170806059208500040
970052081020100900680430207030091608069800500805320709006043075002010036348065090
000205030250704906768009240572600189006190070001508004107456392900030060630001007
560008010072140060341000080003610400087254000204903006020836109038495002496700830
703900654100765800260040090056039780010200009032680501504008006090471205021500470
009000164063148529001050387090000875608000032537002016102689053980030200000014600
001500800030010004876342591307050018405028370060701050702164005090085107150000280
046508023205360847380472000017004398930106570802000000100023059009000030403015706
410780003506139480300000901698501030700300619002960005900400050870053092250890340
309502000541738920287016004790320800028067093430009700074000205602003070053200010
040500037962130040005082091280053070007001980306870052003206514610340700504700060
104000700397185006058040319003002187029070000715063904036017000071620405000090671
038005672200007910671829305067000084010760050892001700029000036406302001103050407
208016049015093800009070035570024063300100004086059017054900670903702450100640300
708060021400001008610875490307082614080006900160507030076423000021008306003009257
390785016060030700071060980857602030000057860603009540046500001100073095730096408
572069413190300086000047200609780100050001800000536040900670024026900070038254691
050010700971203460020590108013078654800302000507600203109004520042030019700129040
394502718020843056600079020070006031800007042200481609700690385038010064500000100
060000581205810070018957004004020605020508400153670029001205000072400098406083152
078001420600482050420000013040763180700005204165208097250000670090100502307526008
009050427007430906640090058180074000005801040704020861463289170000010690970040280
678500903400003005035090680109006807080009000307410209703601092010704568040920371
804030020602890570500270084006058040283060015009710860000500090928600057045927038
086139705090025060305000802750016408030504920049080007000300274174002003503748009
840210030902380600005900284230196578000040300687500400108002090450870120009601805
034057019605010437090048000100509003570080104069034750028061005310490208050020960
070038021802174500103625070000487059007006318205319000030702905608001030700040102
010806705007524010952000804009003580705280401038065090096400108540910000001650943
649138520200050006007040109460380790098270010020400380904060001032917060100004953
040800905327065080985004620704296000002080796096751000200100560460000209153009078
050843200700906814600170593500321000006497180091068000065010438870030961003000002
007060093200973156639400278005008600006720501700016980070030810301280060900040325
049103005000290016010407309000814063300009182160532704003041050025700030081025047
106805072243960005000010039062000000900620547057189026508071004039040050010096283
026950087100368052004200690801679030000000901092130740007501300910020070238706510
830020540040305700020470030381064079004200015295010064002100400000602193413059082
129300700050000010037918062304006870080109634701480205000500006018094327003801450
031009420005346891409521030900157000006030109803064052164002000208410000307085200
206341080800005603403009701600134007581072036340006200968010000124600098005490002
000005040301497605854006017040700809089043060507960230400239000030004096978600423
004078902750004618820065000430507200090043170180009503078001425040700061013456000
030067940907403600006290100704035019090824730620001458809002000300040821040080397
005936147604781230030050006402190563300560400569340700000010072040605810076000004
800005216045862007670009500769204030020001765001670009004096800907400601306107940
031080056085236174740050020620005001304100000057364008079803000002670345063500780
487003006200600400500948327050000002349085601002496053030509280910830705820060030
008205607017396000902000531050009068180563902290001300001004820805630010409102056
643971002290850004081300609000069040024507906069080500300020401050010768406098205
400003506670054082580710030907260800000400020824590613208005490045089067010042300
087003910009270586206508000692417058704000090000029607420050009105930804900180720
300460105402007030065012480009020801240851003130070062620790054000105090594030708
031080056069512374570030010320009005108200000045368009083605000007890243012700560
700192084023000009908730520019620000402070938500084012600019270071240006205060140
746000000052087964910000070863090010501008006290600730009301607600800149127469053
600004200472030098005268104016300000259400061000619852507100900100905406904820507
072901405060400007904608102005000026180295074043086001600520700028300049410860250
000086054516473928780000360093825600807030200000007800002768003068354072000219400
059830460748590001000040590500068003823000610070913820000300150015704080982650370
047021060600409007920070481401500300073902016009013870090034008082100643034260009
040026700867090205250803014406905087000010000908267453702040560094000300600759802
009060003308175400056300100042903710097416000530020690203040000960537801180602307
680053090003671850070090260040100005200068070016040902090030716307419008002786349
010097060496532708002000054089713540047085100030000280020006405950028001760950820
089006507300975100750081003607009032045803019038000006020357698073690240006104000
002701050071500386405069700029130807003070200016208093264807105300012079100600020
300400206540823971872009530920510400004030852758240309000300020009051600005002703
508306200100200385923050170859602731310008040000030852090703018001000420705401060
092104785040050039075800614109063800400708051720900340010580460504076090007300008
830060000150020630760350082000605820506071394407203000013480950670930018040516000
301020609064701830009305010750902040020650903093007065842503700007049081900800304
062800000035007692007296308290300705300024081170085006000402160741008520023510004
008670090763980045004300708000500021305726400246100073079200014032810900080409207
286000100359017040040620589070200390900740628028091054030100462700062805060008007
603245007000080005750001004029518060007000200005027498586194072301070546270650009
072430508004095206059001004098607102000043067763200005040302609507060003036504701
570012490032040750090305200009050001821460375300801040780094032903287000040000987
370004601009700045408561090940018000050090468086052039500200000694005203800149576
050200041837040000142009573216950704000780302703000906301008090068590237900070160
160785003090030008708006541609040812081520000070608059307800064905100300040973120
405800017290700006080619042906081750800032064310007009600205090079040620042106370
072045080004300070309201465206050004700120530910063028860900057400500093503782001
561400830002031056400500270004090010180053604726080305005809167000305040000612583
007038050105009360039510008004600100010007039092143576043780200720904613000002847
806025007001007054000004368670231080010400572200078031700140800109800003402763915
093001005010730829082590700060000000841970036300862154920350601004608500650100302
600080002080250106294670035407008093108930407002760010806010009500047301071096280
004051000086970530025006819070000301048510902560293008800130290692700140400620005
017030580090750061305816200730045010920000840456100903070600400104593000203408059
300100470050008139120090800076485913400207086035000024013002640060003291002801307
700001900090067251231059700902145086586000400000670520308700005607890002009506874
305000609080591700901026508540000060207409103003267950496708305058002090000940076
070809006009060700106537890050190040018370905497652138023900401000003509980710000
000287100720901030109354007007815960002030475095472010470520001203008750001703000
940020083300806020680039057200970018590300064013048090030000005100593840859704230
006003942397006080020081063054017030000200579073569408000308004548072090030145020
504319200800740513103000900600000702480063009059187604365924800040001026700800490
080000612106900003420180009048209007500003208062851094000602930690348001031005846
102906875387010009000027001091370602200009004508640097004703000013504726760001043
436802000000300610510647800384006520100054000965080470001568240842709065003401000
300827064007943082208500070104200850789600241025100900012350000800490005956708000
017826500060040100402009768640072003009068401085900607054201000003607240206030819
309000270050270940204693100046050300030709801180026095700800600460905780820407510
509208040807345609006000025205610708100000402608472050084026931001004000960031580
038506029029843001004120000260005190470392600890060203017038960086014750000650000
500700138921008060030561004094185270208003459050020000000007006079056802362019740
002805607367029500005607920600473095050000164804506370500094030436000780209060001
032901084104086050008400016407360091320519078005000600500030047073194800801600039
941300065007060200026400031072801900095042000018590472200010007760080103180074529
700090031010052467500004892480010270000240000172006049200430718801705923300800054
090403010364010802005860390200006783037980006806075400601098007000700201572601908
239150604400090050005670290540809320003540080760002905002000010194706530007921460
498010670002609480160200035346957210001803009005001763810700006000196020604030090
378692050462108730900040800000207980780904020240586000600300070820070693007860240
720903040041000983905080670053401796009000800060807051017009060402706539596040007
207891060049600002030070000000500620000130057805724039471065098596348201080910500
980001475710530802025700310532640098006008030098310600050470000809002740307800201
005032600079106304206800051750420063620073005003600402082507036001300207067209500
059402103002306904140957600937800010020090387060073240290735001000060432300008005
036215080000000601009860520007350298095002710080170300001000935003041802652938047
001360045370150290520007030030009516015406000092031407000095802768010900250048170
705008902063012004002049530008901400321064705500070081050106307806007150407305200
080400300327901540005730980091500000508097034003802195030608400854019063002004059
005621070420008910180004052240097065000040200879062301508300724090400000304276580
946503002850000316000687009520074603691008050000906081400300020205709130170805904
800270001001430750375080409050004080920013574084560100007108005402900810508307902
702006400930400020004823179309062004406780930050900016008340500003005891695208300
530807629000601007670053184023700458050980000700030000067028945092405061040109300
500040983307950206809603000002004360980360020403205190090510837608700002701480009
700163405010479003940008176100007900069004350000002041420081009500306814801045702
905804031300720056008015009437102008652000010009640500000591683000237005013406702
065004008902360015300820067053008620420006093600243800841000370230781540000409100
050073126002000500061020493008396204936702051007500600179054008005630710603000045
490065170012007890080109060030400007270001530806973201060004008900506720325790406
906450038008013905000000471100079002480625309029130786000586100005390020801002650
002908704984005602070024080023100090000053041451807306008460070207001960609502018
180356200090004081320001605050000973609430020073529060000100059761085432035042000
090072086387400090060900070070620903000007240904503010700031509219705800603849721
073048290208970030450362000030209561805000003001405827900003604347820059010090002
070038021802174500103625070000487059007006318205319000030702905608001030700040102
761508030002403108003200096379042050000010387608705009520604910000020700196307042
056020879070690002901370600035402706009537280082000400000040508648250907590016300
070139042904702180120000050049318070250007360300060019090070536716003004005896700
281300907005760002300029054009032075560000021420651008090500086100276009652090703
017304289000080504548069000002603890396070410700905020030726150865090070070500046
694001800020070901700800604582309060176254008009068200010603709968120000437085000
400035009590780364803004501010002450207050000635000002180560297759008013300907840
287010504109046080364785192905637010010490007602150000500000830791803020000500070
302801570951007042080045319000974008060108930090500021200780090076319004010050760
000920608005017902020804357003670425050438006496251780240100500000740860610000004
008035206120008053003020918619203080230784091070910002900801070000502060580309120
087261945046950030050000002065704001000590300493010857030105089029806003170300026
307054008809172060640938015008097003500321087970080420291705030036800000080000140
835600924090384001700020306008940672379065408460807000007490063640052000080000045
863070021570980630009060875700050200025308716001040503017620300004839007000507490
072091056840600013100234000090082345500069000201453600000908560028006709050347180
000870100067051430912004708100000907035089041209416005308620004040090603506140809
061009832470302100300508700003076520010904008645080017030805090890401675150600080
082540970006980040905167820500436002020059000094021360059010037000005084801270059
360027850000050060985304102876005409200086007010209630008693700453700296007002001
802000400130248060400901728924005036010093075070806001280064090069080054003709602
080710395034690827597832401070003500308007009000108003920400108040001956006050702
500009870601840005407203160078061592040005003150302700960138250002570030035000401
207610954050098730063007000500036001670004085308701260730000002806472503010065807
008004035024630908530802001085200307003701680016340090002500140359017806040920700
016020708007001030409387620061054000008063917203090450700016094135070002600802075
603245007000080005750001004029518060007000200005027498586194072301070546270650009
020530600490006200061209754004693570503007090906800430009062041102958067608000020
904701200720009345060504900810206700500010602670058093207040510430170020090602037
690021085208576000030000627004090560009062308316054002781030204900410800400280706
002498703067050809098006001279180036800620100040009078900012340024860017710005600
625001084100030029009426700000650270516270090302009506981507432704300068000940000
000508007248730056057624839020073040009006315013400700530947600700362504900000070
120605408980030005003802907402009083001300500609584701096010302015260049040903006
640300712390781060715004080026050030481073059570109240200000000100830426060002301
390026080020743001060850324003470900472600153009300048040231875200560000530900200
619030040270061008000047621486302079000014580031009060005720806320106057160400030
200008700503160948460059300329500407004087013010320009140290005082605130700001092
456000003031705400920043050000380700082407390103200084005172046708904001200560937
406000501205631009079504060000068030003005247051200896607452903000079604504080702
090000004004297100361080090070029085450301079020875640039100020215008906600932510
090040080871003056060817203620900705017452030008006021200070009780029504049560370
700064023008003160356092004040085906503006210602730400860020305070010600204659081
005621070420008910180004052240097065000040200879062301508300724090400000304276580
007538926065100003309060010600300040023479081170080095030900068952810037040720100
402089070790205003083760940608010359007832461340500728800100206205008094000000500
823579000041308970700420300074802009100004007690130584030000400007946813410083090
900002574800050912425107030104008057596070148002001309040705093010604080000389020
300147000060003075781600234816920043090060012070014009150406320030070001240031096
720485600530091700401603502050106000394028050612030800905060320260004075100950008
200359670190876302073000008357062004024107905960085007086000100739510026002600000
800005216045862007670009500769204030020001765001670009004096800907400601306107940
804190607570000931109705080053900010980401703217386504690073045000010000700509008
540109007000687040187340000400060050060008004070053698859076013600501780700894562
030005684084010570000384120072000090040002801810560042307890406058206017096007230
090072086826400050030800090040910603000006940903507020300089502651704800209153764
478501600023080000059247813807009300306000978095308164900050030701004095502700001
067043890210006003030508706305980672006030910102605000700800039900057460684309007
703060125021730000080902073908500062106800700050346810860057030005090087402180096
200560073605470009017080056830000601040938520502610300020395160401800905903040080
609020371231097500857300200006900703000200684308400912182000069700062830503800020
021389046030000200604107905002040018160802073340701600407000092096214307050908100
003157098015980000070000040004073012762010034138025907040398701007561420950040000
245318067380769004706000000904806175628005030107903806070030600000294080400000593
035084692789050000620100007012008065056010043070546900260875009807300100093061070
076005094000700201231894700000609803768032010903500607520340108304207050007001402
030004829501200364428096705360408000142009580870002001004000007200960030080741256
670901800015030769008027400560078203492360000700100040040010025307589610056003970
000200098009000007700900026285130009067080213430790865016500072870319604500027081
003000000764083920915026304400152000031067249802004010640018050150200006307605098
060700100509002680803165204396008000002091348001307065008006500630014872907803006
260493510085160300413000902700049006850621734600830000008000259306008071572000600
002000609581960720900752040200601004800240031314090206023080065690400017008576300
107003495080540320304012000830150600900000583470368900006030047008076009743091056
014309520030875010650210380369048002000000106501020048286031075040780090000050861
058140230100807900927060080710090052239501040485076009004012003302954000500708020
620900301007510002350806409080170643143609000060030098004352910536790204009000500
708040001040501067503806402081057643059020070006308005100003200827465019005090780
604307200038402017700900036082001370006073840017540009075004062003729104049100080
040030007705290143031406050000683015316702980052000006003060098079014530084029700
079008401815090030032516000004001000163020904500940167900000873300684209281070506
706508031091702406020004090100903600350000809062815340630200104209480003400306980
580907412370410900001020050037609024009004603460052009000501806013740200895003740
641390580000410367370008000004706921950200006206083040165030000000605418420109603
802403160500769840094000005008006003905004786063587090080041907457020601010075400
030045070072968000564732108301000050000057081720090360056200003013400509297510046
810027503307009080004350710502980301000073900973500028700490800231000497008732060
010800400008109507579230806300980001802713004960000378094650000206097105005300649
475109283036705100020000000009071005000350809008902061000097340004283516580614902
090738541508000030304560020047300065800140092023850100080000013731084900005913207
970612000028094700601800002062031000893040201040009067407028603306050120210400875
001300600063185049250476308002060083080204096000908100020607004310002760008543921
020150700010003408743890560670910345430700800008045070004589130307000002950230680
800509400913874506406003008004050087107008659605917042500001203320780060000430005
180902604200300090590086031040670920029008007805290016000503760730010402952460100
010760480695428370080510000530947816908100237100002000020091703000204060079605040
680901300530480170010070058964835210005007890001009006000190085158064903790020400
280094500150007420700325160305219080941030602800400913609040305010970000030500091
042517938700034100301000004510006309090401027204790050905162483020305006430000002
090610308802005090035980062027168034086004020040009870000076500408290010673400289
976000450541060802000704691005400030134890020807035109069500017410006380708203000
380945207009003154740010000400056890807000005510498703000580070073024589958300010
001706489090043020600598000902007004370489201086310950067035140000261000100870690
463917258080030007007400100235090000070043521010520079740160830806074900001800740
210703840307564029069002300152478000040650780070209410800000530090006070704125060
208067549090032070670080002007620800800790054423800706005210467042576003709000100
345720980000009040690380102032900500180043709070016408021035670004167290703000010
572069413190300086000047200609780100050001800000536040900670024026900070038254691
600574300058103062097000045209408510806007020003206907100300270084720601730601050
006805409401920603005001000900316085600592007503780006752103908160058004004609001
740060580010305907605180003000070608987621045350400070560009010009710806170056039
725016948008570603600980020082051070060000001341060002054637109009248005070105200
609400000010239080000850091073960804940503072520100960364028019800005620702601040
670891020080500946092600100009104053030060890458930002907350000040706230016020587
130750408460908732028000000902670085007000601306080070603105847801067903000093510
501046090400802507807003604304209100690100040100460359000051070910680425785020001
987562410520014608146090000001687200200450006704320185000008320030045907000206001
060001538801000007970480006095608042240590001080214059704056013010720860600049005
020001000016570234740026810008257490602090371970100000403015782207034050001700003
006753490030642005007019230000965042695204183070008600903020507700380000402500310
000000495420050760005840321067001003048690207253084010630002589800435070002060034
352860910000500204180027050000276801761400032028050090200308000840005329093640170
007900015038506700029407860290085600053064028006002034002001097061079302970043080
030070400910005270067239180720004050009723604103080907300150746001090800874360500
000072061802910007147063005079008102080000034020057609000609413230780096906504078
609075000003040600028001540486023100901006028257104306800507203100032080362408010
401060030006700054070040162017029543060075080009138627000306005630007090782950306
308010070500739281700048903106085420200067830053000010012070350405601700000953042
405800017290700006080619042906081750800032064310007009600205090079040620042106370
023946501009001320016253800458300010200000708960015400070460203692500040084072060
070124098140806070086000000260540900401708032537200800000037150759480203610050780
000072600896040271047018003050080720670009800028751304062005980780290036030807050
040007900039015006280039417450802790300090061607051080000073600870020350563940102
006052009300900510195470802901340278250701004400090001600500080817639420030007096
