082001900064032718700850060900200087826105009007380026005600072098407630670028090
270641083600708501831000064090804002700500198008006000012309005380050049950082316
701509028945002076238000940300078619820491753097003000000934000083006592009000007
004702810060030020700580600690010002007048350008025090203894165986103274041000930
572069413190300086000047200609780100050001800000536040900670024026900070038254691
200940736900610485064000020645803007790001600312400050036074098000180070807059104
204051000360002800010436520000070298728964010903018074430080100679005000581040960
830065200451920036690010854025006073700204900340007680560389107070500060000670008
040500790510837264008006350300780040090160872820904030050378009000000087086249503
890200540347060082000184070073450020504706390100020450058371069000040005632090014
425300000061900740009000230004208100092506000857039026078690504016724890003850602
312000904857930106604215000503000678070620000086053210030590001200400580045300792
053069478480700069060540000000097031816004000709810642672001980000400207108972006
000080503543900086090003427031270600260318049780040302870590000300862075002730004
014082750087059102500030008048507620270963010100000075800005340732108500400306280
920005016507196034006080900409028060805060721002510400071200640200641370650030002
357190064260804950000006700470008596008059000506043081005067109632900405700420600
000835970090176420700904310451700800000358042000091000102080603809613004000249781
407900030090360001603072895346000007508704169000586200901840026700023008032005710
100063007005100436369054002600002904900501600584609270090380060016900300803406729
801547260072600400090010708008700326205936040063020100300260070057400682029170004
308176025090024103210000008034901060170060009900407351480605702003000500709342810
073209806040010507890076400900651008187030905300700102059020384030905200702380600
001005603206743080093010204120980006078530410300020098037800109080062340402370800
000004201856030704410897003040029600620040005908305412060503049089006327034970000
008057049460901728109000063012090070000000450800526901084005390023489605950700084
230067010851490763000300080510700030920506140060120850100604308075930021306001500
631700950050380010020005640872469135003050867060800004207090086309620501000007420
001080325358027040040630007002940570410008602075061004020090010037852009094010253
860410709000708030472003105215060890900257301030080200590802010000500048648031502
801900500400205370507408106050380600700500213163704900040159730072000800310870409
190027830800100502204508010608002070002871050301050428080214065020005901516009040
006309010009100762421806300015900283070200600048635070190463520800090107530001090
509408600207105400030706000346000070781043056050680103173869024020304708408500000
078400913100302500043910006350079000080253107019000325400701800930806451820004060
950010042123805006000072510069327085070080030830500920010700009708406001540290378
360719852195840076002050010401000008620000140709081060013964587540020003900300001
004506000000823704000914280001780090903000672570630008200348000358167029106205037
070400850054690102028051304100000200790500600080000910509237401432105706007964023
040810050080009346953067010167002400030194500090006281670028100000670924529040070
104095278805073900769080050008000000000008405056124830547002003300006729692830041
030000259007003060001026047100030695203650080659184000002475806780002004364890570
070105403530070109480390050710020005365048090000031876140600032609400700003217960
605207093709000500800569402061952307302806915008000000190005034284073650000490001
547308090806042153123900080905627001001490700060500020072856000019004500008100276
000100065600075108150086034700892010390000806081000297509048600200050309873629501
059007006082490701001052809074005012003920460096041003900104605430006098160089300
619000470302500090745196802078430200000200000293860754036004518000050907407018006
150980006006012037023060801805200703302870049010059002008000190549127360001490005
625700009801460000740209506072000091309607405508100327236000050050800964900076130
390004860085762930006800400503001700700356149061070002257943000039105074000000593
200547003400308526000692870604750380753024009000900005306000258800005900920186037
600008940891040020002796308009834700570260039046000081014980060980652170700000092
900600057617092800050103260581060703200830905030015080004306570375420098060009001
329050840000230071047069002008302407531400000400605318064700180205001703003586090
060080090391507840007306501704000030050438017803901650500010460109805370630049100
001080325358027040040630007002940570410008602075061004020090010037852009094010253
900140300403095002670382004008010526060200413321600789806027031094800650030009000
513070000009300100760200930206001587190537206475028319681700092050090000040180003
050048360893007500706003819060085071409100250100792036007804090500360024924001000
074050008800100053501894760300541890080000200945087601410725306058060020200010509
859342070036085940000769580000950804500000007080027106090670415640501729100090060
900084036563029804400050090096008703800075009057901420039400205605890300200530960
502000000080053610600248009000376005356821974008400060745630021003000596100582307
004807015170600800092140036009062083408309620306008500003750004540006198201904007
480007106020046738500100029000735004700820003200614975390402860140300007870950002
780000040091845036400207508509403800300900005047520319950700001070082053032150074
052000960080050013307090528060075039003108750071060002038506090146920380905083001
900006570170020804300040691000050010250061700860470050030105407709084320548207169
503071890007048053804300007308526941209007500010400008700913082902700010430050609
930041007010900024048705301051309402700000080460128509100030206304692005670010038
950600007320475809070090350700056014540010082089704005415060208803140576000089000
004176320062903407307000006030040501700361080619020034906832045081005270020010600
720058900610700580040960073036017450080503160570004008100070040057289030360005729
409570862001036405567480910006100024023764059004000006142800007305010040000203091
907040135106007002500912600080260010069080524710504060050090076294670301070025090
000521038010360520025470169600000045984100206030706000843010050250604010167030980
561400830007058041300900720006030050820091306953070408009205184000103090000789263
601950024403210007009700306032100070006530109510470203890627000005001702120300648
060020081403708009920630057005400002274310590030082740841200000000160874706049210
030400200091625034620300071007009610960102450052046003209050106086204790400907300
538960120070280036060100005900070340786320010002509078193402800050730091007600450
706008100020304568850609200200756041087200030601090052908400000475132980000080417
509670004001390527830400900100209300790014268056700040078026050940100680600805093
423109070005370490100004302714030009300061048080207053530426017609005204001003005
071905002029068305008040706834290060000603078760800023980370004503400687007086009
905710028008900060710068530301040080240870095080096210154030872870024050000580100
052063190039108005076290000018500720000689000903712000080306072260051083304807016
060090142029001806000650003500000029436020078082540361093064000057238014248900007
020804390045093108003701400010400029209030084058009700160380945000546007580910260
106029000059084602400670500570910000003000198914060250300046820847031905620805070
753090600100500800004000300040712905905340016230900704080100563062485097019670028
140523608800407103730000500204039756307005009500608040650902400008054001012080935
500720600000005023702683009085009072300012008901847365050130040603004801174950200
830000425249530786576824000302407008904250130005103000107040360000610000098300540
895060030046300508120005600007028100210503864630040750900210305302850910000930206
184000050000153894509780010090001020417096580200370041605007130000030260923615400
004500609295638710100900005050140020903065148601090300062057001089016073500300460
000508007248730056057624839020073040009006315013400700530947600700362504900000070
500208040804009072201704980005300067307006400026487039058600200010940058490075610
010509048059280013084700090070003869038961500602070030563090000800057920020048351
090072086387400090060900070070620903000007240904503010700031509219705800603849721
120085007406090830050374021769003008805700092000009004080907210030142580090560473
400032008361009200800706001210590830589301407670200150700000610136005082905010740
002510790410370200357028006504000900190007652206000830028400560631005408905602010
056204319419365720300000005094832070080046003673109042908000630762400081000600000
020704103976350400013009050590643000041002039702900004389020607204000385150000942
001009765609100802500042391300004019804090620910360487103020008060970000795418000
000468509080905240009321007300809070064710308801506920005694002023187400400050700
005139086831046290006080005100304078450010000300950104504071600607493800293800040
300890064108306050790500801809257006600003028014060503407605302501039607060700100
087003910009270586206508000692417058704000090000029607420050009105930804900180720
340910020096083041008020073060057039102060700970032064450278306080090050603001890
400700650208406931605130000004072890002904067769005200000003026906541700853200049
974801025068000017000475080035610004090750830047002096050008060486920053010530048
005014206013700040204690750108000020700341605046082097020038509031409072860050003
008503297903842150020710000089000072042300008651000340194625003000401025035078400
002190008000273961790805032057030006920516070146708593004900017000051000010047380
743201680000805034065030010204906057070354200509000306450600100020109078980502063
050010008206073100910206473500001726030697004764020001820004007070180549091760300
200560073605470009017080056830000601040938520502610300020395160401800905903040080
061502070059004638800609020020001480006820309198047006684050002005200803030498061
905007060700123859820900307516002038000651000049008500057089420003204000480516903
605098001000000309904003068043089012210407850856020007587904036001030900392000184
102560904904870010386410057600140829005000060019600430561094000008300000243780096
200500819360010475901040602493680000026195048015070000670030004004056297009400063
000840070741060389230017500000008031892036000017405268400701090105080403620350017
500092017716403200020001304001820409207904036095006100109058603304109720060300050
304021090000340702216900380051432008802059401600000035460080120907160000005093647
060571004703400910800329000126047350000090006409602701240936100607005493300000625
900103042805702100042060307021806950300090006590021074204000631053214000010038405
076520380203067004090010206602075801800290005019006420020159700960703500750000913
200500819390010674108040502953870000072136045016020000680050007001092458009400061
008103674026500030013604020240079000030046908680300247071065000860730195900400703
008300941000090570790050620300672090867030410950180000084010257035006189009820360
000200430635084190840901600004870000016509870078600945009120380481306009020090506
094510000073802040052070136068159000030600850400308000340080009987230500526491308
940003008508070124007428300270084013003091000610500847896205701020060085300807200
060004080970802504084059037000090326602080005531426700300040650450130009019260840
807090534300507900905360008700040052690870041540120060009452603483000095006930010
030024075084107039207300006721040900060013400050980617170005304092071000640208701
600800210721349800008600079175080306069400050000165790080794620210006004940010530
594100600261050749007000000019400508000087100408501060046010392073249806005836470
679103450142005600300000200067009083030806070508370006800060324490250700726031890
562010003087325694034000205750001036016073900300049500801000062643802050200130800
940230105600857943375900002400090700297500030810043209100070020700020610562401300
001308070970500203306720019010032900802679051790000402084903705209050104500041008
003200049640390021210804500390050187862073090100908302530400006971586200406000000
876340010009070004500109673097025060601930452400600030200090746064753200710060300
050867300002000084879204501016300049040921600903005017097482156080150900105000020
800054290073008054950203070010040006096082015540610039429831500080070040600400981
200503198051470020368010000790025306020349510003086209000207801009034002672050030
896700000273804650010306789000403978004270003708061520187600405302509000009100030
098150060004007805502806910051009048800004000047518639723065001005070396006403070
785023196460198003001050080000700800508042031026000709297501408000874025054200300
386000700510073800907862301803100607104096500625300900009000403200549176061700090
830009745060702000950803016270001960085096100010078023096087002703020091500910630
400879300308104600710000428240098001000041070871200943930002056082016730100037009
279000405460205008085430027520103879040900301030058006004607502090500783857000100
150908607030004200409705301508370006001059032290006074306590420705040903004203005
095106300340007506001350074956004031000500708073621005069710823208039050500060040
251980040390006700000130500003620408615040002482395076146800035500204867000060010
700908061016740000208006574950837642630100000800004910162009430500471206009200080
407095800920004765008021900040200079260317408015040600006083217302060080104502090
204650910031000270895007000008360420900700050026149800457901080080406591060580740
079103520000600009185290037090016205510008470806507100308062901002400708701809040
170640008294080100560072943430010096087000051001000080710090235009756804805301070
987562410520014608146090000001687200200450006704320185000008320030045907000206001
308527040107630800004000637980102300001400580042850970873290016006740090009006058
954070238300052009070490050000009047290514600435008902003027800728901365060080020
740150006010600345590403020009030204005064170874021500051090007032047618080306050
000040108802506730570390000200905071010873205705020863080657010650081347027000006
041069002693000014000014968067938040038040076005106300210403000350680001784090053
948030070765092000120850009000300004014905380370000000037589602892163047601004803
000046900005309080604852173030000240006023715251060809060005490500690327700238001
912603045500409020030005906000800700701026050629704138095130604100560203360040010
006705080709800012803410607280060340400100068605284070368549700000070930074300806
050009614800764092469200000092400800108306950500108240610003725020517006780002100
300750064647030500020604807005007182170905040260401090804100006010042308032806401
824050003005091408100380026490008732080147900650003004000010687748030050506872040
058902060001350009049060852402076090570400208800210640600193020127500036030600085
902100830304892007050003620020037106603405000709200345037000050508074061040581970
070000800893600402416200009039548106284106597005790300000367205000821900008409600
200079004064028900917050600083006001420783009506012073039840020005000006142065738
005030081932850060600074059007402830349760005008300490150087002090020600026049573
062400800003251706470030025100805000738100259020790081304086072807310600200900038
014300508000090013532840096003000947008050062069030801400723680870900034320080179
097431206062709000400008095050017060100902040300000102045173908730290051021840607
002574000160098270040001380609782430008013520210000090800040750704120900096807142
040815036800009000950046710070028390380000060001400580020634870107982403000751629
046300280512000000000900540403020008068090473179830025820679030704500862601240700
460090210098020050002564098950840003604900782800706040039480570001650420046200001
205190003000020048689730120792001850031842096000900300006403001073200460450019037
415360700703081095098007630004923850536470209080006047821000900050090102600710000
741000809360100020000600341073400085620005904904821073005080106207510438006030702
100420060200080007350061480601590870502700000479810520903004050710208693805039040
450000007062701549090645008020010400503079062014802790801500924070030001940128300
900730180710006350803509700098070030420163590500900604076308905305601800009200063
006005201820063050501072803405609008180004906060701034258007049300090085600458300
908140030074082005516030002149806003702391004683020970031060050060018009000253010
045370190006510380019200005600400019021705040504091078002804050090057820158900037
769203584000500090205078010007081960108029070490050820874100250050702040010045037
093580060004300825580420100009270080045860002620005794936008201071640050000013078
040002100086701024910036085060300240435079061009014003293000407004927300070043690
050408901980070060710903820007250600140097032290010704471609200000085140560002307
482090150050801004900042306723159460600000093008304002000028630260030071839710200
600348705048900620037600001074800500052067340100405078015083060200000007790216854
079430061104028307326170500040817002012500009008002070280004900007381020035096708
400503100860400900032096754017068032040200000320740695680050047790002016200674009
201905000040018200308007009035470682024639700106800004410500803092703416003020590
043691502000000009000328076530810700874002001900430058451209863080063140067000025
726005098040609001900027065307040580402750600500062740204083006003094027150200830
201030908900081200063095701420100803080973402107800009016029080040068097508007620
040712009092604718016000005904007851067140000100803074653401082080030047070920030
023586410090743265050021307900610020030209608006800701000102000082497036007008052
300090054480302160061048003006210340010407000743060291620750918507006400030904500
000304700063097020759100384000509002015003096947260053090600047370082600026401930
030024075054103089107500004713040500060015300090360418670002801021059000340701906
100000250732540168900182000009463000823007540001800973000071400240690305318004097
045010967003675800807020050430500008908142376600080010506094700320700680009206501
875460001000001578920058003100600005698140700007089416783500024209014300000302850
001800964369040080248006573007600402000735010056010000703401608600908325905062040
160879340548632019937004026016000502205013068400000900000090653320460107001080000
015006803000412065962500004500060081601703409380045002093057048806320100070800506
980001475760950302024700190276840013009003060018570900040610000607005240102400608
018975360705003048230810795079561000040789510801342670000000980080007200900000450
010523800082040570430080062000804300870900425164302008690405281041208050050600900
194005023028910056650832194006328900870451002030790000000043080083500201002100400
070950142092710803100000005248070651705681020619400008901840507000190000800063904
420006059006080017870159040000307000350918276719000408900060004108074903207803065
605408700978006400023057608100380069256190000009002140502000901700020036831769004
048709051030014902160300007800571093310600425056400000602153004080040216470200030
081005630049070508235080409590000203410508907370269005123600800907804051000013000
308020070091053802000700390982360451637040908140800607004080000010470260270130084
090040080871003056060817203620900705017452030008006021200070009780029504049560370
000000160238701500607590302140276058902008031805039406320040015080605270001002009
030060001852071936010309500560090200940702085300604019083040050005803092190520068
070029003620005078305870290090600700063791402701040069047300810208017006050084320
641390580000410367370008000004706921950200006206083040165030000000605418420109603
509408600207105400030706000346000070781043056050680103173869024020304708408500000
600038020034109607089004510105967208063200000070010956308040095490050000001392864
800000090402069300050083412200450701765900824034020906080670040620004570007508269
710080650053900100604300070040750930030240060970100020490020316102604090360591284
089006507300975100750081003607009032045803019038000006020357698073690240006104000
037596008006000005800007961028075006469018000071020803704850602290100004683040519
907001420086902700500704309704080932050400007209317050075006290043208070002503048
582034007073000900000672835309720050010040300760310429820003091130095780900087200
205387641007940325040051097008020570009830060500170483950760204380090000720000008
000045086300897002847060093580270460000504208402086351100759630790020800000410007
406020301500904007930071025390016284000403070814090003709302508085140730003050002
780903005003107600091005037020376984368009700947008000009530008000804093834701502
019630028600000059028759300086402015270005030004016870040560007062800540095043086
093002010152309046000510023860253091501007802004100007608091030000430109319800670
253000400000460013040009050809104030004026798605983120008640070731052946000390580
304095706501604089000008345462079008008301000190040567040900000215480900039057620
000507001804203576157000020740091602081004007009082145002430009430905000908120354
270381049003024150041605070504270030000400290000009060026940580730050406400167923
026070050700840396409063002178000620600718503040609070837190260050200030200350904
210049060508600090900510020000405372302097500670000008091030250756280109423051607
924700006105003798378600005000090000692074001080026379009430562000902413240105007
037596008006000005800007961028075006469018000071020803704850602290100004683040519
002340086800025719607918002200006903060193825309002461000274090070500030420800100
920300586840200007000080002492508000306021854510600729680050073001000968209867040
000084005391605740058090160504318000200006053807050416900507080070040029183960570
079103520000600009185290037090016205510008470806507100308062901002400708701809040
380009100709186402400005608065010247000002010124957300200590064691000800007638021
500743800007000514890205003005087120100452937970360458708004300000508700403670005
308029104690000273400073890506000040040530612120000000913060487700381500005704361
096250401080701593001090000010900850059084320043026709005809260000615908968002040
001008645004100200700400310000630421040571809619004570006300000138000754420817936
500802630871306040002007980083020006705963028006080370040250060350070204208430790
485710002002080006960500780090100465710040020000300870809460057540237098100850643
083004156150300078067000329020915804500082607948070215604007980000800060800200043
014369500860000342700048060627030800045021073000607204136082405090006038400950100
000120050831590720520006340006302008090640032372900604205439187000001203713008000
190320060080056140040807000300401007060793002007062094978605230236079405400030076
598671023000009850120005007849006300007932084030040605060200018712063040080057036
450000009936700200270000850090318706600540098300070410005490132703000960149236507
624790053003004090001630270098042600400907302260300049000070901736159400049080035
079050400300170086860039075106320890090008062420690700914703008680910347000004009
273060090080209300605031200016352479000706001709000002300907600047613908061508703
094020308263850000000043562048036005070490186620500030456309007009005640080064053
050009000040670850763100040380900610007356098500800027108060279070208134429710500
002650090069817500015000476590706048004300765036405000940170053050900217120503000
310905027600070190790018300400020050207509061059406730500007003831602570002053680
906502431804090206100760958001040000409670315580021040690407080007810063310000004
000165807658920304720000600009250006162790500500006293007309400906002701805071032
010740009809000007527610804005087940008205301730490506950070628001800403080906015
501000000307005809200679100450907081039120060006538942700342090923050017040001208
905006047004010580610500900007030019406002073003760425062070054049003061531604098
907802031085403206030500900703205010001089762098070400319050628800620300006930007
200008564080467001641030008820005006050390782067820400092003145508204093006150000
039680700008507309700003650150030847400178005070056103901000032005810976607004501
200876301068000029307910006800260504520390078709100200012048930005609010980020607
423800759000200300100900026004093217300108504002547900800050100290310470701482095
820300419740261350300009000160903840038640090900800630607530001410700503500028760
690174520840500310005080004109802053504000600700956401058761209301405867006000000
030900120201070034460312080004090200623050798007623010908065342012840000006200801
060042805972008400040310092014293007207060130005800204401026900806509700009004326
304008001080503290205091087410059800807310940020004610509607120000900406648032050
097050430000980000514230689470325890026010005300700240650103024039040068002809100
003402619264001050090670200705100082012037400040028073609004020007260501401750096
201706530504093010360051090080540071037008250102079008803007060005064923029005400
904000061020401900308097254430000109065300740001820506040200010150060423283040697
017043205300900460240805030700004050103702048460108027002081093630009012091036070
847150900290008034000000800008796045000502600605800379050910068016284053704365002
000060907972005036310789004200000460160508702840926100700250089620090300490630075
046937251029006000703250000060470510094001703070690824031720040050300192402060005
500198740180745936090360800910006304000953010360021008600089170250017003000004209
281300907005760002300029054009032075560000021420651008090500086100276009652090703
861050302300062000790003605423091587900000020017500930080205703074089201230076400
930100000502034168040650209420300000050209341061480027215746093084000700000012054
100430080598017460300080510005001826600020709927568000800653204064070005053100098
005740090273801406490652100020060037000037602700504081540086710009270064067400800
000040108405908260820160000700804036080293705309070821070351080690027513031000002
316042700904706020000080649803170062507800900020560037108035096035200001009610058
105286093062730451030100080350800049204900870009010000490658017671002530000071060
140768523030024006208000090000300087673892005820010360400200001700685002352009678
046008720000004956910706038809572100600803297021000000097005800263480009485930010
608140030007230408203008109405060812106590700030014500509700004300480925024053001
601029073089034620070060005010207000792050184005901702024805016056302097100400200
800405020010003004254700061689257040005000287102300500530840072400500608728936005
086030041009450008504608037061503892200800170097240000610320059940086210070100400
081076000090325080630000729402067008073400102010239500020614005540783210108000470
352896147600500000100400620005080490200901350893204700507320800408165079020000506
034062501006803002082594607258601740309408006060050308003100074000386020020047003
063290875009015632020070000700059000004000700951637240807961023015703490006540080
038705010000108005901304076495000168067480903800050047102509604379040500006010709
640735821103609507000800000400298705208157400700000208305080000920506183800312900
675084231200600080090031007750009040409065078001048025500490012042810700180002390
041259070060100850502070940020901036317062009006004025094007008008420090073890214
803154207100063549065907800704030952009002731000090604318070006547200008000008170
306500427025340098800206000640001309980670240007409800769102084008965700050000910
000014070000972406907006010834005067790430852105068040080000321350609700402083095
700893060302056097950000380230701040670048513010005700807004930024300001090672408
617008094300090106400162030120080703003270609076340800040000902731829400060057310
078205031960107082005003400520789014001052609390000005002908100130470208680020093
047021060600409007920070481401500300073902016009013870090034008082100643034260009
008200094230546800407090025195604738800103060006080040700809210560031087081060400
000078903003600407700314065137406289008790500040000000926847301070132690300965000
350010208001327095260050040800471569194500007600200030036702010700900306908130052
090030604026059387710048000075060940930020800060971502349000028000382409680704100
003709010792060580061452097210900058059876023300015009084000230005024000620530040
600780049100206070487100320003460010002500930741309560504800601010904003098607450
030912040409305800720000395084690520000084039693500400017060000802001903900238174
302089504870426190009000008108563940043100200090040301001600832204918070086030400
072608095003005708985073010000019604500302901691057200030080560706024809809030100
037150006058000431090836020720361540043007102006040900060028057075003009302095604
083904002070023010402007539000362070730001906621040803350078201918030607000106300
128300947600040200004712050710004060306200090509106872070029006203670580401580700
006400938814953072070006000607002019000860007382710450720305064400108790109600200
000900604596430080380072105010046058608509300053010240409100020002890567805203009
879130006402060003000007480583076120790002048020309060040050610057090034630248507
002014078500708309798003200830197624027080035040030000089340050001002083670809410
709064000210790406604050073065109827800076001070000094126900000037600089048510762
001009765609100802500042391300004019804090620910360487103020008060970000795418000
003701000097008140015209378080906000509010027230075986058607210102500803006102050
564098730700160082002003900000080156900630004620504079046051208179806000280340010
801000672069000800027816039613950000074068200200047100942001050786039400005274900
260080719870905004100067500418600900030758140007090306689341050050000401700029063
030629007978041520100000930050007302702100008089264075010402080890506241047008050
207065040100070530045901762000030495903040200000192803430029657000400081580013904
507600400090487352804002006369800507008093620010570030900015803200009700143068290
003470090907285340000030271000590108086340509290000030450069783001720004309004612
086072405005138000001056030407205001009004007520317960674803109010509006002761040
150340200084060035900000614392678000047519800018004970700000080865190340420083009
904583000007200509230970064040000258398005017000700940071802300820004105609107482
062100950908035006040029170250000084400502600890463205020357000070006502685004731
194005023027340016530281479008532600950164008040790000000026080081400907009800200
253000400000950032090002080502106090001093856906587240008630010649071325000420670
508306200900500318413090650157804936360005020000060475030409062002000580801602040
085000003400300520000400010234070905078295364056843170740902001001006497069710200
498010670002609480160200035346957210001803009005001763810700006000196020604030090
070685130000003000003791850040250691591000087062179305080502060006907528005840700
904002830030480070710039024560308900309720658070500040183907062020060700600204305
900100050207039006180000097300718049804006703009320060090271604471693280620000970
386419050090000081050803906078004000023087069100902875007351208230098610019000007
080056342030800607076002510008400750000027834740090260060300120390200070217605983
800300126010005000436218709760801503092006870080590060001604900947002630020903017
005706804608100509401890006802573961059000070060410200003901042926047005010002390
408957000000082600007010004820734510340205980070090430102043098036801240004509160
020000005000608200940005673865400130270051046004086509501072304630104758400500910
085064037049008005371529408504083070806712594920000300008031050100090000063000219
805736249020495308490000600500029000369080401170003900007900164050060073084301502
065700090048390562200406080000000600483265170057049038009684325036010000504003016
706042305042035900003001027100370040597064230600020170001006794400010602265497000
748200539601089400209704000800420091065001802400690700587042310026000074090107005
073004906089012075450790108008023769030600012010870500390401280000930650060208004
051839040760001309003070052008640910005900003419503608802704590107005060040190830
072091056840600013100234000090082345500069000201453600000908560028006709050347180
006209045800030607275840900000903200943760581520004006750610439300420000408300702
148007300230600805065080149681409507903072016002005080000000700096710050807594601
280730090090500724470209005810927003507080962900600007050370640309800501704095200
108040603045200180000318504504632910702084050000007200950001030806420705423090801
389400265001062004020508700840253910200106087910000020062081009108009650003605078
052001080801500374060398052506230407010846290924007038030620000049000001000014863
301700098700619025590200070972000130000190700018327540047001053260073910030052060
423109070005370490100004302714030009300061048080207053530426017609005204001003005
620010800000286417418005600780421030006900271230600040890040700302079104070502309
706809501040506790205400008007048100581090004400051836070184025012300480850070003
708143620140850930030000800860529071215000060000301250321905740050030002007016590
201706530406052070570041020020410069069008240307029005604007090002094356038005400
930010070200005100105280040010000895829006700700890306480062950507349201092108067
025008100014073025300012604063020400081050267070186009030290000009007832246830701
062407000074900865009830204708109540100270908205004010007600300421090087050718420
005940086260007050034602170910074608640008500700120043580730462000060030326405001
700060901010905007924018360070080100800059032593107048302001590000342800487006210
509320000801074250060001943074035800395080701286009534003148002410060000000093410
200064037370100048064703100612579004403006079000008201107005000008031756046907013
061580902090721365000009800402817006070265000085493120200356000900108200013942000
724000800500328647030104005009580061082007500650201470005609080040800196968710004
084900102260083075001640003940000200008059340705426091650890034807530600400060510
203070016100026704706480030001800490094710062320094080600003005902157048405060903
019374008000651470047008501164087000895023016020010900430005092971040003250109000
020003000600024105714950328840560207105209000200007541402008053900030002051672089
000090178785031400901608002029560001000000925513982040807150200064820750050006019
073010092004007013102936400308020006000350987597860020000100045215640700480073061
820300419740261350300009000160903840038640090900800630607530001410700503500028760
200386079760042080810000460586009210001007850020851004002700530105603008038014026
006309010009100762421806300015900283070200600048635070190463520800090107530001090
005400300039820701001593842900245100350708209010369080140007900590002600200084013
092003600037008240005290713000041900051962478046005000203016507074809160010500830
048091060700860104901005230000012903509006002423950016007004000095078301034120785
561400830009031075300500160005080020190052308238010607007103586000805090000269713
105000407070061309390004618000005976049678001006392045600509700903000102087120503
001803296320000047700524803200065000009700150507001002865137429143208605000050300
073048290208970030450362000030209561805000003001405827900003604347820059010090002
853090106060815009009600580032000408906381005007029601400063207670042010320050904
659801027400002003002054680090540070020008346843067090284005700060429500030006214
720098050069200010080105792102309476403006009090710005610903508005872300208000940
508000090200691508069084032070059203021408057390020001150860309480013020900200016
500790408108320700740010209300040085085902070017503042050270063260450190870009500
007538926065100003309060010600300040023479081170080095030900068952810037040720100
086321050320007600174860092840503209200004073053000480000009820018402937502730000
040026700678010305290807061804602073000050000507341689402070930059000800700983204
206035194100902050059004003460097005005100300308046972603850029000070068827409030
900253000007000289426708103200516490095002730041300500004100020062930875509607300
004100037310407500890530041070005209059804170103270080040050010030028704685740302
970536080068024900400000516800062000630715802207000631700041000390050108102083765
020360000100489000036102907263700890507906020940528670052874139304095000000003004
000400530085010700317500084908040153524090608103008049800070410059134000701820390
900006003170005900830940001009051730568430000013000004395160827021879305480503100
750001639960305010020409005800000000206703891503698027035080140002534900409200350
605000471800014530040703682021006008900280060700149005004800910308061007517092046
200483010481650900050021007708146009090072034100005060005009640014060002367214805
605000980030700524090180730450610870010250460020047153003070000501800047740061398
349500060060701059070409208007250004452680093030090520013972045024810076080000900
400006081097080056000400003970540130041602000200009640052060379860723514034915200
103070006690501370500690408209050680037240105400809020040020031928104000050068249
090080003560314807018700045024570008700060924603029050000000002245038179079142030
000054002042610308537002406076200940020546800804070603293761084700008100008900207
401927835307000090900601070046093052012780043003004100675010329280300010000572008
000009020053002608002038090490025086300804750000370009049080517531947862700250904
062479008017006025300100740254300007100290304070045012840001560621580479000064000
502078190017002008030160072301007600400009810750621039100205700003086251285010900
070850200200430087384007501759013042000008305830540700560000100090765028027089603
427500800053800942000243010346185029005004108080030400810702005032400600700301284
905281730200640850340000020450032906089160000600400517870009000006004078034876295
400759008150030074000180200045961782019000003076000490934517800500006139601800047
200030600007810500136250847360085712570003400008601300002000070800597236753102080
946850731210070658850610020000308010574900000081507006020034869709200045060005200
580190430000008000249305861304000602000250000612834795160003274020047016470620000
008205607017396000902000531050009068180563902290001300001004820805630010409102056
060207093709010002102309067600005040020438009498060531916500780080946005005800906
005940086260007050034602170910074608640008500700120043580730462000060030326405001
006013902230469801018000600824075063000600008670304509100540007097100285580702010
380050001102009876007182003700000002060290700215378649540020010900564320820010064
302050087108260030400308010601830579087512300504607028200085043000000250740103090
005930867289000304063400009000680020608049100937015048540003700890024506376001080
120085007407090250090247031741002006506900023000008005010809570050724160070510382
960082001001365928080000700070246530000500400504038607490823150253670090016000270
710006945405008006200514080127450003000180402580300170002790030901040528350820090
390020070070030620600007904007452301805001090201098000080240710413905062720803549
034907610007083900098001037405039076079860150001500020510008063080320400903706085
568137009020800070003050861004780600007300095156290038015679320002010050640500087
370082005415760802090510607050200180109075240200106009000301904024008301000497520
213076085060190020900030401740800306150003072300752100607004019805921600090007038
916073042008010300004820017700451083401307020503000071000039260635702090190040708
006753490030642005007019230000965042695204183070008600903020507700380000402500310
613580704700460893800020000300094200090000017584172630000218340068940002432000980
500203006942005301300407520810000600050031790207569084420158000060002450790300218
045800697702610000800470210901030074000040160457168020620004701010086002078201430
210709048360102507970530210080000705607000084000370000490857021051000479020091853
500198740940672835020530600480005301000923070270081006300049560790056003000007204
014060500682503714035140968478020309000000027090470100027018000840750000569230800
005139086893045210004020005500208049470090000600450302908063500207984100346500090
705030184310400020400157030039041800200086091048500203501063040063720508020005306
560190800080200650410805290630050000070023906920608315006089124800312060291000030
720485600530091700401603502050106000394028050612030800905060320260004075100950008
049300080000017050537408912470050268981630005000074100300281500700046809658000420
312600804008390106094028500020079081900810670187530942000203700200905000039701050
602007804018632007007080210865203900070091025900060048086904003200008460049306180
260400300000600754954387002420735010800206540035000076003869000500100037642500891
108702059450810006902400800009327514000600287017540690090253148030186002000070000
570094230082050090060027405090030040140960523830402007308000604000041070724586309
207084300038650071500030206790508020100960040403070659000010904819420037604097010
006200000021065409900080060478032916230070054605000320067950203580700601302400578
304950007012046593090080400950037028400829705207105030508002071000304802000078609
000841000970032005010000020080000900740085361632910078500160789060759234397008106
030912040409305800720000395084690520000084039693500400017060000802001903900238174
031009420005346891409521030900157000006030109803064052164002000208410000307085200
651074800398006004200005003860502000007408036143060285910650478030780029005040060
091850200780164090450720016300000502000041769067082104230470950100000608506008403
980402150034807260007010004300098406500643810648000090793104620800075001400009038
032068000796023108458071000001050082005300679600289004589100720007835900014702000
021394060694701000007006049285179406019040250060050091100430000940810673070062000
402089070790205003083760940608010359007832461340500728800100206205008094000000500
010350072052700964084620000043001009078406210100502708601280400007005026025063107
703010256050060000640352910030027548864500000070094301026003400080046075410980603
895060030021300807360008500002097600970406258680030710100520906709680120000970305
150408067006050300807096025460000500509134200002960481008000700624517809700089610
080006002670310908504920670097680015108007069006501007003049506429100700005073104
836021540020704006040653001000070100279310654104069030400030960000500410092106875
003079008490386050768000130632700891000200060589631407040002376900500284000800905
829300046410026090706000258000002009002000830568109024384007602600210480251608003
090104600480906021036070490004300016860409200370620049040001708053802160608740050
060307048008402003743008290009086000250700681830045970680003007005674809097001065
050870093071000050830562041014020809508916000790038010987640120003050080065100304
890030040047620803003098012300800620068040005720361980431580070009010300200903451
602394705048050203005008040060030510030586027857009030983100472000802009024970001
804053009009600420700900368006820500108705004500000280290508136480360907035079802
400002105237500690195006028020000080714203006800009732001025060672804000583001247
605000980030700524090180730450610870010250460020047153003070000501800047740061398
050843200700102359300790184800927000004581930075034000036010748290050613001000002
267095301001370600800600590030418200078260409026000803700100024690780130310540008
530902000072083954040005230907056308080030009250810640005601480390500160160028090
600430020523078194010500080050893240840000319079210000067340001201907436030080900
073010092004007013102936400308020006000350987597860020000100045215640700480073061
080562140050008302402300860040230518530000706061085930003020057900057080670840201
040082600006570240259004108604093000900800402018420793460200807701058904002047050
091405320350081000070030581705100800180500402060829105900004050648300910007698203
000976000462800793980003061004139056320600109106008070740001600038504917600092030
146905300009734086700000054034020760820070490005493010390057600060001009410360527
100604900000728003307190642006870000072350490900241008508000009761982534090503070
000000013305801760148763009060900070497205300050470921000020508514087002082604037
015007804043561920020300050050970401490000500071854069064780310739105640000006090
107030020009201870840096510070403089036008407405067030620504790790080005008670340
006500400507009018204361095052040907609207084003890050721604509300000270060732001
860039402500001839940005107000300984004960501280050000610020090402500608095816243
000600205006790138900100004090580013007014580800230946405021009028009351139860400
000102095004500870905340000790408302802093040100270900071804530520030604408906721
310602078008007062702081050800203790104009820027510030200800016080926040643070280
001072560000040001060350000010520970097068423080039615356200804079083256802000107
410000920020060000590004007260801079703209006081076040630410802840095760079082354
796000000500390087310640005005034900407169350900725840051483709634002010070500020
053810090780040051001063480907382514008600023024050000679408135005900070800075006
047901008301604050900300412750096004106040580004510206009102805018060920023409070
500180609108030200309706014804090763270068005006507100790610300410809570005400021
070420506980015734645307080006004008001000000057180060504800023728903015309060847
640290500005003620230670014973001006006809270080460103000000700307952041824016350
083601200006500003001000400024010050139740682005982340040260139002453768307000024
025439106046000802070026003500062908063018450098040020402300065051270009030605014
005420306000100900431695720080000240006280579200971683060042097140000002070806435
502040370304180500007350106003009010206571039150008067731005020600703901005604703
708143620140850930030000800860529071215000060000301250321905740050030002007016590
000017530279000000350698427080501274402009600760032090820905001007140982094800700
670891020080500946092600100009104053030060890458930002907350000040706230016020587
000700431230050000147398206051080020460530017300407069094001003073045092010063740
050260034760485901042093608278010000390006100400520893600002000500178060021604380
100934527305002000094600301700103050810509002046700139030006970950371006680090210
600840020015000046208156730072061003896020514000408002700000008560782391309604007
091547382740000001305120600400275013008931740070000205016800437000706500020304109
203704809000506003961020074305900042092405081400260900034170200070040308120350490
403095062500010093291003805000000786638100024002600000056204309019536048320900650
620010800000286417418005600780421030006900271230600040890040700302079104070502309
005020631080056004671903800538062917700390008020800003397581406002670309800000070
001000000429617035080025147002009400568204019040086052100800570835091000070403981
654320017802070460031068005000000570547680009128000600215007300300106042470832900
000037045000000809270480003092008306068004097537600408806043002925810734743200600
904538010030690405150000308645309182209165740000000000097086030012050806060012054
034016075907304080800902300409703000001090407005400230602030598093508706570640023
803027194040800576076004328605703901000001285180240007702318009000006000508000763
798342100000000709160950302670080904080479000902006871800000413530614090410820050
400009702097284016020701405900076004742008069165002037009400008000093071076125900
090400510360518290507002300059760400720943050100000679600084005400370062931006780
900000082708106009304928160540780031000012900891030704060007000430801270180260495
002100000040562908650874302006401507004050630517030084971040026325087100060210000
010608005748510600500003819835704090200300480100980063050006300680230054302805076
920300586840200007000080002492508000306021854510600729680050073001000968209867040
501006809796584210000010007810207930300048072260050004938070021040020796002491000
389400265001062004020508700840253910200106087910000020062081009108009650003605078
890000000200869470071504982310045060520073800900002135085400009002397508039200740
035204700204397000090501040516809300420000008809123000301072594642000030950430620
092568047400009800000234195300905084985000703000301906720050439600097521040000670
600010900075480200398000470056000120080073604943162708410058069007946010500030807
100000035009516082645032700003128560007049100218000304031900206900070840024651003
840530200950086314060040500072450100080002035019803042105690873430175000006000401
005072419023510007709060030238000750000758320570103008000600905351940080960085103
154000097703500018000710250200060080918435006607209040076040930080971060401600872
509670004001390527830400900100209300790014268056700040078026050940100680600805093
040900612506027934009046587123090806970060050065008000301070060092680340084012000
507096041409003600000005970003002786020638004600709032250007009371060258940521300
080003006009402378732069500074601005025300094060940012800100257507296003210007009
001700905305098024690015007908350012400900536032046000089003040203801650050029073
469108005000003407708000009953806000874301250601050900002705094106280570507604810
783150206506270408000638751071003960400900875000000140307000080608097014049065007
020718090000005273700003184070090602390200847010007300007036428601872035032040760
060005340520904010409130025004080050712590408900403702040270500805641003206000174
410720060270091400800500712301480500050902108980300024590008276042037900008059040
809100650500804003130205407057400391200059700304016020780600109063081070001570840
008730090065012374310049026001304059239065007050027000000200908103050702780690503
000072061102650004846093002089005307050000098030086105000809456520360089908507013
084030920076250481010004005107542030800003090040790150000985200450306807238470060
600380241270019080140200090907031420502700038030902600700608304095170860406500100
091060002000187054847009130600900003104378060903200518705800001218034605000051820
306710589704030020008026700063408157070050004410602300032109006980007035040503910
023160580007250400015700609240386790569007803000090200730902150190805340800600070
003520710015640008029080630200891450950000021108205009800006143504302080301408500
010740200002013000034628917060059482840276095295804006106000043900002700070300520
700168524050000800648032100006451390417090058300800400500089740063710000074600931
094086200080400950320019480050600300940201008078930125402760891000092004869003070
000801394004560000000049508500976802089054036640230900060017003372005401415380600
840970625096030871000856004364107502970305000158000060005700009009002046401600257
486000950000980624901546300070408090040600800069053072350710200018205040290860035
359401007400700853700350010000000700573024106240179380030207560610000000920568431
327958060000320897690000300056071043010005208702049010070400086089062004063580109
301064090240795160067000000079300001000009700413580006100973654795640310004051270
080007360407103080302065047001008720230071650750032900870510206520700490006320800
040809765800465392609070100025006007010004536300750400084037250500148070060002803
067095420391247060020610937589720604003000009002459073000800000204001705970502040
250960873006020000470510260032006508005182007608003940309075004127649305000000790
001706095008900706679520008900072540700803260325009007150398004060005901490600052
005012037002080019613790008008350790009070800274068150530049200007030905980507064
075184000008060901602030748450279180080000004701450209004807360800023010537040092
960027153231956074508010902000200081020160509010000020659703010000602745700000396
026950087100368052004200690801679030000000901092130740007501300910020070238706510
045179823080000000209860470061932007307000012400750630506314700008096004930000261
000083420903054000428070000031508046240090800089007053004931002310842090002765134
509036002026080950800025640094261830005340719083000000938602071001003526050017000
036010207102004680008267003410800030007459060860300794650140809004005020201083056
050789063070305490190026070700641839000800715018507004407200980501070006000160350
456283000120095003793416802070048100614907200000620000047062300030800001860039704
402089070790205003083760940608010359007832461340500728800100206205008094000000500
058061934001420006046005020500890267600040000397052140003270509805016000109004682
480705061090003400605014027904301578800047100051002030078006240000058006216409803
003097215070002360000600970050026400000750082642380597026179803080003750907040026
352084100980070025741200300008916034004350902500407601697500810020060709005709000
083601200007800006006000800095080010832140957004935620060750349008319562309000081
120608459065790001080050700700486025046300980510007003600009318891503004002801500
759000384800390020360000510000009460640017932920030750406702090507080206031006875
912603045500409020030005906000800700701026050629704138095130604100560203360040010
004690700609002530580037206700080105090574682458060000005349860936008001800006950
219607348030810600007400200320049801901308070008005063845000130090534080700980024
800000503195840070060975041018000625037501400500486300006090150042157008051200730
097802050060197300810050207300010065146275809009600142724060900058021006600040020
300287416041000000027049058030700800975802064008405907092370681086901040003060200
031080049590040608080956003804539160100200090069010730025070086008005001910328407
700903400940000306035146290280400601109370004400602870670500082012800703300724060
703800001005920048409170026601039052500067004204008073006350280817090430300780009
901000674063000802840090031300075018507006043409003006200008165070040089138560427
987260400030500068006098702003600080428930176600082090802300617000826000365004820
500180609108030200309706014804090763270068005006507100790610300410809570005400021
106950008042007305007430920421370659005609801609000230508294000200000504064580090
040800905258094060973001240304586000007020496062749000700900520430000609829005071
351070004204800000006004053000680009068049027970215806517460090832790005040502710
050479000790005001006321700027046380503807000184032076679204800030008094008063507
309000270050270940204693100046050300030709801180026095700800600460905780820407510
734050809000970400920304016086019307300020690407630080062001040503208901100063208
008010000400530978572409603860300021023800400040621809307054006204060790001908302
581037240000005073970820050205309400000008306738402190100043568350000902096251000
008070000079253608240080137700804096480000510902536004030098425821005300500062800
080406307420709650097800004104095000250070960060201475730040509805067003900530710
014300508000090013532840096003000947008050062069030801400723680870900034320080179
000010302617530890380460001700620105153047206006100007200094700931206050004050629
001359000956470301740020908675942080004600070038005609510034290062097004000060730
040000609913067805086394210802036070070020306360018052720641003600850020005902000
000078206802690035056403080908235064360049001240816050504002003003104000000380542
305001609700029000190805327063250814007048006840030090409080160031600000050712943
250148907094503821803000405142036058387005200065702304600000002009801070008620000
100405903065013208093008010309001602047609080006380470601897000070030196950100830
502037406407598123130000700098051042614902800250804901005000209000700504001025300
040306000503020076120074395015908720402700109008402050804093261200040008360280007
004805000820007409056430812391050287400010095600972000108500703000041960269703500
012007408387410206560300791630001980700802060028006007800060070173004625200073009
102983504305400870004700010890302700000007900753809426508000600420536187600208040
015249000047800201800001354501008467700560020260097030002400080980012506056903702
590100284820400000070289305000900600369508070085047932032004510050001023608352009
000300052480257006253001480034719060007003840609400071305170098190030720700094500
502873600718650430090104508480067900900040701200010064079002040300401290824096000
030090800409205006270061459004620015006007004587410063903000600800956107701043502
031028907900000503567001240079403150004965870006017430005039000008602391103000025
000906000609783240537000689208010507400000910071020468064890720003160850700430096
008104600614070305250830104003900000040082009509617008400000213095723800082401957
935007028100398070600500490073004009400175080061800247018700000006080750750413862
960040321810052090200310060390580270540096083080200009036170002020405708750020014
092807006600250030507090842030714629076009100109500080061438295420005001900006400
060704150500009020007000800000400500394158006080692341042987605650001907879036402
080094013970058040304710059008030004549680070102047068407020090050060180006501432
030010090082000351190830400050020139006000784970148625001594208800070046040200913
460950803800006904709104060106540097005070108380210006604327080078090031090800042
100000250732540168900182000009463000823007540001800973000071400240690305318004097
704510860000072405005904007006159000971328054800040001600201003518400792040795006
249537000010042007035060000501300874973180500402050901697205003100493706300608000
970201346384750209200390580190507000007040021430619008009172063860000470000408000
039000020050000796200409008085900340092170865076805910520031470041207600003504081
270480165048600300060032400407201050950043706030005014806704239004020070720390001
020407009684090200170623400098006004701932065050840073062074000407560380035000740
746000201902316000300002006061003904079041600403650178000207419294080007137960000
057030000032946075400005163041380607800607001306400508205809014713564902000000050
030000609156329874400081000325096040090408050007002936500960407084275301063000005
902050700650009143384601295700400061195807000206903000860040500529108000070096320
509408600603705800020301000395000040782043065060850203174586029050904701908200000
010004508085210060400098070531000000829340751000851030008165007150400683290783005
582030604300060000901274305070048592608010037020790160700386019200007040809021050
009600003006193870238050610015409007003015904094070105042001798960380051080907000
568137009020800070003050861004780600007300095156290038015679320002010050640500087
054061309803000200090843510041580972500300000680902035100008620930620104062035008
000832075250967001367514902000120030603705190700040050075003468900600703806470000
305204860800500400140803705000008052098607340653140070034701086006020037701380500
029150000007008020400702500200680041851307002046200305904510206100476008005829134
920000050350196040014257639000471386001500400703800190560710920170008063030600010
176059240000730000504060789640508902200690074059007060403971020005080310760005490
763815402000960300059003106600001009030547000100089034306798500518400067297000043
972050840085040000060801520546008370018030465700000082307400016690200758800670204
824073059070800030396501080680000023401230000732498500000002046543107002200980305
000391054036000100951064028640800507318605000000019863200106735560900000087502046
903100005200057980058304102045800006801003407700541390032908004480706520060005039
260054000407320186300107004570401608800972041140005370705246000024000867003000405
109730054000010009684290073060051000407608531801003402710009000530102790002067318
069308170080074965140590832000980520056002080728603400804009001010700098395800000
937810540020900701100072800000305028095208017842001005009504186500000200683127900
493800005201000008805002107954100073100340500706080210640218350582400701300060402
050073126006000700027040359005324901341806072009500400762039005008160230503000094
960380010821590376050200004002040008605920147418000029073056490049030000080409053
300056000045130209096200538053781006900024051460000802029305107004870600037010980
007068104614350890030009060100705603385002400700031950020803006400010080876024319
900100050207039006180000097300718049804006703009320060090271604471693280620000970
094510000073802040052070136068159000030600850400308000340080009987230500526491308
680053090003671850070090260040100005200068070016040902090030716307419008002786349
002180006076509830039072010385067001001308004040001003708210340900836020003794068
360085000051706008098213560815002700002470600400001089023007496589160027600000051
908700005401006782020485009249007308003194006010020074072500490060870023390201800
002013000609850014340007852408001520030680490065204030900300670820509140703140200
030001572265739040700500030170090480023850006050016307042005860090048050501360704
300090054480302160061048003006210340010407000743060291620750918507006400030904500
670418009902370000180009306000930001500104600018507094040895060890023145030601082
803002590750034100009501072120093060064100020070806941501607238407008009080350007
006005201820063050501072803405609008180004906060701034258007049300090085600458300
569001002083726005024895613637504921000003084400072000005017260010649300000000140
003245087200000065754908100130094206000000004842536091300400010405100002970623548
720098050069200010080105792102309476403006009090710005610903508005872300208000940
001080005908520107503601208090800500172360084030092710087100000016009853009238601
309800510410070380002315070750124803090068024024000050001703040538001260900082130
409570862008062503265390470003700086092815047004000005321900004506020030000603028
060390000259600731800051096983264510500100004001003680690420173040017060012030400
003080702624750903070203010045802060001500874068304005302467100407020609100008027
605408700839002600024095803400950076597260000002001950208000109100020038943816007
600050010570091306094607008027040109360078204905106000408719630010000705730005491
034689002126300708000070030040003080380706050017854326061408070400030061203160840
004907513900563248020104706759000364031005879006370050002000080100056937075000020
500001284708205010204803600030026501050400802142308006320080057906530008005072069
000030000984106000361050092602009058010082763578010924120865470000390216700041000
108050407004720005750401280010260309360084702470100050041000500097813604003640970
582410709340092000900500804000008160809000072001257908298040050160009083470085291
020360000800214000016809407158900740902706080640185930081492653203071000000008001
000203170185000009703159064300020001078304506204096703847935600600840050001000948
700100080492380061183546902630059047279008000500673290841060009357000800020030000
239150604400090050005670290540809320003540080760002905002000010194706530007921460
400007080070460103896301420600805019081096004039100650967010802052600071000279300
000792100891304070327000005159240306403869501260000000900678200080031950710025003
600057231803900054002140000745630002060271040080490300420319600930500407058004920
650400001041056002097000564036025490580314020074800103000598207000600849918200600
640900031012653049593000207109080456005100723200504018320870100006091370900000080
006003942425001030070024065018049050000500791059217403000902004392076010040135020
102050043305000908479010056726130005034506120051027634590078460010000080048090000
208070005059318640600050380542900063100003400300645019005100006821500904003892501
000841000890076003060000020040000200520064739736980041300690412080413975419007308
400003000218090435003401000020315069970000520365200841739140058002050006586700190
059623400807105090036879125200594030960000854740080210390400002010950000070030061
500009870601840005407203160078061592040005003150302700960138250002570030035000401
007504209529010300030809570050187493708000050910405007170043080004078105860900034
408600012020384090590200608950760103030900470160408200000097001789020530015840960
009005006634090512050402900010900287290318000008026100003209070082503400475680329
004056317080047020167003400840509702271068030000070801002081006018905074059020180
230065781071098436640001000000500162810924300050176004705840610004057008003602000
007980620609000847308467000001070050860510309730029480100705062204096030590002710
207065040100070530045901762000030495903040200000192803430029657000400081580013904
013602009006083200000070430004207950370596842950804673628300090000000368007968500
300800000481200795205010004900578300000060500658301947519702063706003258802605000
680030107970040032300176080800001203740082010209307860107500090098763501030900046
089620007050900610316708294963005070078000043241030000025370480600100750807504020
057020000000804315431690720009036084504010006360450102102500843080340690603081000
801007023063280107020000096637005982405026701210000504000370648140052300078400005
003080700007342008840100093072093860400800320301600079730206584614050902250000017
020108000390002580050936002965280371000007829002300054580003017004809205207410068
800091400930004201170502980360050108500348700208100095403700000610425037080900624
008000064326409010014200803000010958003092146001056372000608709067901085049007031
315400870007000426002700513009304785070056004154007002041023000200005041736140208
017036240250000090403927100104060820820790430300800571532009604098600010041003900
003065170007048000000970683260700091031096520709812436006000310025639048070020005
097200005540008076100457029600070948083920060709084050900846702270000681068702000
890072314502094000004060902105789203040120085038000007600957401401036800709000036
500300809379048020080095310704001230600704158208530000906053071107209580030010900
841052006605090800090687140408260079069010004003074010120048960080000527500729080
000920705007460080600180904160708253074002010380506079005004007046071530701859040
000905310009301062000004900006518243002493076354062890800009025001056700400207189
001004090500000100004100570807501030460020780903867025748310259100200048256409307
605008021040207030709310408408623107017009600090070280960080000080506972073902016
306270800042900703007403209078310090005700481460890300003180040059640008180009627
501640080086072041040001709005736498800210030367000005000900053602083070739504810
060203810231068540040100030700016054680300020150407086028000470010734268470502000
408957000000082600007010004820734510340205980070090430102043098036801240004509160
061475903700010542305982000830000409450291070010030025503708190100500007070103054
762150930000076041140030600680510320020003780530207060206405003003021096409008072
020306089390710056705900010083075090050230007106080523017000935030197008049560002
020098500647513829050070003000354000400089052083021947000965204260037095000000768
008640350645008290107020004510786423020301869386004070000015000000060518851070030
720610945160400800004280100002176089840500076906800001410300008007908310280701690
000000800062100079890507021209834065608275010500961038780090300900050187050008492
019260084070013960605009003503800471007601000890047056002038047700504809184006500
427896130830001026510400798960000203053048670270369500000900001080507940092000050
907080130150097000082413905005000200200750043700301089579048360836005402000936008
205704010001500200094280675108006400020030109056412380843020500070149836600008020
600582710750041200281673000007069105065307090009258007102006004006735000538000906
000507004487902560035100970000875690750006400962010807040050020801029300509041786
460193008710000064298674350037005200650009080800267530006052090580000602309700045
087023456005070090130450800014080700060907504790510680001002905009365271652090000
030070400910005270067239180720004050009723604103080907300150746001090800874360500
054200918000084005281530004035892046000300091968040020003070060020613089416008350
620070194519028003070009280007250901000080026250031470062003817731040009985600000
700029080590070621801406003002600950300017006679042108000890502056704810918005070
000000495420050760005840321067001003048690207253084010630002589800435070002060034
089000013530020094401900065804059006213000400960000387058046000792130640346290001
973140502005879600046352010351008027000501390002030850030495000509083104068000030
300540009062730040584000367200910058100075602409002700795004020801650934043009005
620400700035760029007502304000305402073041090284006501360004010040607053750103940
001730000403000918095010300100960800934100562768245100010006750506370201327000086
915080006000476951047900080050092364020065000896030105509600032002549600064300097
100085492208400630460023000042030001009200063053196240320009850504801300080350704
060080090391507840007306501704000030050438017803901650500010460109805370630049100
004007906936108004800960105740009600300001872081572400200490018408210507160700040
510396807000001000300482006900207003640500780127608000430825970000964030892170605
700009304340706002850403069938604200600090038020037190090008501504261980103040600
041600259380049070500201080075492831420080500100700600006015020207300018910820360
740001802130470590060250100007300609628097014090012050980005273070809000350706081
000208715079600823008057090750006139000935200600700508830074902901063487007020300
978010200060908007001076893409200700002039410607180520000690351590801072126300000
402037090010506048090400137238000610941600700567810920074060000359070860100385000
980026004564871200130900007020009158800502700006138400240010305675280940000095002
001900805502480960098650004036010590014265300700009046009027038260090050083540209
380200054094001726002945000207010069805609007009870240016438502900006073403700008
785023196460198003001050080000700800508042031026000709297501408000874025054200300
069740510310850200005010048492100056037468192000900000901207060040690700670004921
480007500002040600059168742060013408520004007140780026805900260200850070670402095
204065000350180400700023060072604081640070000193850647837590000960240530420000096
160004000043600705008173649054260008800030270036807094480500007001706450075042980
670803100095002000841096023700500680008007001269140357056004218000080065087625004
000620004704030005986010000001563400045100368600840059012786093008000721079051846
090700601073069800861305790300451200109030408540290060038500006950026010612000084
900548300401620098035000026090406081004209003126005740007054000340100875250037160
870010060900085204026930810010503007780402053503070042600140738348720000007050406
091080004503049780070203150080401603906008207307906040430897500000000038158604970
053009760708620053020570080902158040045700090070090538207904310514387020000000074
316029800570180030400036097250003000068241300143075029794012008630008012021000000
906204070004058069003060504007042190120300400048190002085409010091576280002813040
090087103073010000418263070040056037300020850500340000100070098986134025730890601
926780305000096072038010400409030021080901003603057908870020030004870059092460180
005690084046000002027485013170900856003060001680251007501020078260074130030019005
382500614000021700704830020970010000045069371030740806007080109493172508060900040
824050003005091408100380026490008732080147900650003004000010687748030050506872040
520608041476013008000020065108062409009170002740009106890200050310906007200780913
602000080080207094790368025807913056010040030039020407005600070471530862300072009
706000340800496700250370069025830691010025000680010203072081036040063017160700080
009068500016004093032005000065792084900801307070006250457029008283040010000583742
200100064469872500001006029040030080198205307002407190027050600003709450014620073
860039402700004968240005103000900586007680201180050000970040020304200807012578394
045008039060200705087506241300475806008361900406982510004000060600029407750040100
390004860085762930006800400503001700700356149061070002257943000039105074000000593
520007400094080061180090072261008937058720604907013008012004805439050000805002003
203870054074035601500900300849600710305047890000308040690001530050023009430560028
200085017587014302600200040006971504079002100105060029000430208458720030902100406
306500427025340098800206000640001309980670240007409800769102084008965700050000910
007098560093050248586040003238405719001000050700012036019000087002076004074039120
746000201508173000100006007075002108091087600602450973000804396814030002963720000
649080300051037094000406805496052701010004059700810400984000570500948130100720008
345090601902005038000314020007006003060073504453180096508439160109007000600001359
748200539306095800905804000600170025079002603800360100563021790081000062090603001
200537060108000705057910032005070200412300907003295604706152040020000506509703028
008500174104780032039204000002630407016007500307850029290040700401078095800902340
020804390045093108003701400010400029209030084058009700160380945000546007580910260
368021045217408900059007180000514308000000090104739520040896237000000619920000804
548702090000930640000001570031086920029104000805020410780410059390050860102698700
800509400913874506406003008004050087107008659605917042500001203320780060000430005
807109253003075080520006090042900805050402900076801340034708019200000637015693000
340510006650803217800700050705300060080960002206071895574000008903207541000654300
700090031030071249100003687480050310000430000359002076800120754502704963900300028
820300419740261350300009000160903840038640090900800630607530001410700503500028760
812500300305800940000631028004713602603000010201086430096150200020004050530067194
035020040401380050060540318000003605509062430386054100108230060600000800903678521
034790012200041000908006574005402100342079605100003240070034021501907408093008050
536040007000735906017800503400090070072450198089102005060014730004380001193060820
103502600800070104904680730400230906037496810209000500390160057700004060041750290
065400830028017054400508700947250080600804070800001349034002600079340520080075490
431008070600095213200031800340280691002040300190056400700560938580910020023070060
751032800004800251208601470982000000470018500130024680013009726600003900049076300
090380501384000200006427830025600070009814620061070093042530786508960300600700900
460001392012940507905023400046739000703102000050400700000315820021000973830207065
003200000090305021251807394400501200025098617017020500069080073000756902872004005
008900102250701008790260043473190820015403709000800030040082017680317050107000280
310006908500013740920048030200367815781050600030001070806109420400080001170604580
700601023001309000600052091406528009830197004050400872084965010960003240300000965
070560201501487009069000470693100007040230100005906348480750903056023014007004002
200653140846200503100004007005719486610300720907002000762008031400037002500026804
507400090123008406800653010358210670206504000904700520000890000400307182082105309
426700130003214090070030840290503081560020300030870250705082403602300018300061020
352860910000500204180027050000276801761400032028050090200308000840005329093640170
824073059070800030396501080680000023401230000732498500000002046543107002200980305
704035068831246097000078034150780602200694000600000700010027050400069871078401006
000526890027830005685000230109600700200908103308710056804275360700000020502089401
693407082010500749504082031008340006305060827001070300100800060400793215030001470
839200007107060835006837020000506010004071059070000046700150690365004102918603074
008700020042069530039204076253600917090570000060093208105080090384920760000307084
750032600096400128140698030800910050913065007024800016401720003070041209000006071
090042803061530040000070050148950230053000490000304160080403500005821976219705084
650100493104009008700000561596028014873000600402530089007905840040207000201064057
080007360407103080302065047001008720230071650750032900870510206520700490006320800
400006070065048210910075064080602007290030501370580906803004790640023100020809640
907284001010000806380190024000079018103648270879000060540000100001860045708451032
768031049010000070400657380036508194840060730070903000920005410103426907600700020
130409028240860090700050430980040760527618049000007050874502010050086904600700205
000508007248730056057624839020073040009006315013400700530947600700362504900000070
036501020589000017024030508200098450358246701407003600600800070072360105910000830
306905004000810690489006102032690410008300027071208005160580000090170546250060830
002046010500902340476300890847560030120400705000027089083601924004003108290780000
904608530500140962610359478105902000400500806309406215891005000240800700006000003
940605000760009042001000809020034008385170920400890056850060000276950403190703685
079028650130007842008045000004013069290006700760402510010500906980031070047089120
020150700010003408743890560670910345430700800008045070004589130307000002950230680
790180462215063890600209031450307018837041020160950304000030000306502000020000083
000000570307801000002503106436109058279485301581030002020000000860310920194052807
300920407604075930800634510541009723000017690069302001430290070000451006000083200
700601023001309000600052091406528009830197004050400872084965010960003240300000965
613280450500436702720501008000060284002100000847020106000872590971050803008310600
056839107130600049020001600080090400394100270070243091003520010009300782712980006
930047608000180095861030200092014586010000400046928030000062700120400863653801900
150040200780902654040037008560703921031050006900061040410608070007094065890300402
090030060070605480168720059503070906810043720007560030200400678604307000059280103
942730610005810300300600057094072501500008000807501294006940825403207109280006000
059403700007002531103570008400700852508604390702058000000200070964307015075140083
601298050085043710302000068400006890020870036060059124034965200518002000206700300
050000482007032090024658713285040000470860025693025001069307050032014000500290100
080450100270960004940700286010290700029047810560001409150876030890030070030020548
041653078080700069036200500608072014397005002000960703460020835010006097503894000
000709028680050390940103600095428016028010905700090042050846000004532109030071084
657400180301060204280709630970001300402000900000940720106053807700604012520097403
403000765860079000500634208008000341630148002150093070306400020000006107719352084
078001239520008047903072008365020070004010306700500400000030825136085094850947100
020570980007910254159800000316090040005160300090430168000740000074350816531080097
832070691000896000409001805010900700004103208326580109900750003607348002240000587
008000407705901368020000509981030670637190200452600900803059000069804750014300802
318460097045903801000008300020700038400052609679084010960037040104020703800501026
170405009423090750069000000247010806090000100000867094982301000054782000731946582
208305476005006300306701090504067009701004080020109754030650017860010205109402800
060800000130007005480020790503070189790183200812549637651000008928710003370000010
320967584007201030960083007000790840270008001500310900008000065790500120152870493
005010946001000370093006508050463290947028030236090400609832000082050069014609003
936170804100905302005400010062500040503248060400007285240890506098350120300006090
000857030370000400198063725534072601009015207007040003782034006600200870001706052
068090207010374090037600045009700560670058002302046078503060001700030689046219003
609000070002040139400071006081020307790150600060793508907315064008067021046000753
400520938826009510030018000340005079600971040710800250100052007264190380007080021
046000870001860524008742000410203065002590307503674200100406738670108090380000006
270008316800763295000010870607801000085009123301024000058040900043290068060305740
750690020931700000426180790264000907509060080003902040000540630605201478002076150
501007900067498500409300007142000006003640051608003492015030060326950780800006135
271945030003800740004060021720581400015700268008009100080070610130450080460190052
305069428200578100086000500090007850068491073012300060650812340800036000901000682
320670489009824030400319062802400016037908200560002000000540073003206854940703000
705912430302480510004356087000000020070004800806093051090020368153608970608000045
070000600060201037398647501800560200406970085250008760081700350603095072020036010
090080703007320501143076900002960407038007610609013005704000106006701204021645070
806397002010208004729415008005130287082006400074009503400680090967003000200970046
490200307000700001871563490008321070012000983037806010056030048080057620120084005
500004000630000750000308060056802403082000579047093806203901640415607298009045107
305069428200578100086000500090007850068491073012300060650812340800036000901000682
200063070049502603703400250004635801032001006608007034000754382085006000427300065
051730409023590060009001057306002940000407602284309010002670190490013500160005280
020370049803649050409000807506080003302406780700590402054800316230964008007030900
625048000309050408010000026208500647450200900000486250041760090960005374783904060
900003005706590200520016789090045307054307098370080004807109050409700030030064971
006120350300509000925003176560048200290300087100092530609230040452900003000850962
200000085904085021853000600000900140020630907079412806095041760042809513100503200
054061309803000200090843510041580972500300000680902035100008620930620104062035008
074680150105700960600540080008207609546018307900004005000400036750836001463005270
120085007407090250090247031741002006506900023000008005010809570050724160070510382
020690517608015903105040000037809400069100832001304600003470120710500300802031705
572006100806213759301085060960047500204900617157030000009300040405000306003524001
148007300760200908093080745537609401402038097009004050000000800024890070806472109
857000002031027849020100050500930086380745001910006073165800900290310760740650000
080000004096507200407298365048372100163080527000010400902061803000800002851703609
620007584300054610150680000905012008430060105800390206700840952200070060543026070
386419050090000081050803906078004000023087069100902875007351208230098610019000007
809257341027800600030090000080735004004061800305080710008309502600028109902106438
043081090100400080809057413904002105320016070010048309600793240497025631200000000
320000407507020360946030005092158706080000942070000501704280619809610073001003054
546008073090000008728365410605834790400200081802609304201500947004900806000400100
050603704260710385037058060700095143800200057503076890692000031080002500400061008
980026004564871200130900007020009158800502700006138400240010305675280940000095002
051030002496270013072608540500020160080001700120567000700453000063102450045790301
700048030043019726901070005450021300180063254030400008000735001370000502514092803
