510006002000508401934270065106750080093602510800010240760420008240800170300107604
000528910921060807608900400004075003700306280386100504500004020800250300132089745
070405060906700104504096028090207840850300007047680510280903071700041030403500980
403005079050360008018700056029608003084503000031049680806000591102956000305087260
270100003540693070008007164630700080080906021905240036103470690004060015809350007
003490678841706900067382401010078542005043000780900006030509007070060005590207810
628350000701962803500004000060590312900126000172438090006849730405073000000010648
906000850850360000401958020208005400005007936700409582010090008320841005084720391
078902560009036470045008030504069082010425700092000640267013954080654007050000006
270000315300402876860301920950000108180936002023180600539040060000003209012000483
004070093137900006960305400879031004040069008012480000206700901450000672701624380
403900650015320490009105300706091085082003704100280030340810009060700043508034170
260000045091056307000120060014567080070342510625918704582070003930000001047090800
017092004200000760830746210903604152002530007108009040701050693086903000040160025
501000072070129650280504100059008720010907006740016305065030010030805067920061580
003980026406752008802000057009208570005300241327504000270603910504070080001025730
530807629000601007670053184023700458050980000700030000067028945092405061040109300
473000009012000375560080012294008506607030001080605704705063908130450067046000150
005320460000908500030054090502843016093070040014695003701039082320086070400200359
900003005706590200520016789090045307054307098370080004807109050409700030030064971
000090104401830209759042003010029086800300490692078030500007308980254610027080005
480010723035067100017034800520106487000375206000008359160700902000980001790601500
056204319419365720300000005094832070080046003673109042908000630762400081000600000
090042803041370050000010040615290370028000690000806420060703500003489162982501034
520008036008603090306270510009047120002061940174002003903125000000700359785009061
004020190206983400950004082521060704000107208308045010802071060105600847007408001
030006502479203100050801073500000347700385060913047200305028610120500809600109005
802317006059200300060090182980000420400072630207649010090708040028050700304901865
000260037027490805003570692090604000300159086560702000712300060000000520459826371
600409080849030007007620390080700000425000879970802053500207038763080020218053046
701908000028750901054206307517824609000600100069000004170409560800061700096070418
080124037029803064410000080004510600256907013090040052060000820508291300930708501
810740905900003400043058612024830560000420700007500201200614807008370026670209300
564098730200170064001006800000010678800650003710809045029083506187504000650920080
501000072070129650280504100059008720010907006740016305065030010030805067920061580
653914007004080006981206500016409000307050091592037400079862000005701080168590000
739006001620300007148250603203009758050602009910830240496003800301004002002910004
513700000000600759906524031001000500059867103620051984162075090090100260380290000
056798200978230400200060908600910084009000010010873002300009127067050849090147560
530070049900534207140900008000005104715342096460007500070453962290001000650080031
409601000068509410030004296943215080017008502000060930080750069370040020096103704
726104090050920100090500732340082506281450970000300400032809050510070249007240300
003740560107596300650000094071080052800415600405003109510804030900300200036021845
000097600769000532850326009004070100316085020070610853090430207007060040428059061
052000960060090085908060143030086094009705630046020008084209050123650470507014006
500720600000005027208346005061003052800069001307518469050830090103007208682190500
610000902057012600820609010500308091270460035138950264360090070002140359090000006
096780201182436590005009680007040139218503060000670005604007008050860072870010400
780040109210500607300971025946008500520060081170090200000000010890614350631752008
091080004503049780070203150080401603906008207307906040430897500000000038158604970
071000005204985030853001940006138750708602003032709000300810029100390860089524000
680453700050000043403012650031865020004097805098000360005700400840509036026084509
002087904701290530409600020074120090095073040008009753100500080903018265850042070
948631502000080004501007309609023105430510068100800003810006050790052806200308091
000309821209005036603720009001053200000901073530206000108002307927104085306587100
280156009960000125041020000426000070300410050705692080130785600000043510802961730
680009473700340508304805000050060300090430051473501609567082930140790005000004810
000090178785031400901608002029560001000000925513982040807150200064820750050006019
207004010400700903150692408070106504310009060086203107625318709000060081801007050
041600050032190608006052103327910005908047306000005290415300729003409060009520030
004056317080047020167003400840509702271068030000070801002081006018905074059020180
001904703580673209739502408000490502000000106005026384357000000246050907090040625
100007689000500401047619000635872010294350760010096253080000000321965000076120090
020496318904008020083500009200900187738140090090705200352070041000601850016054003
609801305430965010180032946000407102210390000058200490071589624502000800040000700
097005408500001300003000562950100006832609045671004009700018020168030950320496801
060800000130007005480020790503070189790183200812549637651000008928710003370000010
053609001019700340400031509500198600061300804308060107075210408680503910030900700
367590801490001203012843790629004005000720084000060900700006020200007569050218437
900400076702005310041637080609210758005300109410058000000503800278100435350780600
600040108502801740800730965300020004708000392014308570405016007100075430920003051
281300907005760002300029054009032075560000021420651008090500086100276009652090703
630000700008569013012307605200806030107903402350002801003290078800075300724100906
045370190006510380019200005600400019021705040504091078002804050090057820158900037
020060508040012639063507000056704900704031856200659340000076200900045000670320495
407000900890270043200549086603108074002350608980002010710605420040920831309001000
086009253039562180502010790060250417870601920210000300328400600001300849090006000
614072309800000425925843010009007063000009004700100052530001008190720530407085291
120000948690450007473000050000590403084030100369120800736980524001006730002370601
135260084070804003009050060003602700027045091600000305501430072700501406340726509
060231098091040203305900070130005400600103957508409600003014026010806305486050010
923000050180900460046531029017894600568023900000065070000480702002319084090057010
309800510410070380002315070750124803090068024024000050001703040538001260900082130
630040017001602800208170043007051468006000002854726001042007906060294000109060724
501006809796584210000010007810207930300048072260050004938070021040020796002491000
030045070072968000564732108301000050000057081720090360056200003013400509297510046
513000280070530900006142053859260001002719500007000329340801690790604800600007045
906003025140206089005709300408000050709502830600834107090305210020091508561400003
008502047047691208000007050700318004300956800986020013690273085023040060000809021
894051067306800059070069020167900003000000790903002000758014930039528400400093586
645019283102000075000325000700001300309478152018002090090103500401007039803054601
031062940900074080085100702003600294096013008807905100154006800600350007008041659
570012006910050074006704905307108569800400700190605400650031847000007000721840053
160970082008001030470058016834529761006040005009600800005406100687035200300002658
700000128854710930102896504908405361506030007073160050005680209000000680080000745
010702030825039006039105000560000800481006320903520001190050072306200058200814963
304900508007003926201050740100382009902701830700400061009604052023500184005030607
894051067306800059070069020167900003000000790903002000758014930039528400400093586
600409080478050002009320470020700000341000967860103054200907048194060030786034029
509046021003250408410008006396170852075083009000009030920410063034067280050800010
080290510009070640167304200748500060001607054600420780800003170970802005304065029
030064105165827349042000068600040582380200091251009000500490803400310056890006000
092005407308406092040390100085010620039067010060803904023040759900530006850709001
002305407470020805069074321610043700305016200704090036000980503001032678037050000
800712000003596708079384106740900800601253000300007201900408510408105003157030400
004906050620007098109850740002508037063091004908070021090100260340629870206005400
500061090132407600060050241025080100080170006901306854496708512200009408003042000
090006580604000123350020409830701240706200035500963000060312098100694052920805000
628350000409682105100007000090410756500269000816735040001824360203076000000090582
709864302100000056306059008007000695860027000903516027078240500500783204032000081
390020070040030680200007409003792801607001090902068000020570310134209056570103928
100604783698200100070051020700965238035100400026300007203019054560082090009006072
036107458527380600000060200709850042053002097002093500310200065605409801200506700
680200005049105823020807010004396002012080967906700040460023501000051096195008030
000003082307296100529100063690400308458630007000850094062715039910000570030960800
930408706050200008140760032014680093096350004005040021803096245520074309060003000
924000057070000308035001042403752960697130825002009400009600704000423019041597000
947235680030000002020174390000000758014658239350000160003012006209080017001509023
130206748680000009500198006050314070763000410200560803000900004890030501425681930
009245100760300009150700328026007400300496800085003976003604090208900035601530704
349800600100270893800690001700006380002500000936748215008057400204309158503400006
901520746007009005502047080423100950005034060600290073009000807276980500100753092
010249538243100090859030000000000014030025067002870359674010085000567400025900673
572006100609531274103072090810029400206300917934050000008900050705000309001745002
490870003083901007006200000300097050520080704840000319930062501712508906600319470
800509000070034500035800900108407350000095200352018090960203870003781649400906123
730001068006208510080004200673400001805706300294080605308500102427319006050860700
069014050000760091100900600010003900092076010300100506784351260625497108001680405
000070409740008020096300075031720908278900050569481030902634080000859300084017090
390020750708501000010907842803102405000804003249300068087253019901700230030009500
000904080079018060368007914190083005040700096057406201025809103700000050930645708
260493510085160300413000902700049006850621734600830000008000259306008071572000600
000008176800041203172563094430000528007804061690005037086007302200006049700100605
094000630001970240503416800108759060035200170200040058459032006080507413010080500
057618200091000645006059010000960570965003000042085369600500031500200900319876402
507009406690503270030740009000691020921000564760250800140930702070160940850400600
060003400800014637354720100087341906046087500003000084400062075170030060602970840
080907320056320400723000105300500014142703009600412008519208603064035000000040851
005014206013700040204690750108000020700341605046082097020038509031409072860050003
037041059060007020901850034090070400750600103340198502619300207480702060000409308
042760591600402008071090040007920060026180903908500104080601009065039400094007316
140207658000600000256410093760580034802106079004003200307004900090321067680050302
100497803060020019090031270058902030400705000900386054203160590009270106070059042
709064000210790406604050073065109827800076001070000094126900000037600089048510762
103208500500397200290001083000726800671854090025913000012630750730000920050072006
206813450074960038008000060400600712981075040600130080809750300062008004005420891
902807016710002580008900237600300972097260053823005000005079348080040700070020691
015073209000802145048009063000030596903607800801905307184356000090080001020001438
000037045000000908320850001035001609096003057748500302807012004912640873453700100
100000750467305908030978006000080205601203470925047300010060500076502804250830690
102050043605000901793010068854370009026501480017024356230048670060000090079060000
000403078007815206086907415103006724004370069765094301000058190578100600000000800
209030040473098061056421370000906030790004506005072100908000610501063920627000053
240071950051460700070002410037080005402015360060304170090208601304009807806107090
800900300002480506167053498080314270000700080710005630001579002259048003470002950
709000058864013007532700614926100000005370000070009105200064501608930742341250000
020108350537040002040250706900401060450320081308500207095700038760800020100962470
800259731007108920129000000501400000090600470704925618085090163072513009003004200
300090054480302160061048003006210340010407000743060291620750918507006400030904500
092568047400009800000234195300905084985000703000301906720050439600097521040000670
842007310700100026006000507067000804589670030010839075023901068000782000008346152
748200539306095800905804000600170025079002603800360100563021790081000062090603001
040017809067320040509080320658004913072103408000890000085040632324650790000730000
300097048890040060504130029759280406130064870000005900000420000603750204245010397
270000315100502469560403780610000503340956001095320600721080030000004108083000256
009513480305040670000786095260301008890072510450000230910020750700905024004137000
109804062400130057037050040024517009076008031800600570218300006900760803060082015
300800000481200795205010004900578300000060500658301947519702063706003258802605000
600007040049650820307802601070009382820074100503280700900700400760108230015430908
982730564040600082063408910079306400236507800415800700004970600000100040350204100
001740002059612080082000617017904800005800340830260170140027908503189200020000701
030002081209601730780034500040519270695000040070068000068007419007106800304095627
006003942793004080040089031079068020000400893028395107000801006812036070050927010
000600205006790138900100004090580013007014580800230946405021009028009351139860400
930001500501420603007530140605708031018200970002190800820350719100900080079012005
020407009684090200170623400098006004701932065050840073062074000407560380035000740
001053028068002103030681947059007280180026039027948060703200090090870000012000075
081005630069030401243060709170000905450209803930657004325800100604903028000021000
100000250732540168900182000009463000823007540001800973000071400240690305318004097
340702605560090402010405070780036001030078206906040730004059823095304007120080050
000400680689702501410090702152304000907685000000209450731028060520000308094003275
090087103073010000418263070040056037300020850500340000100070098986134025730890601
906730008004009730301840095009067081718304060020010940800000150095601820032985070
031400960092061470600029005003580700057900028068012309200650100045038296016007080
004007002900534786607908000540800209000406157090050003105269304060081000270345618
030007890258014630600085100982041500007030400006850271000063042160072000724500316
205000700000051208183472069900504180056000027830729006062107090004206810310005602
097200005540008076100457029600070948083920060709084050900846702270000681068702000
587902100940170520123006700730090060000020097092037451019004280205008900874209000
589201004100403208300006105620130009000697520973000640090040800430705902056810430
080062000520031708370500926058600090400095007702408563015020009207840010600057832
204006510500004760860090420001900240098207001420010090082159630046732105150460000
090000004004297100361080090070029085450301079020875640039100020215008906600932510
801060003005047100930058462008570041560910000014006935079080300000001289382495006
004507200721900803900001746600810004003029601148673905809102400057300100016000508
002740809096010037708239641025067410347025080860004000004003100009050378070000564
302900841000100320015203600904831700276050103031007050093500400008006539007390216
090051400154900682300640050610700020740260513003014006032487065001300200460020309
620098007830700409090031580100200750462087190070069800007025000308976205206000978
002050000700010382913827045007942500024708130089000720390170050001090873205083400
128300947600040200004712050710004060306200090509106872070029006203670580401580700
000400000012967008003805020900600400621580370074329806280793140100240903009050287
605400003084070210072008459000100030000004108416002975200500091530009862908213547
608304290020060400970510038006700502080056003435908160002005009513607820700280306
871459630064230507030700104406003029257010800308020015009002356000306000003070941
230007006009080051860395407000010073174260508092750060628500009000400802410829035
008070960460030701090200050180754000040923178000600509052000007830517296600492385
453071002290080100081052479070100040064020593032506010700065028300807064800203001
890017305314260780000300400089706030250030648001840500043108020020500804908620053
205081906916300800000609710052000601009746028607205003001803204398520060500007089
950076834600403900408005020109024370700631209083000100804060593596048010000709060
540790831701320040083401029308040672060207000070100498004809060907612084020004000
502400076873200490000897300420730018300501024081040700039160540058300009700905103
643005271000040050002006000508910630170000985000508002210309564085261793006450028
005024360360007024102306070604700035003609000507103689409075810201460090700900450
090020100080009056157846092410260580700430000032050764508602000026790041070300625
300492500054000023601508407476003250500964710008005040749350000000700934013809605
060008753980040000370526840506074390720830400040050120038400500600180230052760081
085040172604201005002750060409080020021403090007902481706530200053020640090604750
004900006096004270283100004000000725307209841420005093009521007705693180600840530
478060009290518000015000268089053002100480907634000850800974025500020700927600104
634578102900000000870610045459702601000134259100960087080001920040090010591300004
002009687308267090076008010863040705107803400000605038700030850635082940200094070
060090075450072903073048060306057192508009040020410050634085010000900500290701834
004906050620007098109850740002508037063091004908070021090100260340629870206005400
089006507300975100750081003607009032045803019038000006020357698073690240006104000
108702059450810006902400800009327514000600287017540690090253148030186002000070000
305678491400000020670041008940025803050437200032000750504380076268010005000064980
400007080070460103896301420600805019081096004039100650967010802052600071000279300
974025006100490502005300104836004019700010308400832050390060405001950703068740900
740020105036071200080560370100052703403000602072900008327800001860205937905004806
327958060000320897690000300056071043010005208702049010070400086089062004063580109
040830269820094731039260084304012605072050000915600307058300000060089003090105800
460070035208400007007321408910540073054007690700903020045002089009058040870604102
980100400400532890103804060008300210600000938002008070560783040004921756210645009
040062810802007400906018720000840000594023168308600042650004081023180000080075634
106502098200080360840301020400203007060817002782000913007030800594720130300056079
370500690419206805500791000007053100130407500004002003090624318001085060860109052
010027690900050437507309081190070026300810749670940100069004010780005360400000972
000400001714026809080000600800040062590260480420083910162904000007810596950637104
007300405008520900253064870090740360004030080836209047100802603600090018382610004
006805409401920603005001000900316085600592007503780006752103908160058004004609001
017304289000080504548069000002603890396070410700905020030726150865090070070500046
280500009004010020079428651423180960006004080090206310160809040530740190900001230
040500703703006125105320000900002804528040070034005291000073610890100532310209407
009502038570003010120760950706029300950070800040085197200047681804236000607000023
800230010341009000527814600270005006604170095000002870092486350006020980000951462
758621000600703180003480027830500079020809360006000852067138294300207506000050008
000049203429008506005610948052897104000001090941356082004063057003900000810070430
309010200000370065060000039476105390093720506521000400614090723900001054230047081
021394060846207000003006042369172408075040690010050073100960000680430529050028000
001530208000080314680001907218964730000105096060370020700002083135890000024650109
006200701009480206321560004715346908002008063008100500807630415050070002064810300
805760014041005036006014200580100069602409801100608400060800523058006100019572600
504690108132050769000703000493185020200000814008046900065009000021004386007861092
783150206504290708000387415047008560600400871000000920801000040402061059069042007
187902035003015000200003716760090284800647000091020360524039678008250001006004020
650032890102690005003800201008754006047000982061028700076409500400206179210500040
710800003620073090348009760132040050080951230506000800004080009971026584850090602
340860000900000200005047060069013850532678010400290673290086034183704906054000007
601042009083900014009015620926403107000260890830500002702058000068700240300024781
030807052507036010860100034405608300008320475290700006051004260302500097080273040
003750001807014602041080509000605793406200000395108046030800905720531004018009307
760000590038790042020351700302609010800413620610000907076205080005060371940180006
090685407704102698800940152540006900023790500070400021010009300907000240065800719
602080705850670901009340060008230659060054078591800000080020097026700080307598210
020108350537040002040250706900401060450320081308500207095700038760800020100962470
205006010031204567400750900804000170503017009010598306027349851050800730048005000
830405002620309070759261030305708000008900003000513809003054296500192007082600501
367590801490001203012843790629004005000720084000060900700006020200007569050218437
000374106310802470720050389100560000062900800409720500840639052297005000650200908
851634072203970865060058310500483106080090400430160087090000201004027009620000008
530860201800057060640030087004300009001528634365090700090642005006000072123085046
857000040132804975690007800503000184000000060061503729086025007240609310719040200
204179058970000102030024009307402001800306920610080430050203804480501206026040003
005032600079106304206800051750420063620073005003600402082507036001300207067209500
170050240090040016204713080002800407809067132307420068920600000706005824481000050
005014620004902573230005194009430207007590080480200935692000001750100002140020850
304900508007003926201050740100382009902701830700400061009604052023500184005030607
000469032208053060000218407600500903420000518000301726930100600000894375870605290
960040321810052090200310060390580270540096083080200009036170002020405708750020014
267940810004010205100062400806009321073124980001600000600070530702596108480200090
890017305314260780000300400089706030250030648001840500043108020020500804908620053
040970063327860495000302000400609002062013850903728106035197004609200000070086900
000002051425931600810700004006590043904020800350048790001806430703250060060304579
908507462200080010340206009480053600500000890002198070100079036790620148826040007
670901800015030769008027400560078203492360000700100040040010025307589610056003970
200001000970034010803090064000169200065428091002307846009705420507246180420080050
064020700100087605000631489000009163000376050600158004952864307340002590710000048
080021403041008602206403500008007230523189000004300158030296000809704026160000947
049020600780601020001904387100086792608700430520093000052070006006200073073165240
970003254080560731000047609310050006007004305509006147605420970098035002040070503
010083700834527091070000803508790316100035400360008050053804162701200900006310070
059360008060894250480000690210003049500600031390148002024900375801430000900270180
054000802000614000713205469470026100080390206230001087360450008048060350007038094
902006380840295610100080900309028500000960142624700800508640030201807450007500068
280063475090502813050081620000800042127004008300215000914020036000000291600159704
108062904260095183530080076000210430412853007903400802045908001000001009301040008
900700364360000207001032950504987000207064830010203070649020083082306000053070692
061400090473901805000027406105002604032670100040059203000010908310790042928540030
002076900164059780073208050301694208206703500890020603000937060705800390630500000
200000745096704300043258100960040503034095017050803900670002451480500000005461079
510396807000004000300578006400107002860900130921603000180762340000459080249830705
300290070069400010028063500000570400914602700270041039003720905490358067650010302
930100000502034168040650209420300000050209341061480027215746093084000700000012054
460001020190003847805000690583420010200005039700316250908060004601530080024798100
045978031701630258600002009070401503020350004500200076019020060050106807067805012
619000470302400090847956201021630700000100000463790812035009186000060503206013007
301809647064350900080006003040100075102705064503084020810503290005008030930017450
900038651050100082003050700406500978895740006000986100060804529200315000578260003
450000007062701549090645008020010400503079062014802790801500924070030001940128300
871420356094000001605071000006258009082004063400037800967810430003002090248003507
601097304200300000780054192097805031136709045000003007962478013008000029500902008
000506001201000064340080500014205600902864100000090428478659312195020080000708945
003025008090370200000198573942867051805200947137540002289050030000000000601902480
000003049041208000879506321018670403790380050006900170062430007400029536053800010
050608070070023915003000802780000021210840650634100008508071230961204087020006140
206095000007406985950008032501200079008750016309860050802947060040002798705003001
006009400008013026000625800840200700000906502650730189360500070497100350285047691
307125980450306700080000036016458390700000600905607408073901260024800070600502840
470803261520904800001760045200090600005240093700030002067301450053479006002605309
700163405010489002390005168600002900039006820000007051870054009400308716903071504
800600070400200356600107420040823069068570013273916845000060187780059000020001090
003204950065790843790000601589010036021600409007800512008900004906140275002050100
870560190200381560501000080012076430700004610034910008056720003408650020020040856
010047896000103250604850003480035720900710065760492310050070000200001047347520900
003706500709100048120804703201400080584301970000250310497512836000900027302600000
620005300900100802014382906400000600736420090005768143869250730007610285050800000
060050704153790020007608310006005038920073400801460570009007250014930087302086009
000720908901065030407009652002583097540200003030416200200000070876052040304670529
700380005809052700250004189000046950405900010692018403007860300980007501034095067
080970010040106283063280570308709004450000397709405620804321060095600030000008702
304950007012046593090080400950037028400829705207105030508002071000304802000078609
020030905700460023310500060240000050903752081507641392002376510005084030006010240
129300700040000060058479012504008620080207134201690507000700006065023471007506290
208060053100037009390520780007900208901246375520700000009174500602000040704082931
000080659507960402040210030470631025010507096635029070054000961008150047061000080
060000904042970106710546080607128309000700860481060020030600402204835617170002000
680053090003186420020040380010500002400092010052060804030020648806439001005618739
790180462254037810100409053920803075435016020810950604000090000509201000080000097
007001800030259701001687953002065104050008600000140000370590206029713085405006397
065000102007153064403096700096874200800000076170560089500309600030027001729600843
002040015005008630163000089918460270006230000034090561027504096481600357000003820
000530070084290013753040902408050701060400028107983600840015230316800050000304180
907801035003745008860000710509108040408603092010070083380090026604310809002480050
035204700204397000090501040516809300420000008809123000301072594642000030950430620
341065007709100406000790380804217069097000203020940010072006005008401602013520870
427060005003020060685000030201835009300094152549270683090012007702489000004006908
028005070500124306610007590900603005463002809200801460830000200050076930709238051
470900860806507092100036005007198206068400509041060300603704900009002704704310608
200089076756000910804070320062130009380004051409860237620700504005046102100900060
812950734537814026940000100784020300000000518600389470008100003270603040093008007
800009015120835469905600000462100978080006043070482000010067594790501080054020001
005130689910500407008000002031607000079250000850914720087090254004870300093426071
600409080849030007007620390080700000425000879970802053500207038763080020218053046
001900805502480960098650004036010590014265300700009046009027038260090050083540209
002701349900000800173498500801670900736009102000810603007000001318907465009165700
746000201902316000300002006061003904079041600403650178000207419294080007137960000
001360045370150290520007030030009516015406000092031407000095802768010900250048170
618250703054000028307806109260010070075002080000095016090503061701000502580920437
730001068006208510080004200673400001805706300294080605308500102427319006050860700
184750263000002054500006070060024030740083605320075481090048316410007008000301702
098005031003619800071800509800097450035204096140500007320700010500042068084301025
310800049206504081005709030538020690060390850020608010643975120001240903070000060
409680572620001000030240906153906248780300090000120007378469020000700489204005003
394120000000064219610005408089603005201809046060200093000082070928007601043510082
803154207100063549065907800704030952009002731000090604318070006547200008000008170
864001000000470865503890042435908600007000009010637458040009501702165000058300976
283970406540006200000430809400600308308704500650083901974360120000020000025107693
005001070097053216000000859078090004900032100213584600156070932809065000702019560
800045601000039540509006002496000080023090004058007000071684253360972410084150906
000003079437206001850401602540030800760020904900764305014050003070902106605017240
000759000630001509195300472500070063076002104310645008903217840700804025084000900
094510000073802040052070136068159000030600850400308000340080009987230500526491308
040006105501047630079053080790480300106730950030090028854360017000504803910200040
008530010000678400206904308047203081301489060029761000700006890903000104084190230
000080396580023007316704008008005000020107865651802730402006081065210473003078000
460070035208400007007321408910540073054007690700903020045002089009058040870604102
002600100800302079197480063000941650904200031521700080030507810015036490608100005
685402301070850046004370598010064783840000910030500402000040057307180600401005809
005049023324005891908310405201400000087001054000000208540290137079100540130704006
009480070020000461546712800008005004073160259250049700062054107180030005005601048
010680500009742030847001260035294708104005923000003645950407000403500097701008400
900018567281700300060043002402876900806090270090020056509480610014059708070100400
240000007730805604060473980406310000980050431050208709320104005094032176010900003
014060500756203984082950176539040807000000045070380600063078000840120000197430200
020170834009503000138400507001004358657832109080005000063250071810607023400090600
604012075008759461105486900000143208001020657002060140006070309009000516003605700
004900307970345082108700500240650930053894021009000005310079850605103704007006010
067095420159246070040870596483950607005000009001738054000500000508007903920403080
080290103652300407003457000040100200260035810801040700398074520006019070175803040
050000460390084500702615390060040703570106900410307650030800075620051809905270040
010845270247031050090000031902078605004003700750092304065200940800314067073500008
164000000857026901900015870008050690029841037305607128001062403080530000090108060
649138520200050006007040109460380790098270010020400380904060001032917060100004953
704230001001084052920005074109450280503020607006301005607840530490010720030097100
710493800300068507026510000000752400409680200502934000940820170267040390150300040
016904030007102509900830006470008350008371964031040728094000605062085000100096082
281940607400006010050310048029108074310004050500023801964200780070400003002587069
089007360503428109270000508935000007100392000820045031704000250308056000602970813
701260904093400000000703000004056328850930106130842007528070409619500080347080200
648001093100030004007426508280003105504100020001245069820007430490012086010860002
040801207090240518002703000064130002021574980900682100200000360000007409430925871
805760014041005036006014200580100069602409801100608400060800523058006100019572600
501048792409670058700200000940852060012007845050100009130526907205009031008003500
240005700015070063796410820000608201169304570080001090021506000678902004904080032
400090327810070500702563100370486952040010006028007010967140205080700001100620804
720894300000010078638020014170040850006501740503087001004170080067452139305000020
090062004318574069246008705500020106007001000023609007472090030601200078839700602
014300508000090013532840096003000947008050062069030801400723680870900034320080179
001609080069308500085070196050106004104002053602043809017905408538420960000800200
076009080300720019820150704063975801458201900000000023601500078790483050080007092
091547382340000006805360700700496031002135970030000604083900165000208400010603807
384509270000007408000040003020008365005720189890051742950270010007080934608910500
070082054018605270002009080846270035700050810095360700204003107061527008907400003
425300000093600120006000340008402700012708000347095086031280409064971830009540601
304008001080503290205091087410059800807310940020004610509607120000900406648032050
086037090245619308000000120000400203428065009603720054017946502304070901900080007
528609103000003020310702098680090000200030019940821567000005904730008200895264730
000301600060972314019640052003209007985100420627430198732006041006700030000020900
002470908378090520004203010706029401103007000005801376569708140000600790430012005
600070935904006180570390004000251473300840006027039850009000010000915302063782540
810053067902700380006204005090000072407509006580627490309005008005092043078036150
270049300084071295900200070437065080008012739002080600003590001649108520800006043
630709502540060000007053461009620008405901270206080390960470005028300647004810003
602000005000106000071952400007540600160329857953680020708090501540800279210005308
870092140004381700612470008095047836060000271730800050006704000029508417040000680
014300508000090013532840096003000947008050062069030801400723680870900034320080179
046081300002407106017900250920700031760092840400065700109003007203670018004809503
010020063760500400042369810036001208000780005875630901307846102680005094004090080
150437280049200610007900050708025146502701008400009500830000004670094301020173065
050003046004209503308040102206184375047000010830007004075428031400900600109306407
402061703007234000130000452740026390960045201001070006004658007659300824008002600
497562103300081540010000060004100826730056014601024000000290008279308651508600300
068020900903100062100679053039410086406208010020300409090831500207005630085060190
307600085082053400050024037806002040001370508503480016960035004010960050705100962
960082001001365928080000700070246530000500400504038607490823150253670090016000270
800000503195840070060975041018000625037501400500486300006090150042157008051200730
938504120400000960000091430024730091001640753073180240300978604080050000746003080
004209070562007010007035280000006001640002098009178040300081467076504839400763052
987562410250017908316080000002875100700290006805140237000001680020038501000704002
027001690900806704064072500040008000198064075070105438052403060030059047480007302
256807030000602081083950006002140060048063052617508340305400000079006200801070493
920084613003206098680009000046008075702050049500417002230040050800795034405300081
070105090001986407906000050194603705827000063360708140703060020502007619000512008
806210930230070005751038062184027350070359080003100200000803520025700690010062003
206790501090400628084062000940620800600504710015300064100905370050037090379006405
062095780005642930104000020010406850908051003506080072081360500050010306609504210
075123904003048000014090030006000050007809000309002607542710398930280765008905241
703684015501973800900150007090700000835421679007860003306008402050300000180290530
412006058093480060806010002050600213961300800204000976107890004009231087300064009
080390142061004000394002705146080003502000000009271054017009500908530016450108927
240000100700392406530601078004050002305260901108904605010800500652430019090016320
253000400000640035080003020509807010008091573104325980005170040391084657000530190
005012704901007200760039008120874500409260801008951002890705010500000927200106405
904608530200510469160349728509103000300800906607904183853001000410200300002000005
007350900380600400106048573710805604050000800908134705800500046071482300540060087
201830750034009008508702301150020037802015940640978000000097000300061400905083672
050046002712098405400500089635907041900000057100254003087403906000029500291005074
506013847000500090134097500679005030358620010400379080701002950240000176063700020
570912004198035206304600500051847003807090102903126700002060000000784009400250680
006035200019086057380090401500820643401009800820054010672908504058200070000067980
106320008007169420390000510000500002620903874438206900719408065000091380803002100
600784502872519634500306700040901076000405100001060300100092057050100203400653901
071005000239847016854900723300579081900600354502000097000004805008053460460708000
306001890400307200072980043230819765010200030085030020920670300540093682800002009
451029800230001090000054217100836905802100003063040701310208470000507060726400058
756010080943080006002000903600020701005073049304091508400002810520008067867130294
607108000300640270105030608000000862709800004860401097904570020573206400206084753
200300614501070000368010000086900103425100860013000547602783490030091270190620080
105480030893700004000390185580900013920073050070810609700109840409008570610540002
710480062890050070004730908070040090080300020639218745900500000027061459560970201
206750080500982040800601905105023879000078000782100403900200630071005290320806510
003800160672300000008576293069700081750981306020060900040600710107290008086107509
003204950065790843790000601589010036021600409007800512008900004906140275002050100
006035200019086057380090401500820643401009800820054010672908504058200070000067980
195267483304590071278143000000080756450006930607030042703004000049301600500000010
020410060814039507600000413003000004467192805050043690031528006700304159000070082
001530208000080314680001907218964730000105096060370020700002083135890000024650109
700090000840521079029003865060010003201709058074806092000350080380004217697180004
460103000201080634007604012108790000300501708506008291010275803705046009620000470
670028105001079060090160023743090050802006900060807001350702409120005386480003072
027000608190058200084000000071600495952004836600500701035802069009736000068915072
081020000603017842004608500430070025502400170178250006840190253010702680260300000
739006001620300007148250603203009758050602009910830240496003800301004002002910004
000301420020976810195000376000000000843097001279008534086002903537000042910405680
761302980058916000003780004070020810089451230032079500317294650000500001020060400
400980100091060000052703496069802301030100048080530629508079010920051004003428005
194005023076830045580421769008214600340768001010950000000096070069300504005100200
093002010152309046000510023860253091501007802004100007608091030000430109319800670
067000100032869407008027096024976530075408260090000004400750900759380012080001705
005780410097100500810094260620000001530401086700659320048206190000300802152940070
103208500700613200280009063000426900427395010039781000078150690540000780010067004
608530240450908370030010050700829610290000504083640900021700095504290038070304002
078543062032060080400800093003175006860000570015406309001930054540210600320600910
082316005070090080009870043158900230600108057027400806005609408090285360000741500
001700905305098024690015007908350012400900536032046000089003040203801650050029073
097358620360002000004900831901230048802005010040890073013089402000670100586004097
805607000072950013060300578687003000000470869109860035214705300006000002090246157
054900200006084000070020609000200158605710924010090360308402710247030095501870432
924000057070000308035001042403752960697130825002009400009600704000423019041597000
000150000563042701018060549700501604085604200406200150054300027320475806070800400
009513480305040670000786095260301008890072510450000230910020750700905024004137000
814960372065300140090401086001009803500010900926840705650097031009008600130650000
025009618104800090090561400930405061500006070640708350450003700006084035089057102
030200180604009030201374590173906005500018309800007601305700960406800250008652003
920001875178005200006280190600108500034002009050900000702800431309426058485010960
009140760000037002570062801017805300003200974692403518008620103060381240320000000
608109200700230010502000004000528600400973581805610702201306078984000100367001025
607108000300640270105030608000000862709800004860401097904570020573206400206084753
087926040030040860206050170710400253300087000920035680091673528000010036653002000
065090021400560038809204070506030107090150804084076200601709082240680010008020605
005000843073001902426398000709000601008067520000004390200406738567800410384009206
302080009001205400580039217420003806100820040073094150200108605018306000604070381
134060578900380060680150203003510000069003124800900357006700812700421605010600040
006350280900400706030678009059104070620790148007002903068000391001506027072003065
001705680470083200986100570002301860809056147167040002094502000200067900053009400
014058020000174869879032500700096402042007950060005371000001040020569138100740200
039000020050000798800102005087400510013680279096201480740013860068507300001806057
740150006010600345590403020009030204005064170874021500051090007032047618080306050
200064037370100048064703100612579004403006079000008201107005000008031756046907013
040500703607004182801260000700003509913050070065001238000036840380700691170409305
307080010490605070060107453716240080030050147500019600104900025600301804903504700
800204609254609387700300000308100920007065043049830060473580092000403078980001006
800304106400891300913000850109007008546203017000019043080900001790602480054170069
821000547795240308040050000389025074200090805154800920000632009507009032902007080
100030608603005410004009307719043580000702100462081073831026700070450030040017890
920100006040080290301629540813200470007304005600097012069530180785001003000078054
008740610007025930269030007800407065073516204056000001390170020020904800085002149
305007218080520030907031005008650094090300027254710080010008473649103800800240900
534900276072000849960270510000050007427836000000020680781092035005703190090501008
234060901700312680080009050623050790007620005500078230010590060900200413478130020
090072086826400050030800090040910603000006940903507020300089502651704800209153764
823579000059104720700360800098206007400003002230890564070000100002637495340015070
000400001714026809080000600800040062590260480420083910162904000007810596950637104
005704301048209005270500490009000067701962500062370180024008036350097010800620054
190308020865100730007090040016530007200784060783060490978450000532016800601007050
005832000062051800800004203090000082520049176136270549054027938000096010700400605
004020190206983400950004082521060704000107208308045010802071060105600847007408001
000810704019076508687500090248100609000925087905008001054091370062080015700650800
594100600381060725007000000079200501000091200105807060016080392032619807008723410
470820006010679003062000875240008059700056104105390007001030008820067501350480602
003457890980060700024900065150000603302096504800523007097005106061700000008641279
397040002841630507000978001705000804280050013016403720008195206659304000003007400
000206849280041000643800107307002005900580716150670030006004571790150004405307090
310026704204903058060004001809070460002360009056098073093607510620530007080200036
287010504109046080364785192905637010010490007602150000500000830791803020000500070
010690432603108700054003008240030016309451080001060940800004001100087650475016820
000840090089067501471300208053000104900150870802473050068020900090038702207509086
560010700307050001800720006000605009670138402435902060206400817013287040004561200
697120458000490002000068030000940203020301000034206570470812365016009820208630100
070280900340590760206040810480063000900175486650000370004800000819632540030004698
490100000031208009005600000180460935349512870506003041950004062014906387000701500
052080600036095040009106572604003128010640000093801406040000203807324915021069000
730006002540000009690040783850670231900130560306000974105490007289001046003802100
723509418500028000601073000004605000050790140972001085200007054307850902405236001
008140090459207318007800200001002906806031040024906180940700005080309471170024009
601400380800630107230710040028901570147200890000803400003100700906087210702560930
423109070005370490100004302714030009300061048080207053530426017609005204001003005
140900000873501020500407631019078000407000918208194006020805703061049500005230190
128607045040035910030400008074006580052008130009543200507360021400100607201709050
089007042610405870007082500703050000008743965904060230096010028071006304005378600
704600000030800650509712438025070891018253006006008500001027004200301965893500002
500002741723410005080750200050607020340500010209043587070061350910804000608005194
436290007821074003705000210354800600000400832007003450548702100900006045013945700
984020005030000819607900304093058061805090400270406598029040006056002900008760253
730910008105080734400705020900361207607009341051400000500072080014590070073008915
902170860010930275387205090500080942070400010024006700031807000090640080240319057
001360045370150290520007030030009516015406000092031407000095802768010900250048170
901504876005096310730008000190600700068471025070300160259107630010065007080003540
874300601006405700010706403580043200730500910060170035043057180020801540150004007
960082001001365928080000700070246530000500400504038607490823150253670090016000270
310602078008007062702081050800203790104009820027510030200800016080926040643070280
790630258800020469006000000264093805050280630000065027049002183500308790378000540
900100050207039006180000097300718049804006703009320060090271604471693280620000970
205740086006280570087006040063400800800907014049805702020600908074098003590103460
007500900008090706692173048750008061401629057006010800905061020104050689003940100
030940100745006392810700654001470200004568013370129845968000400100000020407300080
400051896960030000700600325600387004807060539030195000578013960390500401140000053
760820043023040800800390207000409670402630190659002008247005086000700009508263704
908500060200004801706182903601459300580006049090800506070040605002915038859003004
030920746060731000278000013500103268703802000082090107401350009007600520806210304
280650047007093082940070060025300079306728005004900206708000054060587301032160090
521908036406200509300500018030097085758010043060085020000060390240800160679023800
904000100006034095205968470003209784002700900749086002621490800400607320090020041
100030608408006190005009702713062580000805300584071026856013200040590060070028430
003200000090305021251807394400501200025098617017020500069080073000756902872004005
100063007005100436369054002600002904900501600584609270090380060016900300803406729
057802900800407625042060008090028004008004061463701280720009100006073450530046097
410005200720900168900216007204163070007080601601050083570608004009007850063540092
790068100028500004060290873810624700300080021902300480030000960450936008609150340
039042580008910062021600004246591007080400615005080200590834070310060058060100903
506200317240763005090500040900820450358040120020930070802079504030100702670450800
608501239500000408002604507900240100060819305050067080005028093039150024706093800
102983504305400870004700010890302700000007900753809426508000600420536187600208040
003900210607304000409852000002791085754200090001460700908620501205109300046503920
001942508020070460478060001810290356097630040030800010089426100046083920003000084
003057060719043082040008903961080200000579631075002040007800400108005026204796018
705391008060800102081060093240186057050004021107500600030610009670409005910700236
709042130601005970400901006980006017210053680070108040800500493193064002007230060
650070380000406075007583164178364000523098040040201030300607200002900006765000493
351070004204800000006004053000680009068049027970215806517460090832790005040502710
000925401610783000209001807862304070905078203003592000507100086306207000090806720
010482976009003008872005010003201000026000183190638507937100005040350090050097432
014300508000090013532840096003000947008050062069030801400723680870900034320080179
000086054516473928780000360093825600807030200000007800002768003068354072000219400
000090104401830209759042003010029086800300490692078030500007308980254610027080005
890072314502094000004060902105789203040120085038000007600957401401036800709000036
010306005040780096863050041207100584050824079604500000120400908976018450000095200
279406100800020304003000000000700950790300018082594607320849561560013740001657800
700250108340010207810360004050001082204780091083092005030028006579006820020503019
601700080048650310007804506400970003739200004020503798562007900910026075000105042
014082750087059102500030008048507620270963010100000075800005340732108500400306280
008300074274658903030900008062003890580006430009285100005800306600432009823009701
006301700050602418189050003760020039002403807530109600203015000000906024695040381
000080720903502004800049563300250017051000046409001050504630298798420031000918005
004793050000005008205816974103009782082000049697248513300980420000000007729104000
010025783060047010278031046009018627000060035000502194701000408800054002500783061
000009078739025601018046030090080007820010096370954802963570120080400760100063009
360720000509060402020049536083510060090384215051000300035208640002930800608400023
083460007070309006496070103500000029000650714731900005358792040017006002602001978
000000135210079000063058270050000063098610450000830001846590307032046918109083046
007630009059800204608950701080010607195040300006289045800100076571468003900020508
490357862360409700205600309510073294020140580047000136084205003030008070059000000
009500400048091670701483200496300702075904000010706950600030840000605137134800026
031090000008320905029107643004013056210760038306002100000950024140600509953204001
130080620600050378009236451080305090060000200403702005350004902016020804942003567
703010568800650000659872000500000610146705800298060030081506072900087400405201306
014060500682503714035140968478020309000000027090470100027018000840750000569230800
030804600001096504468001037700080065026049100310027490002010300953408712007930800
042387956380000010009140030931570042204960180000400009093052801007004090510830407
001200760306081400270450103034972618060005320108060000013028500002040031045130270
000507001804203576157000020740091602081004007009082145002430009430905000908120354
098030060600058902054902310007046893841300000006580120060093081102004509370015040
908104360672093410000060900400037120700910043319200050260380570097400608001706004
000180430064029007371500092038060700600402980410073605093658001006090370180700560
500790408108320700740010209300040085085902070017503042050270063260450190870009500
501360820208051603009002700102970580784630910000008007093100005600403108807026430
047003001051807036060510480082731000603008702010020843008065120026004090034089670
069005021350012690001409500090076003630028940810030076900640052176053080040090067
360719852981520047005040010102000006840000570703065080027453198510090003400200005
813040050200380600647010080760208901500090870900000025100436507409871302076500140
620070194519028003070009280007250901000080026250031470062003817731040009985600000
058026943307015000060800170090302017400109506613050002021503684080201050034600700
090010085040275901000908000570026048200450093030000526320590804980103050157040639
160375402800200003250004071078030940002040008430698057020716004786050129010020005
015900200048173006090200841809600020500409608160708305406391070000002003321060489
080040060039561082067080401005610020346950108100800609600025040053008206024190830
107864032000009700568030049250978060003120075601000098010653807006000053835092004
903160847106040003007020106705931680008502400030400579069318000370600018004200065
015026483030100090820309007160000305480260710500431020207618034040000650601540200
300012080001000079258947036934085027000006003065309018000034001483090062120708045
280094500150007420700325160305219080941030602800400913609040305010970000030500091
061048950005201700740500601604903810008400273520107000159604008007300560030805107
398000070006090450750268190401000082080174000075030014040387621820410530000920840
758610092064000137000742000000971250587400910109008700070064329690007084402509000
009210530100035074325004008701320805068400092002806700010007629097002053250693000
068000103037800526050160080000354608010600930386912007801035260900206340023400005
046300280372000000000700630509070008063090174487120056630517090105400763708230500
076800045320754006050020380002930600934070518005480002600000429501208000047369850
803002970470169800500080410054900168180500203006200000398604520600801047740020609
678094021050028340030001008063412070089670400700000615826007054090240080007850063
065007094739040800810090275000704002001020400642130507000281603320005701156003028
400700650208406931605130000004072890002904067769005200000003026906541700853200049
900602001050010740413059206328060000000801963106037052809073625261580000000200018
400009700073065000251000030034106928015970040600004070127690485000581267580020093
100300890806940052079120004005803700490206380307050209650700010718500420000614570
000508640026000905845963700054009107038051004010340850007602018403017002081090370
900150407700080301561307002870401600420005138009208070057903006104506793600070005
040083759390040806082079000120030908708592104030006200904307582270008390800021000
076008104500607380290140756980060010457020608063700420600572801000010003704009260
310006407040107900098450012405000006007895034903041805059060720200019360601078500
068045230050030106304620070540000900906512087100904302800007620023481790075200800
800954710000801002046072009428039007713000040069040020300087061674210090201095074
001530208000020759920007403392756840000203075040980020700008092269370000014690507
700650008095480763046010009478900526050208000001064807064703001307005642002140005
072800096008029710901074003569030178407500000180067042006095200810046930094700001
625048000701060205030000064409600873870400900000897410056720040280006597397504020
531002904094603701687010030002040090065938042040020350053090800409061503026005009
004872065052913007070000902280050043540080201000204500708541020400300759325607800
030067940907403600006290100704035019090824730620001458809002000300040821040080397
016000080382601750754893061670002045405309010030004092003000076061007520007456008
437910256002004801080026000008030620650840300301670504200407165006200400814063090
340702605560090402010405070780036001030078206906040730004059823095304007120080050
280156009960000125041020000426000070300410050705692080130785600000043510802961730
690000204078290035030465700010076543700120890800054020507042900140500302309000458
651074800398006004200005003860502000007408036143060285910650478030780029005040060
960502070027914356100000009301705002500620801092001047719200060000103720208406905
800010004641309205020704108038040700016905832090208600074891026000500083582003010
600500201005302690240000000007910060000738100980625304708293416002456738406800050
805604910042100053007035020070001000390040761560789204003210009406953100109000385
005436000021870694608000075200000456063054009450762001000289560570003940986500003
005003001610975840890060305008327059250004600309050027980700014520018003030540280
008450010679201034004300062002630050395074206001020097807913620010000970920760008
009704020408120090260090341070010000012405679890602053580940060021860034006003018
006708093319265080080000520070003005960504200035810647108057000050102479790400850
900024800607301000421568970200013705150680239308050104706800500590070008010005620
054061309803000200090843510041580972500300000680902035100008620930620104062035008
490357862360409700205600309510073294020140580047000136084205003030008070059000000
019260084070013960605009003503800471007601000890047056002038047700504809184006500
095380014412050600000610950079460008030705140120800506000106290261090037907043001
709046820230501400048007003490150706870000504365409001000860150687015000003720068
802000403375860291000500000798000000516049080423058679034007008280005930109483020
091547382740000001305120600400275013008931740070000205016800437000706500020304109
540006180123450600000710350004025061200097803968001200300564709650000000470180526
780040109610700205900531078436008700590020084870050900000000020340172590267495003
305409702007010006620370094046090013200034070170602540580040030700001865901853020
908042760407065082600007900540670390700038205013200600086704021104026809005800070
007063020108094763632510090321050007000020080006079000860705412200086509510042670
306750104070630059051002673730265001012890060080004090103020740040000502008473910
081005630069030401243060709170000905450209803930657004325800100604903028000021000
076005094000700201231894700000609803768032010903500607520340108304207050007001402
304800950509140000816590340430900070107630009690407135263080090001350082000200710
729130068006092100010006502190004835080573001054001700001320654035609080260400300
050603704760180392023049060500064187400500023806031450617000035040006200200017006
304510079581470003270800401645000008023005090700603125050320017907160002412000080
420051900005098200800023405594030006083140509060000342002879653037500001600012094
200830509507926130390500200000718005750469021601350007003245980000000052820697000
209071800016290407700050290080000000605814072901507684504783120802049063100000040
130000090008507201007010438804701020016300000203685040320876010675124900401053070
075123904003048000014090030006000050007809000309002607542710398930280765008905241
000052306070001008032009754040093020268410509090500841056934102917260003300008900
040500200130840759950230010290371560710600902500900030429100375800790020001052090
052070400834209076076300281709523000380040050425000703007105300003462097200000615
090072086826400050030800090040910603000006940903507020300089502651704800209153764
000367052603010804152004600430179080010000573028603900207001300009702410340086705
700840300008069207643007908390204005200058170507600402805792004030005720402030089
000008700346021985700350000904087000020016097600904010208145379007002851590803604
900163285625000900013009000056840007400976001197032648361407800002010409040000076
190040806528006074074358009702800010810073940300200008061980005900400081080631290
038470560020090074076028009765240108300180906100060400017954680604002790003700040
064800052200059601805620300470280100081700029003096708050904210046510007012008460
000500740050900000000208305580000430760035800394020106145709623073152084800360571
204310605001080004076025081007293100003008206812500037060000013320741560045039002
930108400800006321621400980500092013062000598090081042000860034000004870409017256
009302106015790032000501987006030570050010040004850009021480765460170208578006300
900005010806010753000027869003006024009102500162030087340068005008953640605041370
500301840018750603460900005851090207340507906000038050030070408009043001784025360
219607348030810600007400200320049801901308070008005063845000130090534080700980024
370204956940500870085971400006853024030002009214000085400015090009028040023069007
000045370541300089078961500003000810024000760800007925460009238007080196080023457
046008720000002853230705094804127300300609185061000000015004200423570008689230040
820735610607000405510649800900321000351860290200007080002008964400270050100090723
984376000000400708607005439810700045300029017706504200030650870501048006408200091
170004020006590013098170064653200049007459380900300050740005600002703400031906872
002806190406390702019200300028407069003580271097060000205040817700605900904710005
080065209107902400092010850940327501061009042070001090709508024036294175004000000
200503198051470020368010000790025306020349510003086209000207801009034002672050030
008103674026500030013604020240079000030046908680300247071065000860730195900400703
005031608908072143307008050174325860600190004000486731830700096400009000006013005
070000020810302706094608513037061089480720060621009370063007400142050007700030601
048750326100062009260003010082007605706530100030028970014005098800206703027809001
007460013036097080908050640040600008390805461065904700180020309003080074079341800
507009406690503270030740009000691020921000564760250800140930702070160940850400600
103078605056020809072005304960013057705902130001000900600030792000167083307009501
002817596100560002600002014201009385050140007006253040700906453500480200900700168
700205490450170003902384500603702000041893050870640230100520364067008010300000085
631247059084591030070800040100905267390620405020104090000050000060000073453789620
700804360300725910005630080032006000460589031000200678090407120070310806013908507
405082003600007915071095008043008697702003500500714080800056209007001000256809134
280003005069008314300070802806395001100700040973014586497000100520807630600901020
000160874640000500189475200900806003070910640264007190701650002020093451403001060
051263407602700500704158600070020934000010260009406018483672000000580302010040876
001876003093004100078009654009003700710090405320741860034900520057460080100085907
807430009013080040020190387068904701140060890090018050080609030430021075209500610
582030604700050000906742508010086945804010062090420780300594027100003050405061030
093001005010730829082590700060000000841970036300862154920350601004608500650100302
040705000028903405009010037290150000080249000415378009902634000050027093836501042
030067058601080200970021046180239604090070030703005980540012063310800405060403700
040796185098531000650408003026904300304102000000653470085047600100805020460019007
030006008628590041005028906000974000704002819293600075087010604902465007006030092
000602390853070600609450071368200704501708903000041008130900006090034157780506009
400007080070460103896301420600805019081096004039100650967010802052600071000279300
870000360020380704030050281456930802310500000700206513598062100103700428040003090
000002051145973200290100007009620073701090500420017680004209810906840030080701496
605400003074030690031006452000200060000004105486007239700300026560009348308562917
120597634040016082609000000401032098790085026006900005060829401002700800874003069
890401602010250709205009013080902300004705260602300000020194836009036027068020190
600700250300615400759002086836070001901350800000081637298000300100029008500863912
600041000031072456042003018104305080006400170280107640408200500305780200700504861
572006100608172459409083060950024300201300847843060000006900030304000508005238004
296084070005706298003002060107058430900460120024900005709010042580047906040029003
805240061900100000172863095700004008028790600456010209090000530543970180681002040
503091700016780340047602100000100507602053010005204063000508270080017695701926030
080009500590310807102850304800000000206074983039168240021036000400080679078490032
100860459035201060604050200040007190500980302396012070429070010800090620003125084
030280574025900000078310029190052306000140082842060100014098267050000400086421050
652070031000203076003560090001920700087306012249150083008400000475601020130092045
080300054430186709017040300002071635301090040704608090070860400140700086620910073
068100527500600498902084061006809700380760200700312005030270854005031906600908000
170405009423090750069000000247010806090000100000867094982301000054782000731946582
857204193001095700600800200206007004000512809915400302109603408500108037340009020
602189537908003200073004908496308000000452690051060040009005070704091352025006100
209030040785014036034582190000208070970001603001063400803000750102075360457000018
080423056036700290520090003040300109803610500610240830008967024004002605362004070
051604900024019800790825041047908003038001597065270418002300060070006204613000000
960082001003649825040000700020971630000800500806035207430158970189260050057000180
058902060001350009049060852402076090570400208800210640600193020127500036030600085
067804109500900048084012500000603752602108000473009680140000020008205016026481075
050820410032904605410006200679043050020000940004695730043761000201500874500400360
000150406412700000057034291540020100000019520720000009074360010283941760005078934
503010260090746510601003000410830070906000305700562901300627150007090820269005730
601025403520341080400000150000090020205867009938002746104000075807516200300074860
605070023094260100007140980500002600043086290026701540380950700050028314062010800
020050070057049062180072405062081537741030000000207140278003610000708953590604000
940605000670009028008000604080057009791260340200490067320010000519830402860902153
024908570905600084831040002300080065500436007000502318457001030260374850183000000
830027951045310687170006040080100562057200008621085370560000030008602410004008020
000841000970032005010000020080000900740085361632910078500160789060759234397008106
214653007070420560605010402709008005540002803180340096800206004007080309021004058
032794861060015020049206357320049070070000082605007900207050000050000718893671200
203704809000506003961020074305900042092405081400260900034170200070040308120350490
406213078217600004000070620520760093030090507098301040905130002070926480802000130
019860000064030000380917006000000521038140067057200803600359204800400675425670310
500400030429500081300892470850009320010036807036058900680014702102007040003920160
803002970270936400400010520089600752750800604001200000927104830500307049130080207
060309108807000635403800200300607812102000064586400970908746020630280000000593406
734051068981270030600080709050149320140000057392705840070032180200400000400590002
000700096016392400395600270079230810480079605001005007257008143000027009908510700
009000164063148529001050387090000875608000032537002016102689053980030200000014600
004051000086970530025006819070000301048510902560293008800130290692700140400620005
406000501507321006012504070000072050005008697091600284809436702000015809103080405
390764008460580731058231964030800070006900482280006050810020640600405890047000000
300050986009402310871009050006000008130576490024918000400060009917005863200897540
021480069930200180008019020006907800200050090594068273102840906050030010803790450
004360501073005260650904070430106725009072400027008900012040800896050100000281639
000007340683941205097003060708409520309560007500010036230176804070004053806005700
001380025872005413534000098007000201623048900050700340045036009009500804706090532
200400000790380602630509147159078430040903070002100095523090708000732009907800320
012003040000612038683004700964100000028570409051200683079461350030007060146300090
290005083000007090040000215016203079709800506580900042060780351158034900372019400
208509710057000600010327580300902006070034095591080032740095260029041350100070040
240005700089020056657910280000109307371608590090003060038401000924506001506080034
063879051200010006970002408502906187638720005000005600004200009026090570190548302
500010072040570608260000910870145003391020060000063007720306050008704326635001749
105800609900100002840970513068295004009341008310687205000020980080760000092410350
108040603062300470000726109605184390801057040000002800380005010209460708417090502
107900500390450267640002030003805000906124800201370000034210706009600328702530041
054070108002560700390801650500680017803002500706105302200438960038900071065010003
905304010807001405600590032080020604540038009790105028051970203208450060060002540
090600050061250349320419768014302076600080003073100800907020635000030021130006907
678500903400003005035090680109006807080009000307410209703601092010704568040920371
370241059019500600005090031697420005030609074004007068080300740063074180041860003
004000020010000836685123700058000000192700340060948002537094281000582673806007450
002036400580170020030048109000060247100003085640025931070004093000917060869302714
003408750021350906074010080340200619150940000060031570980062400706504190400090805
000659800076408030500031692607200501812000000059083726064800950785046003090370400
001500800030010004876342591307050018405028370060701050702164005090085107150000280
320000407507020360946030005092158706080000942070000501704280619809610073001003054
468000791590007038317068400050002104800190305000005080029840503600020817105730049
076008104500607380290140756980060010457020608063700420600572801000010003704009260
100703685504600079087205000060182007700300001218009436001050093040037062376920040
740009800830705100260180003087352004050407930410008075504821360120040080308506000
050000072600513090398420051080054020045076010903200547406000180800135064510048700
518007060000061052029038071004009008030040095795183604040010500201095307350870210
000900614016480000472510893290100400001029050500760009300040501124835007080691340
205704010001500200094280675108006400020030109056412380843020500070149836600008020
106950008054007902002480150645130729007509804901000530509873000200000305013290080
070041892680023000402070305240860901008102003590030206024700000007280654056310028
001359000976210308430070201183925040002100080064007902310092670049083005000060830
760508100802010503005930087001003270038120006027605390070301804510809700086070015
005003620209406030360920540070300480534890002080740190450019306000530210123080050
300080700280971360170004590062013005008000140401852603800026009604100030023540816
907658040810000620300120089470005012009802504205410900790200450630540090040309160
080000090007153008530906702905010370826305941713460800378604050000800030469000280
004000020010000836685123700058000000192700340060948002537094281000582673806007450
500092307408100092203006000800010935169000870340970100030200548600549010750831209
390801057805300019106095400000050094030076020902408000203007941519604702700120063
900200400081349076407010092305801700700030801098064035800692100610000903570180604
907003008000168902218900406305207604400301025180004090724819003000040789850700040
510396807000004000300578006400107002860900130921603000180762340000459080249830705
900063050016007030530940687200194003601200405403600091005080740720406008340709520
200003057537061240006057030654132089020070300080090104000005010365714092402009503
240071950051460700070002410037080005402015360060304170090208601304009807806107090
120740308937281564046030712090000120051803900400000050570698201013000000600310470
210090300030261500500708029703500910805024630000379852080000461009610205100840093
004360501073005260650904070430106725009072400027008900012040800896050100000281639
607300201095410306300620070080500060053096800104730592001050608539060100800174930
728004630030700980006813700200008310073062845104509000612390078009047023300080500
007358090900000045001904780016400529030005807580270403890500074000862931060749008
400693170690500400102080950070038000846209315200005890001802040724016530005300620
705030184310400020400157030039041800200086091048500203501063040063720508020005306
000900800531782609089400702206390085710026930090008200127004590004015320050270001
200940736600730582073000090836109007140003600952400010029017068000320040308094205
004100037310407500890530041070005209059804170103270080040050010030028704685740302
001603529054009067390270000700030090009708456568091200620950710080302045410800030
600010900015680300873000610041000750050041803768935104190063078007158090500070401
800900300007830406639072851090243760000500040450006280004159008571084002980007510
352084100160090053978300400009158046005240901400903205897500320020030608003807000
370082005415760802090510607050200180109075240200106009000301904024008301000497520
054800793160302050300045006091006207007208960820107400740029500000584309985000042
009150600360209815450800090206390008930002701080014023603720089508031040002400507
030726005150000279708509030903845702065300104840060090090150300380974001001600940
613280450200456803850301002000030296005800000169020508000548720481070305002610900
000905310009301062000004900006518243002493076354062890800009025001056700400207189
780501000104900368030408075500790803079020650420850001047009506008340007210087430
405020600608340510210600904134950000520164800800037451000786000086510047700090260
032010045960245007500030069004092071107486002206000504405708000073900406600350718
008501790502497318090300045400750603000180050903240070005902184020010030700835960
301000208070028900208917504704009602029070005100234709580702196002003007910806003
680030107970040032300176080800001203740082010209307860107500090098763501030900046
650790084002546007701000065210067803360289050000305042000000479420073508107900026
000400530053060800478500062305090426962050708704008095600070250027135000509240180
010003608006702000709406210090048532805230001123500984070620000060004107958371006
600800070083401259490720060800190020027540006530002417075316800208050701004070605
574069003368500940910084065640905020780432000250600034000050000437206518025000090
071938425030702090052000070497010500005820943008094007006140059003089006219070034
700900005651230479009067200068020094040810032012450600000085700104600058835104906
040801207090240518002703000064130002021574980900682100200000360000007409430925871
734051068251780030900040105040198750870000041519407820080079310400800000100630002
810047560007010020009562007084001000025736840136408070471009608268000094090680010
073954001045010097090307452460072905517600008000840010704560123050431000030000064
680030107970040032300176080800001203740082010209307860107500090098763501030900046
060438019107000008930017054206100890350006047080973005020005900695700032700392580
601708320034050070050603180309587601100900250508010700000024017470065002215070460
809037000340206000605000307090160005080572100750394026100925064504001239970040018
500038420800204059740009081437002105908341002026070834090007500005100040674500908
107609402259143000430002050000230070503910284902008000028000007315020800794861320
502340018390007500080210903000000081013608050845721096700482109034900820028100004
524030160008051029010204008970185046400900015065007800001460000890013250047500681
800000075009806031173459006000501047641700803350680020700045062295060710006120500
004000100892431560070580039056018973700340001018700200083160700007023015160070302
050320000030150428942060053210400390089610000060502817406030900590780034003905701
040500703507009482306720000900005306423070090051003274000057640890400137760301805
090260000560041982207900604056409320020800405041032006000098053932154800680000049
061475903700010542305982000830000409450291070010030025503708190100500007070103054
007360400310200600062809513059080004043926800006040932000432100821000305930510270
900587020073200000002601800786129345020700061019356070604970180150000039007003604
120780500598060020400100090864093100200847306375210980901078230600005407700020009
827954030600087540501300790406709210102048060000612007705091020000065001010003654
072000010304891706010420359138060240697005100405030097043002560000600470000574903
520094731190320000400070690910007500002681947074009008700002864260500103041763000
002740809045090023809235417017054980986027040520008000001003200003070568050000371
605390017000400068874106300080003206210967800590280000060005041058640730349720005
097310045015890062002070030100608907049750010068900403800200500076135084501080096
037810004285009063000052078502073400370004695006085300050200046820467509061090700
245309000600078009879056400960800024300190687000020005026981703190742068000063900
058219004020340009309000821500080240930006100062174093085000960000865410617402080
201600530008021400069430120300290005025080040804706392402009050107042060090510284
904608530200730869680195427106309000800200306307506218539002000760400900002000003
900040605004051008685092310041306270793000850000975001058160002062509187070008003
408073269200009000076024018519006470040201580002407003120040007780902005090730821
790802030060570902025006074258103600009058041400600805300029058507080009980705410
500070904839060710007913600086009547020741800074600001010405306053006100602037405
030460009091370600065100378042009716010607000570280403950010200607950001100026945
090080004084072015560340098935128400010030050400500231703010082600807100840093506
201706530406052070570041020020410069069008240307029005604007090002094356038005400
042760591600402008071090040007920060026180903908500104080601009065039400094007316
305678491400000020670041008940025803050437200032000750504380076268010005000064980
090310804123009005040025103000890040950200368487036002205068439074050200030140006
082004910100709604709061003307908026096302701500070300401200835970485002050600070
572090361069017450003625780231000047080904006006001538300000600150700890008050274
062095780005642930104000020010406850908051003506080072081360500050010306609504210
050789063030102890890035040500397216000500974072401008409800530607050001000270680
200064037370100048064703100612579004403006079000008201107005000008031756046907013
231850094080004013050903020017200305000740089945380060500476031163090072400002050
460050183750301000002490607600204900000900715301075264500080020813020049026503071
860432507100000800750098430020081700073965182081000050040803900395010270010720340
040700300305980400097350080006270198080549620039010700024800976900126534060400800
830420190900007084014095060002503600061902450509080032603008000028169573005004820
372860500509302764000007200268090140057480003000701806401078690800630470096005002
601700080048650310007804506400970003739200004020503798562007900910026075000105042
090008210837152400001009078960803150013605807700004009249007001070426935006001040
072030000508000020001590378080105004314700590200340180803014769490863051106900003
215700940730400005000591320060070201002910803851023400006340502094006710507089004
040005006562810390100609520725104030000300075304508061400006180806050002210483057
000208047005403180478510302304900700900040830610037405040605073090300204023790018
001705680470083200986100570002301860809056147167040002094502000200067900053009400
005832000012047500800005402080000076360071248427380159056029834000058010700400605
089620007050900610316708294963005070078000043241030000025370480600100750807504020
206750080500982040800601905105023879000078000782100403900200630071005290320806510
400980100038020000059703864043509201090100043010340957501037020320091008007254006
002470908378090520004203010706029401103007000005801376569708140000600790430012005
209030040785014036034582190000208070970001603001063400803000750102075360457000018
804100306020743500307008420030064002046001703180530690200305007491876205500000908
079028650130007842008045000004013069290006700760402510010500906980031070047089120
749130200020090314010800075280900100500468029976251080060009041097500830150040600
009026083020309700638004950060002508302041697801690000096410075143050826000063000
528609103000003020310702098680090000200030019940821567000005904730008200895264730
000063807587240630360007020030604970904800063206709400602395708090006240015020090
000150406547300000012084539480010700000038240230000001063820050829543610004076382
000702600842000079100509830201900480000460025460218093307020960020001008610395247
000900604596430080380072105010046058608509300053010240409100020002890567805203009
007306024643000079900047000090063758800070930736080142389050400465000003172430090
807501324042907000005400079063080795074093108080056000050009003408600957901375006
801547260072600400090010708008700326205936040063020100300260070057400682029170004
430068579076930000008010230350001002107020304800753690710090000623580917000076420
261098030503026008000030462706215049405009000010003675157302804300980150600004003
000506900175003640063408270089605127016080003040109006090057002831200709002091304
002340598305018400940020001031079080490005120006130907509700230600203009120804706
020496007004053290935000041306000509040689023079310400690500132413902070000730900
620010800000286417418005600780421030006900271230600040890040700302079104070502309
924000057070000308035001042403752960697130825002009400009600704000423019041597000
502873600918450370070201405190065700200080103300010046056008030800609250429037000
980020007040108093603704820002935700809070530370006902730502000506010378008307045
002810040148002030300049182809600450034005028500438010280074005605081074070200890
500198740940672835020530600480005301000923070270081006300049560790056003000007204
500800162406201000019650408652074381304100906000560000025300004000425809841006023
140060308380057290592830400709100820003700064004092013401320589000008100900504630
000307800063000029098012075300801004089053210000000538031945762524170080006230051
