001293560235046900000587100523000806780304019009608075008401092047902000900805400
003790060047630502890020703059003200380260157010804030400010906031080470068547020
029400003050109704710860902100008000407091026590036417070902005903015078085300601
619030040270061008000047621486302079000014580031009060005720806320106057160400030
834751009100206003002834050008400900040379580359160000063900010580603002901507068
000100050354062890810039670701000460020804005508316027106280540290450100400600730
058000040009760081102843096814630905200470803700050002007026054020090730341580009
403005079050360008018700056029608003084503000031049680806000591102956000305087260
070600108910043060062089740290830514001094670740200000604005000120468350007001486
895370421240859370370420098020017000418002709000000205000103604050068007103005902
809026470600004821230010605005389700082061030003002106596040300041093208028105000
793046182006312007402000635830609004965030020240085006109070200300060500600001473
890740150701020486060130000019083742207509600006004900903007021028300074100852009
706258134003000028201930000012500097009012360035097080054600702007005840028741050
200006004459280001070041529020073960006010002784609305835062007060090200002705186
409070502001600973705932000072460080090280157350090004816300405020046010040810036
010020007089060042620874093000601004104380975258007060032040000970206450006015239
500000081072856000480073625008349507690200010034500092001730250850012009320600108
947125803008090005005008190590680700470051680060200509084702900010030420209064017
070124098410809070089000000530490700708502034924300800000051380156980207890040150
984020005030000819607900304093058061805090400270406598029040006056002900008760253
020500007190270506706180402305791604001600070072030015400010009017904368530802040
800007410906035000470180900000500748021940035548060192380600001107309860200050379
000738200000009080850016379009400138340870902020903407500300094082090510973054026
261450080080000750007823140035908007020500800870310594000080021018064930692035008
976005104008904036300016700095160340012400008400092051530007409067049503040501060
046508023109360754520714000097003516460801370301000000200036095004000030905047601
010702030825039006039105000560000800481006320903520001190050072306200058200814963
148700050705010394093502017062903000509461208000087000900124780007390100014805020
731000092006201008500396170409030001020100706108752049810520900007063415603004800
218300509697502100304918602000634710000081024070009360000007830036020000849163050
370150490041090805008034001035940600704060913060210500500001204010070300483526109
006038750201970340030002910067210094340007600109004000900385007604029005503461089
107900064852003070000175283013040600074609312008000045040010020720390801901750036
280003005069008314300070802806395001100700040973014586497000100520807630600901020
002005381310890000706310902901030800200048705807069410008450039030006540524083060
318005927005072010002091005006907150579100002001053069903206074200504800104009206
209071800016290407700050290080000000605814072901507684504783120802049063100000040
007026800436098752200005400003047201100003970879502300701059634020730590390080000
250064019841050072306720040078105003000406791019302006080200060004018200103040958
400125970053090000170008542310509420092407350007030001600072105700841260921000080
300460105402007030065012480009020801240851003130070062620790054000105090594030708
090004108006908204843027090130572006002000513068410900381609052600081000004030861
095006200042089510030250049403568020001000460026043085580007302069835100007900806
620010800000286417418005600780421030006900271230600040890040700302079104070502309
040100257079530610061280000136000070005063102400751960954020701003009006600315089
580302070700050326023674085070145902051000800430208517100500790000003040307021650
763815402000960300059003106600001009030547000100089034306798500518400067297000043
130092750005031040902008160020016005603705401850003097014050276070004010069127300
987260400030500068006098702003600080428930176600082090802300617000826000365004820
008417059106008207704600100800501076069780000401006583210364895680100000900002760
042305008006020930903408075298004750030070100001853490069030001085942307020100540
000060040279041060480302951000900500904025107517403620740100098620098405008250070
072901405060400007904608102005000026180295074043086001600520700028300049410860250
038165920460090100200008053126870300900001040007039816074906000800513407601000239
070001568058763004091080070020905000907106402506020791702009085009302100015807029
207801409060230057054009001085006100316400098000518630103005080040680013608120905
040067003305240006060831050090004025003095010000380097624978501500026940018403062
020184000007309805834000912001407280789200034400038001048670120006810403170900600
007400806108605940904278015002009700001750083070010200240063108716004002085127600
018975360609002051530610749067541000040293670903786410000000130080007500300000280
204071085850040971700006024060320009173805006980064507308009760040700108020018090
002103095035000007601875430560924803028007064010050020070490351200000006159736040
030500047600041509025739168063072451007610092200495000350007000000056014716080020
107900064489005070000473819062040700015706243003000098070090020650230907201860035
006001007098052163150640008970060001281379645000010070040038712705120080810400030
806039200005060890013820405270305040084601007600400389438050710007018030100740608
030000708752300900006497520400610070091205430673940215000800100240109000519034082
320000080045018620100325907603907201001530070074100309806279514010000790059460000
000560401618034500905720806006043025200017340000000007500070684302485000487190253
738610005094250700025900034300006000010432059040081372500847203080300507400125800
520008036008603090306270510009047120002061940174002003903125000000700359785009061
600430020523078194010500080050893240840000319079210000067340001201907436030080900
006009400008013026000625800840200700000906502650730189360500070497100350285047691
923000050760200490058917063019756300647021900000089070000190802002564039090072010
070900300960830507403052901830070000020410638190028470000607053348005710057083040
932500081408093002000048059806021530070800096301605040783410905060350074004009010
063809170070031048901007030609003480307018256200064000730090004000380020826075319
582436100000001250170009083017050960209047005050018072005874030308100729760003040
549723086100046729720100053004850610200000340618402900000004890460905031800001060
047061029810490070009700054530200000904013582020980307480100000090807415051340098
300750064647030500020604807005007182170905040260401090804100006010042308032806401
493800005201000008805002107954100073100340500706080210640218350582400701300060402
907214068008070410410008009094000231081490607003125000000842090705001046849007023
029650178705180600100900500257800309600219005900007046573400021800020453010395000
985037000000068003631002890700609380863745002509203740008326501300001000176094000
072901405060400007904608102005000026180295074043086001600520700028300049410860250
080009017900501230142063050650002040208005760400396502721630495000007006069210070
406000501507321006012504070000072050005008697091600284809436702000015809103080405
650039004309871562010000080430085200200316845506000001005400607170620409064107300
002100000040562908650874302006401507004050630517030084971040026325087100060210000
026513004081070036004090710450020100070340609069701405205037908000150240847002050
509208040807345609006000025205610708100000402608472050084026931001004000960031580
090700601073069800861305790300451200109030408540290060038500006950026010612000084
407000900890270043200549086603108074002350608980002010710605420040920831309001000
781090342304801076269743850605900483000002600900356200830070069000000004400039028
902050700650009143384601295700400061195807000206903000860040500529108000070096320
601298050085043710302000068400006890020870036060059124034965200518002000206700300
840090150190628400070100086000269715529800300061004009910450630007010048430086090
960740200170000690020196704850420360200310400043008109019203006007500910082061073
100000250732540168900182000009463000823007540001800973000071400240690305318004097
605400003074050120082007564000100040000002305813005297700200036460008952209564871
000507001804209536159000020940062305012003008006084219001320007260805000305470682
402790100075080032800301750007008049084216375306007000000450816591003007608170090
020861304009000015184053007046009570250470109070520400407085020068004051010607048
207105063400000510503970200904030875730004601050800342805460020002000706396012408
306819542020070000800602317003000051085031020402900780000420009297050164008197230
018007050706003048200684017500172690360800000920300581039060700600051839075230100
021405609938602001500903800685009002002506040403000570360201780054000103807394200
000060000070013800801749053000406139369185072402007006000008305157034960638051040
050000482007032090024658713285040000470860025693025001069307050032014000500290100
008095014020701895150000627700000460560170000943680001417903080806400103230010709
006482005000310800580970302750800600600057400248100070900728034004691250020543980
100007200034168957065400300987653124002014070400000005023700500509001403001395780
800346010097152000300008562005400020030021685106003790008294130900015208260837000
400270360086013704930400005763000002040365879005120040004000201008641930319702400
060047900104690285890001004400739510630008407701002003900310700510086349048070060
200008564080467001641030008820005006050390782067820400092003145508204093006150000
890740150701020486060130000019083742207509600006004900903007021028300074100852009
130902004050003002049018357428500070003107290700026035000081049984360021012004500
019260084070013960605009003503800471007601000890047056002038047700504809184006500
300920058900004032182350600700030081805400270041278005068043017503700064090801003
100604900000728003307190642006870000072350490900241008508000009761982534090503070
830006790090347608064080050070001083543072900001960507009020075057108002408730069
306001008915827630804093210000380579007900302290005400439078056058006003000039800
005040126406570800810029005009015467501000000704296510608007004300950670150402903
406500010950400820008291064073900080805710346004036070540070038000058400189320057
560000200020630500703925684150090700200810409490307120371002046605470300000103075
840950610091600084700084300530091408108405039400008100054000820203509701010832040
046038570207059846805064930064010290000503760000026004050601307608070419301002000
416703050008000027002586430049000500201860790007935140890607210020041960104200300
530004270401703800070150604083600542600840010120095006895006007300080005040539168
584160329003200560900830000130008607090056013460071800008700031300084052249503700
006020000024718596090043728002080070147500903658007102710200804289056300400870000
168000370020683005005201809540329706070500901092060400050900000380056214206830097
045263890300008400601400703003694058420500070069002104800045012206807300014006507
631700950050860030040001720712495863009010275080200001305080017104650302000003540
400759008150030074000180200045961782019000003076000490934517800500006139601800047
890401602070680903402009087080305700006807510705900000050268374008053091027090860
280730090090500724470209005810927003507080962900600007050370640309800501704095200
170638000023009780900724035014307802002040071307200690500410967260070010041003500
060207093709010002102309067600005040020438009498060531916500780080946005005800906
204089030650000470030647059007160325068300900120095600786401092040002801002850003
000030062786201053503084010067902004390010605100340709241560370005078240070003090
000100738370069210812034000600098100050207009291600875580070920003902650709056001
607081050051206007098070102804750091210804070705903200006007035073008006502039708
708040001040501067503806402081057643059020070006308005100003200827465019005090780
230007006009080051860395407000010073174260508092750060628500009000400802410829035
401306000820040630600280541060150004540030100190408375070610920085790006016800703
095206038038407062200900700040025870501004090023079604306041000007002386902608047
071830004800016297590002300300407060957160403100003705630070042012684039080300100
020050070057049062180072405062081537741030000000207140278003610000708953590604000
510069040600800075084105069106300502205010680040652700050096820097001450062078003
600283047480710063903000002004170600700090051819630204000340805165020039048051700
004908153002400800819037200401003082098752061700080005063810500080300629905076010
080560100401382050600007032526000071008023065047651008165004203030290010090136004
080000090002598001450301802105070430863409725794230100938604010000100050516000380
060830000082504076945760801654903020270000593100000684437100065509000318000300049
015003700702089043400000209807052900031094805009068017074005601308016502056920004
670901800091020756005036900950043107218590000700600080030060098402379610069005370
400806102602095034910027506720304960000600070069000450094563027850740000207001640
006010050023500081501638079600104030195006008200780916360400095018902007009803024
907030086083020905501790400100680700348050690002019803090302017204075008030860049
835040902009000008142000507980354271001008690000069800504270086610890724208400050
008670090763980045004300708000500021305726400246100073079200014032810900080409207
460702130001008247807031000200870065694000083700643002140300500306094801002106074
071005000938764025254900736300197082100600473706000019000009804009016350860503000
820039500150067294090100006000916002710000408362048901608390025001605740905070600
065007094384090700170050286000308005003040100546920803000582409930004508458009027
040010280203978005057600901102596070570280300009000512065103098400009150390850006
401739200760000310030610907374156820020900004900070603002895006607301582803000001
000382005260000103835046907506830091008601340301070800900007614057418009410003500
206910748840725030000008510908100004004096300310054906407080160690470020080302097
054602300063010742070340050509100270320050004040293086400026039698530420007080100
300405908098630542204008730900060851070080200005912470806009105509201080702056000
030000259009003010005049036100080327307420060652937000008152403940006002523890670
670080940000406107914570003001960800897053026300800019562708300000039061039600208
004005189981600300253009600190002700600008031340167025076923004810400070402701090
021469075705012903009000600004086130080034500213005406070040019198023700400071250
000006905956300081180259006361092500008540010400100397010007820870405060602980053
060402301350081060210060709590103478040500900780609010401000095620950043900814020
050940603903100740047650080695021407000504100081006520309008050804760390010230074
970140506040063710026050090091500000005370908807029651310097060084030079700604803
253000400000690053080005010402803090007069348308471520005130080749086132000920670
214653007070190230903020105807006003640009801130740052400301008001070509026005014
481795320060400070003060049807020610090008003302546790500210060029680035140050902
700000128532860470108279503903607852604080007087510040006130204000000630020000785
005701000070843520004529617002000753497105802800670091730210940069000078540000200
230058010890102403600003028080290341916804002002010080073681090400000030029305867
206193400800065103130000709358040970020079030090038504912056300504307090000010256
007203910090870265261004000106030598805706000009018706003600401908047002640105309
000906000609783240537000689208010507400000910071020468064890720003160850700430096
701000043208413700500079610340501000827340591000007360109060430600084007402930086
543700020780230495000014003000090010052408709639072508005000960097650001068941350
004823000080791060020005301061080973090034006253060800908076120500210739102350008
003840620294500078005072400907610582801205060006007001009008356752364009008050007
460702130001008247807031000200870065694000083700643002140300500306094801002106074
002430156003060780160590304906000407274600005010074960085046090040023078020800643
308409007070832090209001068400005006865143209023008541000320910790000003104986002
840320197209760400070040200630184052005000700024590380390076040700050820058209603
008010000400530978572409603860300021023800400040621809307054006204060790001908302
061475903700090154904318000640000508580267010070050032406503720800700006010906045
030607050968510300010329600570162038821035790300098015050276000600900020002050067
542678000309125080871034025200813050007542018100700000725400391400001500013000004
007840100100900002540310769790600250436005010080001306072084601009123400814060503
360000080420805906090612530809047000604008713070056490102703859506920007900004100
060900013013082009490035068976028054300090020008506097004800075680407000750063481
070960082030802054682045937290504800841600300053281000408019000360400010000306240
080050010690812357305900008076509130930071084800004700520008600009026870708190023
090634021037001506006725008009310004053082619401060000010073802370040190900050473
007360400310200600062809513059080004043926800006040932000432100821000305930510270
150004860000671095940500010500923084600415237003080000704360520892057346000000170
040700085008590124902040603705600009009070050001905867280310596300857040510009730
479500006086204791000067004600070508745809003020605047200050010058396402907040680
000090030902174080017530420603210008000050293000348760001905870729481356560700000
007092380931086200208350000009210463100043090403700000012670000605004721794021038
984020005030000819607900304093058061805090400270406598029040006056002900008760253
218500003009206108005310402002097034304160200087020906003604700706900805840052360
078400913100302500043910006350079000080253107019000325400701800930806451820004060
208305476005006300306701090504067009701004080020109754030650017860010205109402800
608102705120005803500098006350610902006204007280003401000300008035021009861570324
108062904520078163460090072000510230936247008201800607084601005000004001705080006
085609400004085069062003508057926003600001904091300607309060075206098341008107000
930047608000180095861030200092014586010000400046928030000062700120400863653801900
728004630030700980006813700200008310073062845104509000612390078009047023300080500
021394060694701000007006049285179406019040250060050091100430000940810673070062000
098050120230809070007046309000020960529607800074108032802900053003002608705384001
183504760045200001690310050004073500037100086850609200529080643078030000006420908
190037408500816932068000000001000500450760120023195074005670049930001207240980010
001062050602080071890105062000003800346028190920540036260900580083257009010800240
105840036940370501000195074080010000007003102210057389706031058400768090839500000
000070039498300000076198542005740621601020000207061950800907060053410008109005374
400035009380740615709008304010006870908070000637000002190480567275001048800507230
054071002732098060001200080306814209009300610125769800200000098048906070900087420
780501000104900368030408075500790803079020650420850001047009506008340007210087430
500800300213045809090032507104960003060520714370080006400370005006200108785609032
005940086260007050034602170910074608640008500700120043580730462000060030326405001
503806029800053406706900800987230641000601090062700030608007014000469700274300065
300068019802014603401900002200090006635072908070603105009781360746059080003000097
096780201278164950001009870005020719932507080000690002104002005020350068850040100
509030042018045379400207000850003701002079560097068003031700050005916830084300017
009600000435089102026504700007968000260010093900302078040890237502070846080240910
489020000030809264700540108300160520001030086624085300003402670506010002290306801
864001000000470865503890042435908600007000009010637458040009501702165000058300976
030190726027063100906007500204005000300749251750020960000900080083402670549870310
038400092409670138072030045580193074000708910090240800905307480810520069000000500
859610024207980630000200009026097805001008070570130402904701200710002943080309100
080401260026035740403600005004157600600000074597046021040009850760018002850304910
200000890039200105804006002490073021308051000167900500670520419082019070940367008
249000500830200040716409320981003000503190680074082000307800060460935071092040830
341050026060047305070360800080420003020600078659708012530014280000003009892076130
200710530410050080035408102321080705000570300750102098062047809900060210508920060
740001802130470590060250100007300609628097014090012050980005273070809000350706081
900608520601042807002090160040006008800034700306071400703400605009085270258067349
514080937983507162620019800748061003100204608062000019000003204090008350200490000
009010580016298307048006001620047150005103624401005000007032465360079010850001900
030920746060731000278000013500103268703802000082090107401350009007600520806210304
107008600206714590040500108403680709025409001600070304000003900971062035034057206
054870213008014000170600408092006104860143590003020006081267340046050020020400860
341050026060047305070360800080420003020600078659708012530014280000003009892076130
063020800054170930980064200048009612592706003010402095605801009030007164420000500
500012300201054800098060215024583790019400500070100460080795634046200050053600008
061008407430072109007401030879046020010205904040100380720600003100020005305714692
907250048061873590020014700003090006608705420504682007709160004346020000002009075
089007042610405870007082500703050000008743965904060230096010028071006304005378600
406730008082104035050006047078000309013970084200358700800027106900010400124069803
300827064006539027502600030703900810859100472014700300037290000200450003945306000
173040560809073041000960300206050480041032090300094107900006754030480002452710800
608503294004608000903007605000020010891370402540086730069000120400931006105702043
087926040030040860206050170710400253300087000920035680091673528000010036653002000
089620007010800640562704819174008050035000084896040000027910460600200190901406020
020005800801002040540781236914056703000009061056023008005200684490360102260014000
708200036304081072001073050405706800820014790010030504073068019009027300082300640
680134092207069043030000005160900030070301900093086251820613070700025069306000108
701056030205973000630004578100040005004008060800710493527091084310400059400082307
080010264561490038400708000200000807800259600196807305302170906010526470604000010
040187259210005004905002800183000490007401080020798063061200900739814620000600340
842007310100300045005000802051000204426850090030942061094605038000284000007193426
584160329003200560900830000130008607090056013460071800008700031300084052249503700
602043108150000300400915270704500800810632490020008061086120930370850012001300700
096300501050090230031257090000570964065009010914028700502013640049805300003002105
257380060068400500941005000004713006600890703002540010406107900000234680023968075
000960001090380705603175400807600042340520608006000913730050890002800350985407120
075123904003048000014090030006000050007809000309002607542710398930280765008905241
708006095652981704013004628000309070400012009029007051175020943090000560036400800
061048950005201700740500601604903810008400273520107000159604008007300560030805107
205000091700520080064109000059281647407090120000430059070952310910048265500006070
920000050350196040014257639000471386001500400703800190560710920170008063030600010
360270940790604010002090630980013062617802403000009001429301006100046300500900184
002180704080900315490700200100807950908030040756020801805600123009270008060318570
067095420194286030050410698489560207002000004001842069000700000705004903340908070
890043000371600594605907823100004000700008042400390167004806009060051070287430601
043900817009176500570030002058210000000400028962083451010090005200607180386021709
000507004487902560035100970000875690750006400962010807040050020801029300509041786
920005016507196034006080900409028060805060721002510400071200640200641370650030002
005008920410020036900007040092006150051283460340091070584000612209610085063000094
704510860000028104001704002005846000463975018900030005800102006192400583040389001
009584002000026000542190768015009600908605020260308051006037200190052300703061095
500670190906280507037500020324000015801452709000830060148005206200740081070120300
000510090584692037210000608007041026045000001102785309021806905053007060600904210
020060508040012639063507000056704900704031856200659340000076200900045000670320495
028596043570040980060080100897265400010000078006708095040803007302970064081004320
500001260680320907029046005700894036905007400840003019057018094490530600003009802
265000807300405200004672510002546001640030750089020064100050020026807430403209078
006814790400950000910000804601503478320007510074089263102600047700305000043001056
050203040390706580807590006002830001089600420036000000415078209963421708208060010
003470090907285340000030271000590108086340509290000030450069783001720004309004612
046075120750210048201430670000300207007560080100704300010620030069843712300159000
801900500400205370507408106050380600700500213163704900040159730072000800310870409
070400008301297050490006721500063100013542900209000543000704200026300409734609810
607001400028670539900308070016439807300200605082005090251800703070510068060042050
004623750769105020000704000145370980380009200007806015050030608428961530000400190
000740009071365042406028037000607300000082670567493010740816000600004781813000450
306750104070630059051002673730265001012890060080004090103020740040000502008473910
370500019005983604904001080803140090009037801016800302600205408532400060001370025
007024300524080170000007248600892400203040067140006580430908020700063891960215000
500096080800712409090853000200160345450007098300540107005000074973080501140605902
403095062500010093291003805000000786638100024002600000056204309019536048320900650
004872065061935007020000809390050018180090204000108900508243090600500382273609500
070438000208905047460000589500706030839002706006301820090600408652870190300059600
809204006620070849007096001004050080305709610062048093001080005948365072006010430
470530000800127060501408009608902537007603001050001026000216004042875093760004208
704035068831246097000078034150780602200694000600000700010027050400069871078401006
007300506069410008480076093853020460000830052042051007006508704528700000700102835
004007305050400700300006429069018053080235904035004178046079532008300601520601000
020600158010408200958102400007006030209580607063740902890300701001209805470810060
001930200060704590972001043895602430000000865047385000514000080080140302200568704
803706124001040390094032000900000500308257009205908731062081903000603010137500806
006072310024003006038910205093008650807025104400000000301260580040809730509731062
150980006006012037023060801805200703302870049010059002008000190549127360001490005
970038004060705310308400702240000073800514900190027085080076200013850600620040857
062403817010006003038710002040960270087030500106074089800201700050007904274650130
953600470000734900072005103004000219690420080801379005510200004300048521049107800
060009320820037506900000800006903280402871009189502743014358900290006400370004008
831042096276091004040876310082039460000007130000654270957003020310000000628700900
410020750003076400580091206870015004091600825600209003009708500104900680058160092
004807015170600800092140036009062083408309620306008500003750004540006198201904007
463700209702480653805030471304008096681000502920504030200195367000000014006000005
005168097980702600106000250007405132502071000810020970061034009208006703050017480
709050630684390000003014970908476200170503089000901060090705300301842007540130020
650394782037800050849057000192683500700040069064070020476008030000035100503020408
568920004070405891009070002100006205705100000920587413803659107200000640097014300
407000900890270043200549086603108074002350608980002010710605420040920831309001000
003095004012600035540720106006340057350079018027006300230400001400930560608012470
001904703580673209739502408000490502000000106005026384357000000246050907090040625
000014070000976304904005060547002018180750643609048050020000736390407100706083095
605400003074030690031006452000200060000004105486007239700300026560009348308562917
060070038825091007700406905204003009106927384900005200340050871000708602678210000
003900210607304000409852000002791085754200090001460700908620501205109300046503920
000037045000000908320850001035001609096003057748500302807012004912640873453700100
700205809901078200280001370068920450540800600100056083813504900070002534005730008
500072060970308051021090048450007813002405600067930005010020070284759036090600502
600007290070053401001900376008416053034090160516708940020800604000301520065040017
305087401800491005000050700089700530003048076007365009100500082096034050758129640
090003080386720095050690043140060058068049321020031000604970000805010639002306570
500072060200649700906150004037961025109028007052730096620080900000306510095017040
560083901037609045010040060940300170080521496021900000096052700078406250050090630
286501074070020500500306908095280007037400209020709103000100092803950701912640800
486051230002070004005840109000568090904000700368094512009130028003085970817600040
067201003300050601180340709905480216200105007710900080001809534400020000873014902
602050000703900800908001070071000306090008427230576089369280010407160002025794630
005001896619258407070009000021890045950402018400010900580104370700063080034080502
270000315300402876860301920950000108180936002023180600539040060000003209012000483
089006074345172000000040532690703010710024960002009307000007000476201853031085706
062405000540870123300001406093002701000610030216047590030950002650020087028064015
710060302560302019030401060490026170001040030027105604900207080102090040370680921
006031504107208069934070010802513000379402108040090206415700083628050000003004020
310800049206504081005709030538020690060390850020608010643975120001240903070000060
500040018007680004148507062691053487802409130000100000005700843470815000206004570
900308006028000351036452009250006018800105600610039502500280004360904085704001203
703684015501973800900150007090700000835421679007860003306008402050300000180290530
840320197209760400070040200630184052005000700024590380390076040700050820058209603
760304009805920004003050728074600215001070000280513407638045901000039002409060503
187605003260400700000027856800956300306700095950040078690070530013504080008209160
071583600603049002405060380524000931010400070007310045150034700006028450800600123
008026910709001320201908500010200063050607080673804209090002035105403670026780004
057840003823015004004632587100500048000360051530400062006104205245970800701000030
748056931030080000009103540854032169000501000190600370007405213025007094410320000
006489520420000970015307004000968700657030098890001340009102007061093485704800009
006030401700001006045206300900078132321500060670002049080054090463027015019803204
010500204400203010298601703561080000000306580803025961020864300084900125730100006
510482300080000409402693000127006000906807000845319062360904000250030604704200153
400915800310867205086200001890570304100029050054030927940780063065090102008600000
307000500409103800006459000070520638032008957865000020093010005520700093748390216
704095326352068091090300057479013080010000940203480000021870534030250109005000200
900800014000102780068070002719035640006000073304060059650001807240583061801620405
093200180002960300051703620000410096816097402240006010100370900070609041964020503
746000000052087964910000070863090010501008006290600730009301607600800149127469053
200503198051470020368010000790025306020349510003086209000207801009034002672050030
538000740691007000700653090904570000005380070080060001859036200120795483470128500
190500406047896001300020905400602000208910654065400120759240800810069502000005709
180092400093580710502617309010403000204900163300260005005000670401730008009045231
006007018040108960190200405071965000035012806900003150200674080604029700700380624
090640357050900602007000089080090736740865921016000508004309105870054060135070800
500092017716403200020001304001820409207904036095006100109058603304109720060300050
980000060020904510513700000100490753000387196009516084896070030700849001040653009
000310428008009010321748000900850002813692500206407000705100206104260980082073005
042305080500702314703800050270138000034500728009400130020003806380074501057680200
106320008007169420390000510000500002620903874438206900719408065000091380803002100
504000276090357000810026903020080530003004608781563400070600309305092180240038005
030001058002380049867594321000040002000832096298165400640008030000410800000627914
095670041432500876000083000904006000758240630000098425500004210240930008083120950
861943200900000010050108934087039600103072548006005300028791465070300080605004090
047950001098001704516000203900035040705040128062178030009504000053026400120803570
002365001630040850054010036400070080067904310905102074009708063176490520008001007
807430009013080040020190387068904701140060890090018050080609030430021075209500610
031080049590040608080956003804539160100200090069010730025070086008005001910328407
207084300038650071500030206790508020100960040403070659000010904819420037604097010
200006700073002000500738269100390070030060910086107345004283500809540630315009408
356009072127000400084600501708094000400706089269000307091063704602080903500941600
700009304340706002850403069938604200600090038020037190090008501504261980103040600
090005830305041609074390500802050060930407250007012903003000148428136705050074000
093240706540070032006580400062800070730104605080630204000000501614059308308412900
000279805005038040007054063430502078070301000050040000010406507542093186796810032
003001090619003085070984031406028070130097064500030209008315946961700300050060020
108659030400000850502084097900208043246003908007901006850096072093700400700830109
312600804090241030070008092906310005025080016030760920250496700100003069809100540
501306024620001500400805607907280050806107009030009178102034085080560740705008300
085609400004085069062003508057926003600001904091300607309060075206098341008107000
021470800400168207076000054203800706000710300749032501194027630000086410082040005
130204005400000138076318004253109480960807002000500906042970000010030809095082741
520006087017238506008007001046821003805060102001090708050082070072009800609104325
082001900064032718700850060900200087826105009007380026005600072098407630670028090
400003819030070004512498070140260950006030280203980600704050000680710432001840065
500096080400357106070821000200160857690004031700280609003000068145030902860902305
412080069000407203937061050508002301109040508304000020001705692200819000793604100
408726305020005004510030820040860293203500040100000607601402580004300062970608431
026000108850023070003198026008350600190760380307010902600930005709540263530200001
100009002326801749007062003269587030070104908040000207405200070700695024032700095
008060040001007865654238070837109400540002090000084357203700010710800630005913082
000507004487902560035100970000875690750006400962010807040050020801029300509041786
007560903003407080485020067209005070048036200006092458601350020094071005050600791
809601200000073085507809360206734500000016020013580400064090000902468107308125040
219607348030810600007400200320049801901308070008005063845000130090534080700980024
605390017000200068478601200090006805510832700860940000080007054041560980256480003
600002058853097204240150703007564009105009000090701030500206890080900520912075340
040030061539000007601000500320091674890603025106520980008352790000719400000468310
040726180100090460700104532830907004062000708457002391209000005513200040680500073
580402106004586073300097058001365027973200564265000801400070300010023000730900600
895060030067100905210009600008027300520903764730010850900430106406270590000890207
146905300009734086700000054034020760820070490005493010390057600060001009410360527
910203700000140600463070129600500004104796300305002961040007096720004530509628400
003000016162487300400001200950006803320940070876000090030000701500173962617204538
108062904520078163460090072000510230936247008201800607084601005000004001705080006
600050010570091306094607008027040109360078204905106000408719630010000705730005491
700500902904027560025409700306072890100805306408003100049030007007600251201758400
076140529930500000410269800083910004657000000040702308008304016004021005021095487
000000010370140862261879040010230706920080153607901000846703020090506078050090031
679103450812007900300000100023001085060305070408670009100050792590230800286019540
194203005006400173080150900600391750371508640050000001467900082000862017018004090
002306740704005908305907020021800003670054891500630002156793204009010007200008510
640250097072134860500000400090680500854720306030040780080300901720015640360407008
500001284708205010204803600030026501050400802142308006320080057906530008005072069
204065000350180400700023060072604081640070000193850647837590000960240530420000096
390572801004039607085000300607050209823004760000726400970045038560200970400107500
090010037081357926503060000300904670064700058702680009149072803800106700020003410
400763908093000047058094200900300005032040801106257094014079582800010060065038010
000000897597060024482010003106008079279601538035790016000070000900080745004059381
230008070009623504506040301600470158001080200728910600302001705017504802005207009
370150490041090805008034001035940600704060913060210500500001204010070300483526109
609400080802765004070009625083004760001098002506370840007100050018950076065087410
021540900705801264900003010500002006608035420402908150380004075200089041046350090
050000780014937005902065430620090807100784050708006910280450000007008324061072590
030270004400000000010406283308124795125093000947080000670002851000307409204510376
040017809067320040509080320658004913072103408000890000085040632324650790000730000
700041390013027400509006107670400509302010700050679830067050080930708201100203075
901763058600028090702400300060007580007684130890001002408910600306800045250006871
415360700703081095098007630004923850536470209080006047821000900050090102600710000
128300947600040200004712050710004060306200090509106872070029006203670580401580700
307012580806039701201000400570081090082900307019070208928705003035196000064300900
090001830301580009806320045000003270937265408064008050405806790603970002700050064
950200300100003209083000007730140682501702403800900715008001506600509834375460900
380200040670300080020498673700063259006547008135000004400029530810630090053700026
380090576600327804410600000200079160009031050173500208006903740900060305738410020
402089070790205003083760940608010359007832461340500728800100206205008094000000500
690312500352706000018059236060004050830001900040600801089073610106940380520068000
901763058600028090702400300060007580007684130890001002408910600306800045250006871
039042580008910062021600004246591007080400615005080200590834070310060058060100903
020300405764000020503047106982130540100004008047890231359408702008000310010903004
090260000560041982207900604056409320020800405041032006000098053932154800680000049
900200045354086002021000003010048326039051780468070050703400008605109407102807060
609020371231097500857300200006900703000200684308400912182000069700062830503800020
890200540347060082000184070073450020504706390100020450058371069000040005632090014
005040126406570800810029005009015467501000000704296510608007004300950670150402903
010538670580760400670000025060054302901003004054820960247000190105290708000417003
005600000800709006000031098109005630450003820263178009076304082502807963308006470
004500609295638710100900005050140020903065148601090300062057001089016073500300460
064001007520908410100047506840206390290030070050089160030790650975604038600800040
030200180604009030201374590173906005500018309800007601305700960406800250008652003
700001900090067251231059700902145086586000400000670520308700005607890002009506874
050843200200701854400520931500369000003415720014087000048050613390070582005000007
739080014008610030060470809023090040080027160071304082800740306397006420006908500
600090000085062940907450316506204001030916254014000090402670109370800065009540030
587902100940170520123006700730090060000020097092037451019004280205008900874209000
706508031091702406020004090100903600350000809062815340630200104209480003400306980
670418009904520000520007403000680002200701300048209075050372010730094856010806037
590463801423000060000502309280690413001200500609104008954020087000819000016040932
100700206400086013693402700500604800060170309271008560002051608018060050950840102
426100790003200040010943026849006530000509068260804001602001300000382650738090210
007539021024600309093040080300276094049001008071004605012065043000028510785400002
360027850000050060985304102876005409200086007010209630008693700453700296007002001
019080270836040510000195600087069103064510007090020806450900360620054700900230480
385700024074900060906400030063079280050860740728340500602158009801607002037000008
800000009060198300950402108390860510086531497170004806012003050049000083030040271
300840910068005407104706500027684390010520804480000005650070180800063709709108002
021000436894060701076010928000024800480371205257900304630040009048650003710800000
730200408080509271000084635001970543040053010309421867203005000504007320008000106
308000945009305020024891070782460031030708004050002807103500700007913602290007403
100000750467305908030978006000080205601203470925047300010060500076502804250830690
709042130601005970400901006980006017210053680070108040800500493193064002007230060
940500708080020430027843010309604502000902001256030094501200043068301057700460100
007805406850010700064027805690104200400209071102080904908051047700398050506000180
201830750034009008508702301150020037802015940640978000000097000300061400905083672
839000500001703908050489301020800015083510000510960837096048703305070100070305240
008417059106008207704600100800501076069780000401006583210364895680100000900002760
050010340381605009004093510407109203020008070830027901708534002500000030603071854
802790001047050092050320740180479500500008067703500180409210870378605019000900400
320061587906200003801453600530074200017890306602000708040510902100029034200300005
100409500900001870670820031340502068015637000200000753009750012561240300023006405
054900200006012000030040601000600142407520968060090730709104520625080014301250897
000430900685219000930570216519004003000790041008160029490080102023901070050042098
503071890007048053804300007308526941209007500010400008700913082902700010430050609
005003001610975840890060305008327059250004600309050027980700014520018003030540280
096780201851492360002003850005070194674901030000850002508007003030610025120030400
003108020109470300604200917840312009900000140705840260001035870368724500200000036
570200016206708040000106572100000065308005021657400038064823000705060284800504690
000560401618034500905720806006043025200017340000000007500070684302485000487190253
007506090058107002012300765526743010000060057083010620041070580205030900800451203
700480290504320018028007400086095104002008300407013809043501902609800503200930080
001360045370150290520007030030009516015406000092031407000095802768010900250048170
800000050107500489000002060560279843079038025080000070050020790004985236092347518
087500014024107600500004027210603089046059100090010062138095006052301008670002301
040701008720508013508030062400390821391840000002010304280100500070453200905006147
004300790073800060860947520380520900450730206010009830008100350237605401040083009
041500289030206070209801006810420007004070812702160040027300060003610708906052034
160400007090700008725980140680039014079000052000067839200108070037605200810372405
700001900090067251231059700902145086586000400000670520308700005607890002009506874
070000020180706504042908617027013065630850070851002490098004700765080009400090206
070200039000934086396008401010060070450302610630081950063100800001059062509023107
003060010486132070010400326040023067350870104907500002091647250200000601604201009
089025416001060050365001200930204560200170000018000704040637190573800002100540378
459600180007004009003952740305001090004307800902048631246785010730000004000406278
000000005530801604108904702681095040005000980397420001859043120000209300213586400
509140006000253409002690500694071205853900061070860300907002158005700642020000970
070805300580610724120034060000160932000490010001500480347080059900350608800941073
906000850740560000105894070604005100007001438200407569060010005870356002059240716
861900453005043086430685100978504060002069347046010500203470609090056000000000730
700560100810020359050130006040600900207014503569302701175890432430050000002700810
600002058853097204240150703007564009105009000090701030500206890080900520912075340
130980200500107980068500104070640300021030547054012090400076015286450709700090400
000591020975000001018604359040280090003407208582100470800905702057360080029008065
218300509374509800905418207000285190000031082020004350000003470046050000593147020
005000098063098012890351004008040607600802940431076005010209470200700109379510020
345090601902005038000314020007006003060073504453180096508439160109007000600001359
306001008915827630804093210000380579007900302290005400439078056058006003000039800
010482976009003008872005010003201000026000183190638507937100005040350090050097432
120800569008000001600501800065019408910403206043005007451300972302170680006952000
405100908109840735600790000010007306204068007036210850007001683892673540001004000
023946501006001840045278600687400010200000309530082400060850104371600050058019020
340901070096805200200004983839257016100040002005100730570693028012000360600402007
690200080000807300283140975709360051030025040025400093308519020002004039960002508
005034279900067004042090060120040090007008342304002500279480030401350907536709010
071938425030702090052000070497010500005820943008094007006140059003089006219070034
042130007030720140078005063090007050725360081080250076250010038014073529060082000
020910785915730064070040000059081300000407051641020890580209403104073020300100908
791245003040006002600700495302150704907408530050003800470500318036014250010037000
492316050000020610810070029584060003020703586007950100950182067201600090070400031
500708316263010807180903025030000260002680109001032708304050901000007082008291603
003271456000503089562908100700619528109002760050037000908025041005106800600700005
702530004009400003403026179500700910936102740100950600071040000805091427090075301
300400206540823971872009530920510400004030852758240309000300020009051600005002703
007405001205070834049800752582746300391200000476009008900030000004582960003194007
001008060038509420709320085906730208054001030007205014402903070090060300103042596
390572801004039607085000300607050209823004760000726400970045038560200970400107500
518960324000480700307005080026010000100670592085034160673800001050301870090750043
600090018950708200018036094709403080501900047083107000876021400092845006145070000
043900817009176500570030002058210000000400028962083451010090005200607180386021709
761025840400718203032940700006009508580060000200507030900003002628050390040892615
400079301870601240201008005500910620040520010132040057316704002058092436000060100
093571206510230000006000531130000805409013060008795310360480120941302087000060050
530047026007900340420350100093704602068001704040032010672419583001000090004803001
000394570074000109239570008700135000802000013301280756085700320403950007600803095
803019650600720300410500082570943106900050008064007590700305401196204800005001079
087500014014809700200001053820107049043095100070040025752083001038902006160004208
706103052038564719001000000089400070007810360160075908072041586690300027010620000
430068579076930000008010230350001002107020304800753690710090000623580917000076420
002970813047830695080105007670090240004301700820706059000009502205007030418200076
917000000300025600050107930001608300480050100530741029800512003123879050095406018
806210930530090001791083045984037520070942010003500700000306850069800470050079003
412006058067350090903080007020700613736100900109000275308510006005247031200063009
013602009008073500000090430009506240560721398280904165956300020000000971001249600
001053028068002103030681947059007280180026039027948060703200090090870000012000075
003076295057230060082050030578093000090600173060702509009020010815064027006308904
100300502400208963632900807740500128061080095590002670056040280004891056007020000
002079004700050009195046387609007840007003902021590730016900078003080020070614593
203000095405173200008250014020005960906780032380602500560907003040036159830010007
002050000700010382913827045007942500024708130089000720390170050001090873205083400
000169540167040209500027030790000000025930710830750904208001090070380105613490802
681300740200061080005807620300009076450736910790008050047095100000084590529100804
760304009805920004003050728074600215001070000280513407638045901000039002409060503
105480030893700004000390185580900013920073050070810609700109840409008570610540002
310006908500013740920048030200367815781050600030001070806109420400080001170604580
040500037962130040005082091280053070007001980306870052003206514610340700504700060
863970005249050730005034962000005200307129654500046809000400021902063400034000096
072600004590720360006930720020009007830240009905017243740502806210060005009108402
082079615075401900100500400040036008920005063306820140060200300093714506207050094
000459763370008000495300180607815009030790521510000800048001035700034290960082010
008200095020065431543901000900000503800093200237456908300600127601502300490307006
003204950065790843790000601589010036021600409007800512008900004906140275002050100
084350709006090050507608013942070500630920070000403926051864092020500040460007105
020685049048927050790000208050409071907050030004070090206503410003042086409168300
620005300900100802014382906400000600736420090005768143869250730007610285050800000
925700036814609020703125000200000740059803012000462058007310089002080301138097000
020010970840902360719683400070805614062030000158067000090048006004396107607001009
608140030007230408203008109405060812106590700030014500509700004300480925024053001
280156009130000685056080000671000020800760090305248060710824900000039410904517230
800063217030080400462150008087040020050972604604008079570804301006010002210390045
370080504600174083024005007100050902503210708402067050005900070900040105718526039
105809460083604009600300087400902600006700328728530100360008741502400036800163000
690040100010620049423080070000270368300095020074000591062750413009016007147032900
057802900800407625042060008090028004008004061463701280720009100006073450530046097
390402001000009038417503920060120849081900302940370000805204163109007500030051007
503000092002005863409206751000000007046583120310792645900068200600050900807029506
080401260026035740403600005004157600600000074597046021040009850760018002850304910
975004000004500789306029100000608092002001500497203610740005201009102840621487900
500764020020030970714002306630000090078596043040021087200840700380057460057010802
003260005510009040904510736091000402047650389050942000000400020482103067105706804
092078000085046913360900827070410009540000201009502004900020748020034090451007632
109600300040009100056300279538094021061000090294000850983210064015968700000403018
130607029006023008092004037260040903301092400400036802608005700010478205045009380
003906052019052600260030004670300508901700026832005000597000061006500239028690475
301004007904573108208600050420000090003769040600432781810207036002016000036040215
950076834600403900408005020109024370700631209083000100804060593596048010000709060
400930007702460938390800006060003504015040803034518009503100762620754380100006000
564098730200170064001006800000010678800650003710809045029083506187504000650920080
204051000130009500050632410000090624849216070602043098320060800961005000485020960
620900800090065420507820109860102054209048670040600080400290508052700340301406090
200080030340007020780302006517298060039700012408130009950803047003604051000579280
130405002420038176890020050000010043314070689208009017900200760680001025570080901
061000304873024000495803062680009100000208456007401030932087000706052910150000273
039000020050000798800102005087400510013680279096201480740013860068507300001806057
017903600920140387030050400000608090679304801180070046260805904090061002054007108
080907320096340800732000409900400075267508004300176002159204703023019000000030291
180700004090306875307420009263105907800970000900003158639047021000092003708030096
000469032208053060000218407600500903420000518000301726930100600000894375870605290
180000600730060408405008009600893275000152000050470901521730800340001527807025140
005902470403005002210034605701560240620803500500001730002008067387020150050397020
060280005125906780080070620074012569690540070050090040036824917740050000900003402
401009762900001003380576001014605300806000190090318620000900200620157439549060007
004702810060030020700580600690010002007048350008025090203894165986103274041000930
870301060900700001401902783300610204140009800086407910519076002720050698000290050
160420890000109003943070201754001006600902730200560018392710560000034180480090002
000607591570021486009050207900000710034019000701005340107096020000572064426180905
475109283012803600080000000001026008000980104004307025000031850006548379350792406
762500100100302094034001520280060903347915206690820040013000402070206005000154300
090030604026059387710048000075060940930020800060971502349000028000382409680704100
391400720008090630007513090010639007600000014729140063100320540583960072040700080
130086000076240801040715906507460018081530204000821005769002003850000009400098560
029074150500090674406510000004360001350900400690450238048036900065709380002100740
060094010570301820130020467023486105001007080098100030200073901017240350306009200
061407003203610047700200065507306098000000306638925700942538001006094002300000489
700062908648030502001508670410600290562900381830201007920005030174006000380000120
070045090090070250548210063089021035010590028650003070830002900407930010020104387
490065170012007890080109060030400007270001530806973201060004008900506720325790406
080006371076803050405012006061020037500678100207100098020304705310057060750060403
500008037432670500007150049020507904745001300800260051058300402200045063064702005
004000020010000836685123700058000000192700340060948002537094281000582673806007450
630400070405006080080520436156090327340061009200705000014970063020048701709050240
814960372065300140090401086001009803500010900926840705650097031009008600130650000
207065040400070630061802597000010826803020900000587403630051789000400061180096304
410600800200370106570048230198004307000280914320709000905406701002801600801007402
510396807000004000300578006400107002860900130921603000180762340000459080249830705
024007916608014705700309000406100002030605140015402067500700008200853401187006023
801004605403650709005087040000065400614093057058040901040020810080006300136478092
004900006029006840863700002000000284906508731380007059007295008201863470600170920
609304500500100670017062380861703405002400708050098003070946830006030207348200006
520100067700803059069520001950380012002015094470090080045900078208671003007400906
016003000000612483002400000798006510100095000035047698027051946903004020041928057
702500143138246000045007860350002604006800705480675309600920078023700001809000200
039070510021003007056009023018700040695080102000065389000037051587940030160520790
092001038400089025507023090006302079305000840920578010150004980008015063260807400
100000035009516082645032700003128560007049100218000304031900206900070840024651003
030024075015306042204700003497030200050082400020640539570008301049073000360209704
005600000100309007000071098901004830250003640346928005019205086807106453503007920
005936147304215960060070002903640715200350800516890400000060039090703580032000001
500027008482003070001840629945730086800051940060009300200574063308010004074008210
000925401610783000209001807862304070905078203003592000507100086306207000090806720
876094153000070090209130007107480020020001034034520980003002460065009210402856009
470530000800127060501408009608902537007603001050001026000216004042875093760004208
903080706004760109068091005040070300692310508080506910079800001830600047020147890
908010000021900068604037091809300516205601040710048003560189400090060085107005609
007003650003078900451062708710639400509007010800001397295080160004005070100396520
003079500248301967090040010130586004950030086007004302006017039379400021080023005
080000004096507200407298365048372100163080527000010400902061803000800002851703609
030609284600030570829704000096007803048060790200985001360208040457103608000006017
407806020090020600206037458904270500750610204002500803520060040009142005340080962
005400300039820701001593842900245100350708209010369080140007900590002600200084013
700900005651230479009067200068020094040810032012450600000085700104600058835104906
009150600360209815450800090206390008930002701080014023603720089508031040002400507
180902604200300090590086031040670920029008007805290016000503760730010402952460100
408957000000046900007010006540268710890103650010090830605081093074509160009604270
960001004870306920005082706130060280004017600620093501210058009058700162700104008
980100400600254790407309050008900610100000934009001070810592060006813549590647001
030070400910005270067239180720004050009723604103080907300150746001090800874360500
300910420415036807790458103963820704100000200820600310530000008600149530040000601
501000780004106305069375040120040670750692013006003008390860200600409830085200901
219050306500130200873462500098300054004006972600594030030981760001670003060003009
003021409050000200004763008500390001390684725600152394000470032417030050230010840
008104600271060503640370801004900000090046005506738009100000954059481200062507138
385200090000304008204018365821540630050760180700800050408100006600085713507620009
700029301430051009081003705200086013800070650695032008078605094020390100160008037
100063950593800200004051078709000600030610520650492830972030060800706003006540782
071250306509860000800010759200406035340070902056930400080105020905003800014028593
107609402495832000630004080000390040803520791209008000028000004561040800974283150
607300201095410306300620070080500060053096800104730592001050608539060100800174930
609805200000276001210439000004027006763040890000300704400690508031780469980150320
900540308036008705025093010593060070000430061041027083069302047702604009080070650
007008009020056401615970038401792850502001000900005142094580006050023010206040785
859610024207980630000200009026097805001008070570130402904701200710002943080309100
302900841000200760097804300605413900934020608071009030023700100006008293009340576
050193784000000000041508362310204576020007090605319000100002635507000429462900017
031509604075020000400306257097102540004000901102943700048600312903258076020030000
864035192010000748972004600087060300000350000590027401709600000401902586008513074
032068000796023108458071000001050082005300679600289004589100720007835900014702000
009000164063148529001050387090000875608000032537002016102689053980030200000014600
300805100640012079718090002070500613093786200006030907900100038587260490030950006
904003210800020000321400905100054706000098130702001004418607009539802601276905040
609070080180092304300850960500083409908420735740500000250900607090200050430165098
080400300327901540005730980091500000508097034003802195030608400854019063002004059
750001639960305010020409005800000000206703891503698027035080140002534900409200350
820403900006708534000960872008200090000080023230514000002800340985342710374006058
080594170004000200756102340621907804030408900008300057360000708410873002070605403
050789063070305490190026070700641839000800715018507004407200980501070006000160350
000009402062100000945823761006080007073465210520300608290506870000794003734000096
420780695008034072057060000204000500035907210090825407042390060380002950700406820
906004208841079003023500409078001090402900107500720364090032006030107005007645930
900320180051800062268015734892000007040007001010609003720100540109540070435068009
070190408806300100045082306060023504580000263430615089004560070009200805708030640
470500000100037429609840075010063080003970602967200540504700390000359064396100008
302801570851007032070023481000254009010906840090100027400780060035462008080010250
000521038010360520025470169600000045984100206030706000843010050250604010167030980
000562047047900010629001830013254760400007300706800204008149026190700080064005109
000076082071500609000213450709062000100395070025701090964158703800029000512600048
000004900361009050492560080037400008650008079918675000583106297109003640000952003
008009052750124803390080070507902304024050700010470029070061000005290086261800937
401002038803647090006010407685321000040058003009760815390000520502089070704005901
456270010000060400208140765009307004034820106087050320703000248910684000005730690
715000630002516008090307014500900400060053089981460370850009040320100907040275803
697120458000690001000047020000910204020304000014502860860259147071006390509730600
640300712520678030937002060063040080189063074450107390300000000800930627090001803
057190004803206095910080007235710400760405200401062753520000078004000632309028000
100507003207001400034082600419070368600310000000864709860450107703196000041020536
000104873753908000108007605600201450021530768580006000310005900060790510075802306
100009820230780006084120790091640005405070680070052301002003567046015900903260400
023000100706148293400350080040070300095023476302401009060007504084630710207504008
090200008305801090082509631020006850600958103518007900050004206140790005037605410
054071002732098060001200080306814209009300610125769800200000098048906070900087420
530070049900534207140900008000005104715342096460007500070453962290001000650080031
870020105320186097001700800000508710083000906516937200048005609052091004030640580
512308069000950802809006050005007130063281075081030600600810043258043091004005080
102000300035270608800346501086010200300069085504802069009053800750020903603980450
000078300000030410802419570001800243256103789004007165507080031003790804420000907
001900030542603901000105082005702100630500247017090058300861705008059006006204893
010009860680213745270806301001000683000045020760000904020030410146792530530060009
500019680018007230093806010941050078820703450000104060257008043004001895080435000
320000407507020360946030005092158706080000942070000501704280619809610073001003054
021870004060900071000164382196407200053090140407231000008300090002589406900746020
450000063080069000002435781879014630006397050315020407708051040030840005520970000
758621000900405670006780021510200036090104850002000197039847265200503709000060004
050867300002000084879204501016300049040921600903005017097482156080150900105000020
004006073063201504095730002608405217000600050452170900506049820000002709249810300
090106040102005300063480917010600503056073000809051476004560001971300604005910032
190320060080056140040807000300401007060793002007062094978605230236079405400030076
082005901090040036600203780060350000920180504540960073208010309409528610106039000
008090024912034087300208001400000000780905236509126470164070893005460710200809000
809257341027800600030090000080735004004061800305080710008309502600028109902106438
040500000005000438790834006620370500079610320013005000456183792231090805980400600
160004000043600705008173649054260008800030270036807094480500007001706450075042980
021473900730890000604005783042567801563901004108004005007100368300050140400700500
024900835300758000081002970905420060000080249248630050490075080000090714173860500
040017809067320040509080320658004913072103408000890000085040632324650790000730000
608195432309007800500368000067834021830250704000000980103500607000000005025946318
302910047007000000590748263109070080030052670076480310005800004803290706920560038
000005801075030240601870053908710430132408005067200009209007008713589004506002007
043081090100400080809057413904002105320016070010048309600793240497025631200000000
300790610726510480001006700800930261209104053013080000108009500400050376605247008
030900120201070034460312080004090200623050798007623010908065342012840000006200801
106320008007169420390000510000500002620903874438206900719408065000091380803002100
690540302300001640407093100812956730000000080506480901108074205970005803200069007
034029050062008974500401600810750000006290718320100560080000020603942100240065397
300560200520010387709820001400001052810652070052700038030048000960075803170200945
643971002290850004081300609000069040024507906069080500300020401050010768406098205
000600078097180005238074906162358000009000830700041652020837004071006020306005789
590270463408059200200010080340860007060005834780034020000000308813546002027301046
008090024912034087300208001400000000780905236509126470164070893005460710200809000
340098705596704800708320400004000176050180942000409508809001054060850090270906080
008507901910840050405100702054920837092735600001000009200008160540319200180200095
000009473000000850000704001132095046047610208890407135900056380605040917003970062
030008400705460208084590670802937150009081702071000300420050061903810527010706000
700205809901078200280001370068920450540800600100056083813504900070002534005730008
240000007730805604060473980406310000980050431050208709320104005094032176010900003
008549760706010250901060300320174600800206547670000030190080005587423916000001003
038002406590600020020531078700305210080010060315206780403807190050009007870150042
300805100640012079718090002070500613093786200006030907900100038587260490030950006
067321804030408075000009002045102003703600020100934507009210748800503206006800359
000086054168754239750000180023469800401030500000001400002975001045612078000348900
004600090070820503856703120467510302002400000009072645005938406748260901003000200
003520710015640008029080630200891450950000021108205009800006143504302080301408500
050867300002000084879204501016300049040921600903005017097482156080150900105000020
060042805972008400040310092014293007207060130005800204401026900806509700009004326
549723086100046729720100053004850610200000340618402900000004890460905031800001060
490078036057036402060050009500081907639007050100605043000069004786502391940010070
000008700346021985700350000904087000020016097600904010208145379007002851590803604
300492500054000023601508407476003250500964710008005040749350000000700934013809605
301002000800700091790134285010027400028950073037008950009243817103500604084600000
900008200308710096057946301030007810082105043179800652014000025526400000000520067
625740003104036205000008640951200738002309050007180020000400587509803000248057309
000600850507280349300079106030720095900153780780406031092310008850062070070005900
001708402004103060800009317007290100402680970580300024278030041605000708140807096
086702004000540800154090237070905061029304008510600042205070083000153000391008475
130000090008507201007010438804701020016300000203685040320876010675124900401053070
361000020407006830002703460000075040200040708870021650543982170600100504709560203
010097040008040507574308960639200700000903120102084306005032670723850019800400200
425300000093600120006000340008402700012708000347095086031280409064971830009540601
900200045354086002021000003010048326039051780468070050703400008605109407102807060
010097040008040507574308960639200700000903120102084306005032670723850019800400200
915200607070015004040039810491860000008157000600092003180576309060000078030948561
086030041009450008504608037061503892200800170097240000610320059940086210070100400
140800090020100463590476200901740006802900001400320987659280170000600002280507039
796000000400360059150490006002015400604983520900724610061849302287006040040100060
070082054028503960001004020843210075900040210052630400204006109095421006706300002
809037000340206000605000307090160005080572100750394026100925064504001239970040018
300010895405280000780530201164928507800075060200000089002603918001800700948051300
070925010009000608243108057401007530380019004090340086107804300064200795900706001
003490678841706900067382401010078542005043000780900006030509007070060005590207810
007098010012706843480002005724900136060204000005103027031640098000009060679021304
006920004980405017140003906803610540070804001401009078000508102217000080098142760
317680295064050030000023040923010400006408901400260073605800004070046052042075089
086900253305120009024850070709645008648009010500708964407080500090000140200490830
549723086100046729720100053004850610200000340618402900000004890460905031800001060
361000020402001350009306810000049030100060502820017640235684790700900405908170203
020040063583967102600008070802090017004810600069470208098051700405009086006084091
003068054150304609046500800480001736092680400001053008010830902830000061520196007
630709502540060000007053461009620008405901270206080390960470005028300647004810003
006198200013006780809020560004701098785009410060082005007805123052903040108070050
420300060100048203583902100290170300700483629800020571008530090305090816000800430
300980672580400190760203000053702006047100530100058407900634200025800309608020701
509408600603705800020301000395000040782043065060850203174586029050904701908200000
100070348080009610003010790400090070961500204700068039305900400006124953204753061
040582130850010070026030095068105003002940610409060082090000700600471320371096450
600570301158493060379610504531869200906037050000000900000020010015980420802000675
600200010357000809902000740000000281290800375000027694720195408540082130108703950
670420059093150806040090300350014900800905004014700635700500003409270568520308700
986057000127009306035160000008400231061538000300201005809605003542003607600004592
090700080705312960061040705030079410670401800402003097906200138000136000123004076
002510790410370200357028006504000900190007652206000830028400560631005408905602010
900253000007000289426708103200516490095002730041300500004100020062930875509607300
000500621104089735050067009040900052200470968590801470025700010930612500080004290
000408063400360001630072000060890250795020804382705196020510379041930000900080015
108062904350087621460050078000270160216543009703800502045708006000004005801020007
729306108604870003010000607000900200382760010045100730091638400007409862468007300
548702090000350720000009560053071680097806000801040230620180045730090810104523900
025986007040007005690010832780002600910403208003078019160800720008040300032769580
590100840074530000010409675702040500150860027008207301067010250021695730080004060
024007916608014705700309000406100002030605140015402067500700008200853401187006023
307500021025400083004382007800103009501000046970846305200638054750010002460020108
640900031035146087179000206304010698001800472800604053710480300003069710500000020
405800017290700006080619042906081750800032064310007009600205090079040620042106370
701908000028750901054206307517824609000600100069000004170409560800061700096070418
180097630500830009493002800710906500905378164608000790049000006200659000050280971
008205607017396000902000531050009068180563902290001300001004820805630010409102056
295700000081300970003850040042090008936007020008003196014572360600008410309461057
000526890027830005685000230109600700200908103308710056804275360700000020502089401
609020371783016900521300400007600503000100726204700189376000094400067830908200010
609400000010239080000850091073960804940503072520100960364028019800005620702601040
460523901820009063100040700281006074004057038500014200348790620010300047006082010
845009172006074805009508634200050043003002701510397008008243506001700420400010300
602845700000200654574900002720560900890420103001300027340152809907084200050000406
168030072790010634402500900501900060009725040040100200800607325206381000973050806
349520780070309460065074000801005004000081620097432018000000103480190257900257006
310089402070001830025703010002050000150400687083176029500314200640805703230000054
500198740180745936090360800910006304000953010360021008600089170250017003000004209
040026700678010305290807061804602073000050000507341689402070930059000800700983204
806025007001007054000004368670231080010400572200078031700140800109800003402763915
690370028700010500025069013408003957530941002002500030009800206204056091370092005
087261945046950030050000002065704001000590300493010857030105089029806003170300026
090050020470160890680207013043009076509041008200306049120030004030005960054672380
907052084001348706084000020739010860040603907008209400073896245802001070400020100
421509083097030205603102704000000061506001807030708549060007138008604902900003406
103068749609030102070190600060280401301005820280000500530000010012859004896314200
068100527900500846705048039009407200170360400300285001080930675004051302500806000
001036002080527910472000503049603058108074006030050091914085627300700080007109300
360490528104003000009760401640072850002050003590046012085607300400509276906200100
080970010040106283063280570308709004450000397709405620804321060095600030000008702
049100008038000249562948001004030086600204590800001070906370820405009317387400900
810600005295478300600105207001020070508001690420807103006050720940000031753210809
010972400809364002040150903025009000400000095090000864002503607060827549704691028
004007305050400700300006429069018053080235904035004178046079532008300601520601000
020108350537040002040250706900401060450320081308500207095700038760800020100962470
634070500500682039298435600015060000983527106420310905040001360050040700067000004
501000072070129650280504100059008720010907006740016305065030010030805067920061580
007009500015762300860000200072890104080450792030207800193028407048075010750040028
498010670002609480160200035346957210001803009005001763810700006000196020604030090
741856002030490756060000008070009320509283460403007500194060275602970000000120094
000041062000650000560978034150236040086107325093485010005013400740000200639500801
008035206120008053003020918619203080230784091070910002900801070000502060580309120
609075000003040600028001540486023100901006028257104306800507203100032080362408010
304000209185092074002048650000406700740920006236807045027000093019083400053270008
010640078470100090082705106800450961301070800609280704008590020004862009095304080
090007006105640072760810490679405200280036509000001087006008700847062903020970108
524900613710500840380402759007090280000700060402150937935870020000639000000240301
080500021405190008210830960600409080379005014020710096740051009002068147036007050
000048003713600040804370901540020006001006705670950030237514080109207354005800017
000304700063097020759100384000509002015003096947260053090600047370082600026401930
024900835300758000081002970905420060000080249248630050490075080000090714173860500
006920004980405017140003906803610540070804001401009078000508102217000080098142760
253000400000460013040009050809104030004026798605983120008640070731052946000390580
041059700067201008000603145650028000709430800284590603936002580100084000470005230
001708402004103060800009317007290100402680970580300024278030041605000708140807096
500198740940672835020530600480005301000923070270081006300049560790056003000007204
029005013103060824608312009000920007830050106070080000491038270305270001200501438
964125803030000029008096500387610002000000301019538046000400007071089435543701090
084350709006090050507608013942070500630920070000403926051864092020500040460007105
300800502902145300085030940000901084196704230024600100019508023600310059053009010
090300680100209307340578091080650124461900038005401970070030452623800700004000003
000603170070410038401750062080300210096241085107000346942130050010070600763005400
073000090042896013080340025400160207030004051127930006068003049004081572205409000
700205490150730002206841500609407000013928060840310920400690173071003040300000059
307000102024600537100320008498000301500008624000104080700942816009570040002813759
140207658000600000256410093760580034802106079004003200307004900090321067680050302
024070190079201036300408700640007825002384010087060300005006204436800501200745003
621780004934501702070023000859007320000018907200090060060904070795830146080076200
028063100016200930005140702590824070602059010004000529200030081843690007100480306
250807401470250903009010500008600714104970056026105000002580607045001800807320045
574069003368500940910084065640905020780432000250600034000050000437206518025000090
500007389010950060470068000095680000038079020704521008907030010382705694051200870
020030905700460023310500060240000050903752081507641392002376510005084030006010240
036500709000100030574398061020705890357086100009004350002850670760400900803670502
006805409905120806003006000600273048800619002307580001438701905560092003002308004
295600017360092008008053206007500420604237000002940760059020004426070039000460852
120070894083409071000010003830050046506984037049063150067548300351090002000000065
097003001602409750010650029060500107470001002059762038030084915025100004801035006
400230001320450978507800004740103096900070302083604500100000080802045163650381009
503091700084570210019802400000300802407089050008705043000904160040027598901658020
087504192501020600300076805450002007200081056006095000932007501704258009060910704
020704103976350400013009050590643000041002039702900004389020607204000385150000942
201039076000600825000782031320060147040005389000100652000490013400057068050821790
001056079093021500560090012719245608005100920200030100030580700078610053052070401
013602009006083200000070430004207950370596842950804673628300090000000368007968500
030060001852071936010309500560090200940702085300604019083040050005803092190520068
580402106004586073300097058001365027973200564265000801400070300010023000730900600
050608070070023915003000802780000021210840650634100008508071230961204087020006140
009040517578201390403907602045020000932605040060480205006030051301890400700500803
006000072820497056507280300230700001061803540080069023150908400300670215604002008
200080517007590003054701960841070096025900070973064852002300400510602700039010600
390764008460580731058231964030800070006900482280006050810020640600405890047000000
840160900000708020000403710712309500650001409480570100024937060960085347070010095
000703591231598607000416002002040000049030200603072409726084915300000004104250068
026037100300801206741002803008090065000074308403005000097328004130056082500419607
012003040000612038683004700964100000028570409051200683079461350030007060146300090
100065379690010008570409006006120700037000604041376850782690435000283900069000080
600040190950001400012769058081000260000316780396208040049030620105092800200085910
605408700839002600024095803400950076597260000002001950208000109100020038943816007
001080026080273015032050704103097208769820450048000100097018040020060000016342507
100058723368090140007134000050940000093000200814572000005420307032785019070360580
907801035003745008860000710509108040408603092010070083380090026604310809002480050
005020001160874253820500400470985036500010908081006040290000600650790010010648592
657013042009504030040070510090001005501460083780390120274106300130049207000002051
803029765720086100004100002000302008306800520287940016561003200070250031030018907
908002705610007003020465081400056800001020507572380690390540026180070050004610308
507039006430806795096704380870041630963578140020690050019002060040000000050407900
805240061200100000419876032700005006054610300163080907040000280591320670328004090
352084100980070025741200300008916034004350902500407601697500810020060709005709000
008906702460001580920408001245307060009084305080090170834000200000240850092873410
902100830304892007050003620020037106603405000709200345037000050508074061040581970
007306024362000079900072000020053498700060250495080736856030900279000005134920080
097008620004690075086012300001804203802300496405260000758120934140980700000007008
006003570090510840500649302600050701845701603970306400000962185200175000050800207
200048096806020040940610802008200004092734168064009300100806450657401080080300607
509040600861573940207000000983005204172009306000301700320810070790034165604007020
925164703713020000060007102107956208006080931289000067001540000000003015302610079
093278400040090032027050098006900804052407010018560920230019500009002371061805200
001003075008907163700000020300090201470150609509020700100062897824079006697830502
900005010806010753000027869003006024009102500162030087340068005008953640605041370
295600017360092008008053206007500420604237000002940760059020004426070039000460852
082316005070040020006250048198600570200701063063500102009102807030478250000935400
400002000029037560703490128206004009300560047907210350008000432590820001032741900
050087043020000107367210980070038400002906008003040706714869350236050800089423000
309010200000970085080000016931408760068790104745000800893060421600002079570049038
084350709006090050507608013942070500630920070000403926051864092020500040460007105
054900200006012000030040601000600142407520968060090730709104520625080014301250897
130080620600030475009625831020906040090000700704308002950002304046090208218003967
630904107091300246200650000040063709310005080907480530020036015156209300003010902
537098261068503074090267008820000740759000100410020500972040800600970000345180600
480210060620350091030600082004129800902006040068005923810060579790500000040971630
750094100040165029091000045820010604000006018916458002039570080500600201204081057
802401076006075410041030500390500160187946200000007904008003009503289641019700030
010700083508091760703806500930687154080900070076020008264170800800205641001008900
580000920039420076006591300061807000370210654900004807043005109000130080815046730
623047900010000073004835601030690040050784310941000086489500132002400097100329000
