006800095593201000002509413010325800008010652254600009420083907000700340837096020
034016075907304080800902300409703000001090407005400230602030598093508706570640023
081072034030510078690003020870004100906120050010709846000800209708095403469201700
402790100075080032800301750007008049084216375306007000000450816591003007608170090
002180704080900315490700200100807950908030040756020801805600123009270008060318570
000067080406500270587023106274100358000072041068304000829010430001230065003708010
906004208813072004027600103038007040705200609600140837080053006070406001004891720
852170403300005001009604580630007200470562310200300056907400035026753890500090600
046210590820070100010089072031006800008154329902007060200040015093502700084091206
000063814186040200403210050638590020900806035002400960260380190310600002800102306
008601370046593081103800695397008460014076000560039000080000123200300956000910840
007092380931086200208350000009210463100043090403700000012670000605004721794021038
360004000004136295025090046000302009936007050207065431000203900013650728792800003
093860501078005400001270063000630700369700025720590038046003087900407316130906000
201030908900081200063095701420100803080973402107800009016029080040068097508007620
200876301068000029307910006800260504520390078709100200012048930005609010980020607
300658204080723100506040300008910700709006000005874609403060902690080537050392406
540000093190450800070918520085620349200030005013507008004070682800240030627309001
000245900970000526125690040601509038009704601507008400010952380803070065052080009
008054132603090000015083607300709810071540200802300049100075920509012008280006450
834001907700048030600750408050096374061070092390402000570014060106509700002600185
605000904000462500304907860092130706701084009530096000203600495100300078940508603
071000920005182074420930001090000005304279068160408390049810206010000800083725410
003008460967053021018009000000540006586192307720036105002005738009270054075004010
740506309602009751300002608167043590930020104005900830004207980090354000200198000
316029800250340060400065023120007000075284600864031092732056009690003085048000000
130080620600050378009236451080305090060000200403702005350004902016020804942003567
708030240516020078000876005604290030071304009080500624800940760340601002069700480
930005600608903207400706530540090300003604901790021805320108000100009728074560103
837001000096342000200786010029405078080200600075618930760120503912073400000009021
310905027600070190790018300400020050207509061059406730500007003831602570002053680
008549760706010250901060300320174600800206547670000030190080005587423916000001003
120085007504030210090241065351002006206900073000003002070304580030817620010590734
182600397607320000000710062570006020020035674490201080060100058709480100310507209
000480910809610003416200058730026105004508039950040007640739500080062390290000071
017490230025310478048700961200073049730569082060000000000635800080007006576001024
807090534300507900905360008700040052690870041540120060009452603483000095006930010
003076295057230060082050030578093000090600173060702509009020010815064027006308904
070020009040009210219867034702100040400798300308600791920503080685014970000900405
083017940010920008290400307741200853000084009830501400008042031102800790074096080
060009375032050000097683120054208031000006008783905602305090280046032007100067490
030010042400060037100437000803759014792146500040020700204301056075604301000092078
603058007010390000007602403835209040900840025740561800420700961300006584000080372
607051308001008642823090705019080004238940100056020007005760020000435070974802060
500030008290108600108607935012780050030510092704002860309201006021805340080900017
047061029810490070009700054530200000904013582020980307480100000090807415051340098
180002730300004000590378241058010309400759128019200000000640580875020460042035007
006304500059170248014020070597648103060200800003010460108460005030001084605830702
941300065008060300063800079095603700037042000084170936400050003310090402850036197
380612500500804231240000090630040007954137682000006003005300760160780029720069005
780900400200034010093071285006200803032197654049300000954023108000500302320410009
035200608100907052270035004020050090596300841001896030302400007010020503607513409
050201493000300156410900827100095382000020961902100740201009008800004209396080014
050860000602040987480397500000000108075618039004973005500480010168030090947026803
930010070200005100105280040010000895829006700700890306480062950507349201092108067
056943800009000037084710605027530008430086729800007300170809006640300981500061070
050609000000408190920310450062180070073090000149000065295730604680942003314005027
104962500059071002060000189975608310020304096003007020490785000030000957510039460
020690750759043100006005049590300080301580072800209031680100400010958367075030200
200048096806020040940610802008200004092734168064009300100806450657401080080300607
540900060018065309639041500350400090200800170800609005900187403420506817007020906
050032907302069004960004320500420870723098046006010200007043610619200408400081700
892643057400010083001090006045009802020401509980506010509100008034807601010960230
307054008506198040980327015001032004200945061430060980742506030069200000050000120
080967512021050090506002040100230608800006050365709420007094035908021760054003080
572006100806213759301085060960047500204900617157030000009300040405000306003524001
935700402001089570080230090800024705100007800754063210076340900019058047008002056
130080620600050378009236451080305090060000200403702005350004902016020804942003567
579106004100053720002007605403019876050300000908064250790430160031075040040200530
825096037000500092007243001600805109059410300318007200004000010070081950193754806
653914007004080006981206500016409000307050091592037400079862000005701080168590000
800063217030080400462150008087040020050972604604008079570804301006010002210390045
160905800009007160830014750708401005050000200603528417000106970976000001205879046
407512896501800200008600001020085400306401059054090102803004027000007308672138005
087926040030040860206050170710400253300087000920035680091673528000010036653002000
094000501570241908800609004000070002952180300031490856647010085089024070000067410
304095706501604089000008345462079008008301000190040567040900000215480900039057620
009780500084600019076094803200970400035018672017006030891340267700069005050020100
069308170010046235340710698000190850091003060853604900607001009030800012125400000
508031400009004002402905731000060014043518920186400300230846105600100270890002003
320670489009342010400198032504900063098403100130006000000810096006207548840509000
006810030014000006352076000061004098008009125900158460675300809000687352003091640
003701000097008140015209378080906000509010027230075986058607210102500803006102050
670028105003014020010950073128030040509007200060802001280403509790001364430005082
713905600906100537000037090000406012650010074194028300000874003407500089581200046
021609534000050002580002010158300296432905180090001050305094008000530041809016305
008065904901800705024017080800300540002479068643050090207591036005030809096700050
006200340014003900032745806309420000020078690068050273087900502090560001540802069
008053741072090306014087000405760000023810604100030872007501460201970030650040207
021789063983105700500003901204030819096002457058040236049001002000000145600070090
620900800090065420507820109860102054209048670040600080400290508052700340301406090
309720506020005173107063809900030018765189034000000005008640091206300457410050002
021789063983105700500003901204030819096002457058040236049001002000000145600070090
081392540400050980906008300000705609630920050195060207572086103000510704310200005
023900401068401730900073006017065090000210560695700103156830902000050308802104070
407000900890270043200549086603108074002350608980002010710605420040920831309001000
050260034320897105071045209482070000130009400900520318700002000500918020098706540
030460009091370600065100378042009716010607000570280403950010200607950001100026945
089205030005801670013400052560309027900002061230670500006720905092008740850906010
008601370032857016107300258894005630075043000320068000080000521200500467000710890
040796185098531000650408003026904300304102000000653470085047600100805020460019007
670503209050009063209104700100908070894030510700410308000700850917005630506341020
175460329300502400200907500000090700014000892000271645007689050651703000938105060
700015008090020751005600000907451820003200000210703046630570280452068109809102065
042308000003209678897600300309004056400037000010920834974010063030405180500700429
106803750503700910090106008045007120002985063609001070350209047074600590900504002
430800000007009580869050032980023051620008074500416920348900200750204819002000703
590000010030140000780960324017806540900207681620504739870051003100680090060720050
005014620004902573230005194009430207007590080480200935692000001750100002140020850
030607050968510300010329600570162038821035790300098015050276000600900020002050067
000647015000285090065000070074050931080002567306070208628010059539068020047509003
941300065006080200078900013069802500082054000054610382400090008620040901890073624
268001570100879462040006000070160205602057310301002006093010028004690153810230000
581037240000005073970820050205309400000008306738402190100043568350000902096251000
630052019000048360412600008801074030004080091065920074140005080500410923027063005
709300000030100278015724093006980001500007806481032950100040309902073500340091760
004830200817625004020000685200750946095062000068001520109080000086074059500906837
062400800003251706470030025100805000738100259020790081304086072807310600200900038
809204006620070849007096001004050080305709610062048093001080005948365072006010430
106075020000400690000200800860307051010002469420106008670039042902608570531720980
030008006640050890001970432520607010084030067796580320400000683270803100060194005
286000437150784020079062000034891072020600043510203006001520790040109300095000210
436290007219078004507000120864100900000700641001004850692305700700002096048967200
054900062060040059097586004412030608800490075070068040503029400609807520001050086
148007300930800507057030498724105903503084026001002050000000600075610040206479805
039006450000010600106453892057000120800500900600341080740239500928760004305180270
017002000850030172600781450005018200206040010043067985308000620560023008020896034
080045067007600000906708250260384170430060825009201600103070580608003790004096310
941300065003050900025900071082109700097038000036470298200010009310040507760092134
601097304200300000780054192097805031136709045000003007962478013008000029500902008
080109300030682945946000020090060010020910084618704590809200067160075209300096008
502040370304180500007350106003009010206571039150008067731005020600703901005604703
120780500598060020400100090864093100200847306375210980901078230600005407700020009
500068007800910050091040826458671009679800514020459078900785040080000965000006700
427809065086075490059006000934708520261050070570000314045000702702403800090027000
010076900607009103029308760275690831106820000000001506082907314394002600000403008
000106004000247006064800020049325670836704200075900000017600900652493781408071300
080401000510000842004002615129000080800005401450800709061530294945120360030049057
645109783021480506000060000000008035013607000289304167054970308890530070002800650
070001032009470806264350009942003061050009300006514207083025670605100903090830005
010523800082040570430080062000804300870900425164302008690405281041208050050600900
060102040304056019907038052701960020048570963609203000502049036190600004400000290
000410085810695023093000640902078006301260804068041092080127050130804260005030000
200087004907054020403100897008630019039470562506010000072841935310000078800063000
640700830020948765057300000013096200078104950060020310700681000006000148182409603
000514000009230001471096032003080614100762000095143027040009100958070200017028945
000263040100058693368900005206000731001807509905036400859071320614000807000685000
104790200765023001320005000270408695900260700006070182602304000800052010510980426
450128603019006085006070004061890540070004029920350060700960008690081052105003076
207105063900000410604930700309080526860009104050700839103590080006000201748016305
400589006560070049910002305390400018201863050004090630009054007042038091705010420
746000000052087964910000070863090010501008006290600730009301607600800149127469053
500080619400602070768390040830907001900120730170800064380400100040510300609203485
506840200800390060903050487058903700200004908140085306301060509000530040495170630
080640019120007060096105804001960072067080051230701040910478230072009480300006007
412039075800105204005004800006050020900617008548002761031900402680520300009703086
065213708701904632009000000940001026358026910000590003890005001070080309023769480
768031049010000070400657380036508194840060730070903000920005410103426907600700020
500001284708205010204803600030026501050400802142308006320080057906530008005072069
080000930060738241134620000070006092091052000602307185028045603006073009903200804
098050120230809070007046309000020960529607800074108032802900053003002608705384001
296703080000002490503908270409600000108024069600105847004800730781200054300479010
160004000043600705008173649054260008800030270036807094480500007001706450075042980
905800462600072100201094080027400093004928005059007820002789350090100078783050001
010097040008040507574308960639200700000903120102084306005032670723850019800400200
780620419254100867090400002005047100000051203008036570300584721000019035010060940
903248010400310895806000400305100902108920540040065001090850704080600050531079260
804760109050040870019230006043082760508900304002370500637001945200003000400657203
345600108289100005700859043000000000810704029504021006607010054003065701108497360
834001907700048030600750408050096374061070092390402000570014060106509700002600185
000930024340050018825104900094500701030640200250780430460002095903475860500300040
953600470000734900072005103004000219690420080801379005510200004300048521049107800
000360000075190846269040037601020074930510020400036950800050019003670002794201063
295014800100375249030000010046002008901847326002006007074253060609701534500000002
920578016000090508358600200039050162570400003800329050000160400685004020201085637
602189537908003200073004908496308000000452690051060040009005070704091352025006100
080070615240163090610050004006015400030020900178940523802500040050601080760084359
304095706501604089000008345462079008008301000190040567040900000215480900039057620
605890301700600080200000000570324090803009040924106007100908400497263805308541720
004008500260035704085017602730001000059870126002094370098146207040302001023000460
000090178785031400901608002029560001000000925513982040807150200064820750050006019
700205490150730002206841500609407000013928060840310920400690173071003040300000059
602103470003970002790002603904701035180390700300008190800010250540829061201500900
490100000062903004005600000580320461649517830203004057970006085026708149000201300
060150709500043200783900015300001074074026900690407150830009046040080307950374800
190500406047896001300020905400602000208910654065400120759240800810069502000005709
915200607070015004040039810491860000008157000600092003180576309060000078030948561
190078042482631790300009086009312560630700209020896407000904800904007003070100004
000070039498300000076198542005740621601020000207061950800907060053410008109005374
782016340000080726406002080528100439300204078004090102840020000063500210015309064
046207015972810400105904000401000003709143208360072190094021080000096001017408300
562010003043758612071000405350002048018093200700081300205000061137809020600120900
236105700040207001571908060800570400627804000004690800700300608389456002002001395
402089070790205003083760940608010359007832461340500728800100206205008094000000500
003609018000003604900018030050107842890430007400502963609870401105904300048361000
039520014060031290102080700205398476048007000007004580073965020006100340901040057
065420003030007082710068094300206400049031207201004806003940705027680001406010308
107090800503140207000000300369021470754086030200037096478010000030800901910365784
000360900063509248495010006000027013074103600231080409046730092300906080980200064
012007408387410206560300791630001980700802060028006007800060070173004625200073009
010702853020400607378000290160924300907050142080010069701000400802109730003805901
070124098410809070089000000530490700708502034924300800000051380156980207890040150
460193008710000064298674350037005200650009080800267530006052090580000602309700045
748200539306095800905804000600170025079002603800360100563021790081000062090603001
910750402020069508005120903089271305570003000102000780050012004246007100301506820
000510000075042891168003054702001000006004128410285609007100486604037500801056007
080290103925800704006745000040900800370058240801020300593017620007089030418302090
580710039401930802009400100012809500700301028048007603624093700003074001050020394
048007200000800730061009048073214895002960400400035620056003082090086350830092107
164000000857026901900015870008050690029841037305607128001062403080530000090108060
803002970450867100700030540091300784370600201004700000247506890900208015180040607
270641083600708501831000064090804002700500198008006000012309005380050049950082316
509408600603705800020301000395000040782043065060850203174586029050904701908200000
002574000740096320090002870907138540008027960230000080800040250609750400015203796
506840200800390060903050487058903700200004908140085306301060509000530040495170630
001030076007064391360780000104008023080492017600307500000070204028946135405820009
109006740408301006002409830200690073397008200005207109050002498026945007014080050
700300820080002475020847009001738500570410300060925180057283900019600050402501700
100708020900040300006931040010385760307060581658179002079806050000417690000503270
412867030000950261006301040609000013030048090124003058708439120040205006090700380
031280400008001025270560803050703060002856340396000580620078034003640172107020000
001963702023007800507008049010704680039500020078201504100305078382609010700002906
024006013710803060009502704300280645958300100040107008463098200007600039500401806
652070031000302097009610080003280100064105078871430059006900000925701040310048026
900010607700908020403627805326750018150002900000361570509000106230100754041000209
050062700027000085940587620100409006030050070764031598478305060090610300010700852
400980100018030000039106847027304908060500021050810763601093070390048006002651009
000005040301497605854006017040700809089043060507960230400239000030004096978600423
098001002000097035457320190764010009000904860039075204070100040002053981185069003
000508007745930061012674359070029040008005193054100200580491600600257904400000010
002085310906071084013090070509000060600912058108706032760509803090003100304107605
279000405460205008085430027520103879040900301030058006004607502090500783857000100
081070203200190085039850060905730602020040900304620508753904000800210370090300854
500743800002000453340208001003079140400135728710460539605007900000506200107980005
400009810908400020107823450090208070800006245624017030500162700006090083749300102
510080630608430201040005807000000069062003175407000028830754902020390006195020743
700090031080054962600002874540060280000240000162005093900320748206407159400500026
037028041018705060005300908040170020280540697750006100504007312170900400002431700
900000230872365004100720506090001750715086342030047000421600073309072460000490020
650723801000090005134860027900070200071206480000910753000080104408607090523009678
016904030007102509900830006470008350008371964031040728094000605062085000100096082
947056010682000400503420067160000708034060091009841006001580609496200580050690070
320000080045018620100325907603907201001530070074100309806279514010000790059460000
761025840400718203032940700006009508580060000200507030900003002628050390040892615
050002038800540709143908020600004085534800000200657143405300290902015000001409857
384056091000204500005008073020001000541000732090072800407095628802460059050823047
827410690060800023400026800080000730096384002304052960170040209900271040602008510
001043092027900410408520070740380500610409728080600040856094130100870904070100006
200071060504600017610045908003104090806390040140050372080060000065708129370509084
062403817010006003038710002040960270087030500106074089800201700050007904274650130
071000005204985030853001940006138750708602003032709000300810029100390860089524000
902050700530007914874106523300200078648901000207603000780010200429508000060032840
300607500201080709056490803003079106507200030609801450900063285130058004065020090
015038007034670105006100908527801090000000084403967510100700056350016070068095041
030067940501204300007580100304019026020658430870002591903006000700040613040020789
319002085652318000000060023180200067240506800500001002731090208804153700065007430
197350600485200710000004080540000192719542036020009070800021067072083000931605040
003045000478006510900702463090654130056200940034800020509008076301060090007329850
057010080010580200024970513200658700509740602406000801302065107060093408108007005
028006400040720056601043092000409025290037108384200900002570000509060281036190570
049750031003196004506000907001600072035009100460821059304007005152980046000510203
570010406940062080020403109010609830200084615685200000058190203300020540102340090
300607500201080709056490803003079106507200030609801450900063285130058004065020090
802104009940080710610309008209037105030051000156008047007500800091042670068003251
580000920039420076006591300061807000370210654900004807043005109000130080815046730
964000001500160084800574902709300020081097430002051807206013548030006270078025000
070028000083506041650070289090210064430080150012603900300062010027401693065009007
040062810802007400906018720000840000594023168308600042650004081023180000080075634
180703942072010003500028070360104020008035096720800104800542007600300250253007409
009405807647003001800026904060540080950008306704630102021867495008001000506090018
830700040061408035070003801000306450600945002514080690120009064946150307008670200
029007000470509036503006004106204080758900401294010070805390167910000342302700800
972050840085040000060801520546008370018030465700000082307400016690200758800670204
640290500005003620230670014973001006006809270080460103000000700307952041824016350
306001890400307200072980043230819765010200030085030020920670300540093682800002009
970004683400080700103697004610325400304900150009010208540802907036009800007501042
986057000273001906014690000001900265097524000800103009302406008749005601100009542
876530019300901687090060000908204061260050094007610002050483006603020040480006375
605390017000200068478601200090006805510832700860940000080007054041560980256480003
700200091904760302038140060006050709503901026097306100082403070301607208070500610
640735821701402503000900000900281304402576900500000207207040000150607489800153600
068007320070023804342801000006109042493002000050080006604278105920000487810940203
070028150008000947010090086043572891001800032820013005100204508082059300050081620
406000732000827050257406010700004861310060000068712340845601200002500006600209185
516270008370860005820035060401007900903000017207008640135642879090003054702009000
305094081402100050008037604607348209009700340140009070001900460206413590704060002
945087012203601080000050047029800705768520090000076023007032058502460970480090030
092104785030090064048600931203069400700402056460700820020970540805046090004200003
029000045670350000008421769902500800580003604400798502840106920010030087703840050
450801090003070012708029506025037000900008251806502730580706023069180070300200068
500400090100836052872090340600205934058009620903760000009657810060100000781020465
460030890030748000180050243054090021090516730310400008070100400501080306608374510
604517003009403000057892601060009830875601024932784000006300009790100002010975008
891726430000000098006093000530269180000074060009010207014002803270930546365400021
421509083097030205603102704000000061506001807030708549060007138008604902900003406
603040700805900340040200985078356004430091200510028600904072003702130009301680070
200001950019547200000820004760200490132054600090780120920408560580060300041395800
013908520020056730000312890000105608069047200054623010000004102281039060045201009
060203810231068540040100030700016054680300020150407086028000470010734268470502000
030805001802000037490000005087094012265003079049000308670902050904008703520741896
014080902600413700080602013040006080968231500075008230000820090820379605039065800
928750060003940270004200098080610537750004000310580640805070006640800950090465780
640023001037500620001470930080012356026354109503000000302105800800290413074030005
068090405000020089090864702042970568609008027870000194006030001407180906081009203
706201935000907426000000718030500840682004090401090602163009007204168000500372064
710920804603580712428710090080000009040097000060805307276000048854002973930408000
564098730200170064001006800000010678800650003710809045029083506187504000650920080
680310200402600391003420080000900800538261479067800010806730940720506100090100720
670010084183900602049628000000009326000354008001276400390800071268701043000402860
003706500709100048120804703201400080584301970000250310497512836000900027302600000
600405700034079020209600458802500006960304072007160980083206190090010260120903800
034600850800351046056400001365102089900060004002980105608005403003890072740036008
003100065294060700601728003965803040030602009020950830310007650040506307506031900
023015604960300025500042700100830000079200543036409807090586072082700000307004968
024906008086310749090050600602039084000801200948020370805060900000593800239100465
057802000106049307900070215010087090500023801748900032670230900435108720000005043
004000120013298000702451380070023460030089010206704953548070630061000207920036000
020506100010000240974123065046702000107090604200460317080201736032080090061037080
509320000801074250060001943074035800395080701286009534003148002410060000000093410
091036084602051793000409010473500920865912000029307806204000030000100472007094008
002180704080900315490700200100807950908030040756020801805600123009270008060318570
670418009802390000950007304000780001200103700014902036090874060420031958080509073
000613508583090600069005403901500004057020130400139760310840002870050001090301856
734051068981270030600080709050149320140000057392705840070032180200400000400590002
436000000001000473097001602600900720012050869004082135843275010160090040029040358
460007829300020010207498050000354200902001540154060370803970000720643985500000037
309000270050270940204693100046050300030709801180026095700800600460905780820407510
108062904520078163460090072000510230936247008201800607084601005000004001705080006
250006700068407200040509816594760002801000670000298450000002103412903500605804027
900587020073200000002601800786129345020700061019356070604970180150000039007003604
900200045354086002021000003010048326039051780468070050703400008605109407102807060
046782001023156070010349200100037040305020100274500306700403609601078400009200018
500000490982045013000062785034150800210007050758000060371006540495800230006034970
002574000160098270040001380609782430008013520210000090800040750704120900096807142
750690020164700000293850460835000604401060030006305070000180750509406213007032840
760040308148000957350701460600920004014056070093174600020837091001092700000410800
016020708007001030409387620061054000008063917203090450700016094135070002600802075
948002075000067080027089014500270906794003128060890000800016502405020063076340800
834090000697002581125760903082076004350120007700980302000800405003609010510203009
503804027001700008086230150008972065240305800605000930004507213907023000350080740
010680500006723080798001630029367805503008269000002713230804000601200097905006300
095106300340007506001350074956004031000500708073621005069710823208039050500060040
008200094230546800407090025195604738800103060006080040700809210560031087081060400
619750420002010009400060780020900005067120090000605210745806132006071050130542970
001000002750439800903820475105968024046003590009500100200040003030790208517302640
690307008050009610407106029300594271520700430104002000940200083000470902732068004
287003910000709008190680075830200060601350200020860753050000801318925647400078000
714903800008200001600701453007005006150472389203600010382167594060020007070009600
560723190807459302090168005000294036935810274002305000009007001086041023000000080
080000612204100008130270004062901007800007201071423096000702180610345009023009465
801007023063280107020000096637005982405026701210000504000370648140052300078400005
500904071940700603870021400004270000708090204025840719617589300080030100400600987
516270008370860005820035060401007900903000017207008640135642879090003054702009000
200830509507926130390500200000718005750469021601350007003245980000000052820697000
092104785030090064048600931203069400700402056460700820020970540805046090004200003
836500700090260304400708690185026430904300160000804020201080970049602851050190000
160420890000109003943070201754001006600902730200560018392710560000034180480090002
700530108000200000130000057070469530361052749000170800010600400624081075853794206
704693020230478000008015007000306080076980051800000006659800274000509013083724695
901004786860370000200069501400010863106002050093586200370190605520640100600020309
425001800090320051030059207060010008904280516508064002709042603340890105006007020
800020096020749108194080200980402001705190304200300870058900012602005940300264080
005004019082953600409080032047012903016370408003040005701400006008730294930208001
608102305029540610007080009004300802100050904853924060035006001780410003400035786
150972046400508197703064002085700004947803610000045000869007421000081009070406080
096780201742631980008004670004070358825403090000590004407002009060850037530040800
009342000236750400547908002000500806083020005760090003950617038028030091301209064
406300805005860090802540630728050163960103508000608000209715086357480021000000050
300800000812300547405020009100963200000040800236507194584209016901005438603408000
071080592020590006504026001902000007316905084000642019039108405400259003065000908
948030070765092000120850009000300004014905380370000000037589602892163047601004803
485027096902605034000004700850009261109560000300042509590000623210893070003250008
200357000600000853395804012800600075701030080052478106003910527006042000529003401
100305074405008902280064030090007508002801300648502091576089410003070000020150687
019050000070840951280907306054701630701400520002098700130279460947000203000084007
570849361100603000306000549000380194904027003863000250020401836000765002001230070
240096750600780090807002360036420085009300627502860000105230079300010006904078510
009000486847560100006834090420095001098400653700180200902050764070028010530740020
708320045040006000023049786804900001500002678270815030000078004409103200617200853
000835970090176420700904310451700800000358042000091000102080603809613004000249781
600890705257001984040750000700045803804070012025180400182467300060500170003900240
390801057708300091501097400000030012030042060902608000203005986475906103600120045
900825604850060190643007250300008016068941720009370005080039002735010080206000071
001004090600000400002300670207509080510040760908713024134270956700100048826405107
701463908009280475408070003043602580186735000070894600090306004010900350230000800
758610092064000137000742000000971250587400910109008700070064329690007084402509000
580710039401930802009400100012809500700301028048007603624093700003074001050020394
230070840800430006409015032348001960920340500000680024602090050004208073053104209
002459107300028506075030040069380450207000013004000009000573900708164305510802764
840605100700002405302049806030407008960081043401006907693504001504010009000903254
008103674026500030013604020240079000030046908680300247071065000860730195900400703
700400000028090307340275186000600008270809065684017093197308624050902800002001030
605000471800014530040703682021006008900280060700149005004800910308061007517092046
040830509001079300203006007400010798537000201109000400924008070315007984678093150
018230045600040839530890701000001900060002003109304058396450102452010080780003590
130062400005093600020078300360800154200000830081046792052617900013980040079030560
000140279092500803374208000021000005006902418043815700408621007517400362000007100
015027409002054008004319026031040980029030675060205143200973051078062000000080060
005324716030000004146980300304200001600009830809136407001003269293761040400090070
240005700015030028897140360000201803531406290020003040052608000984507006106090082
098057000703060218001208759000000307876090125932005860089000070000829431004570980
400980100038020000059703864043509201090100043010340957501037020320091008007254006
097358620360002000004900831901230048802005010040890073013089402000670100586004097
800007410906035000470180900000500748021940035548060192380600001107309860200050379
035200608100907052270035004020050090596300841001896030302400007010020503607513409
605720041080003002370049805500830729219507000800200150108002090054986010900005687
003260005510009040904510736091000402047650389050942000000400020482103067105706804
137096540020503160008010020000900004790040250245671309510039072000400030384027690
400005390350200001201890400106007583047638019803510760085000647700050038004080025
070400503601930480345007906186750030059023071700104850860000002010690340090308060
000908050758200649940560001003096000860700293079430580001085970407009360605304100
003500080064310205902046017507180609046090500090670130309062850005031940021008060
603170248720860005080020300042501003001030084078940021000308750037054800815002430
800012690021690040906500012192756384500030100030004005460900008309845060008300459
546008073090000008728365410605834790400200081802609304201500947004900806000400100
308000016160953000005806793004508060750090830083760059670001945040025300031079002
801900500400205370507408106050380600700500213163704900040159730072000800310870409
057190004803206095910080007235710400760405200401062753520000078004000632309028000
406213078217600004000070620520760093030090507098301040905130002070926480802000130
186000420207040150490812760324105080500307040079000015042070601760400000903020874
790860001060030975210740006801296050900070802670080190309610520006057038507400600
230058010890102403600003028080290341916804002002010080073681090400000030029305867
304008001080503290205091087410059800807310940020004610509607120000900406648032050
054600720100980000308270915287060503040307060003850072025700140430190207090540080
030607050968510300010329600570162038821035790300098015050276000600900020002050067
401002038306748090008060405965417000020039006004620917680000350503086020702001809
150040200780902654040037008560703921031050006900061040410608070007094065890300402
104790200765023001320005000270408695900260700006070182602304000800052010510980426
040900800510380472206017030038070050002503184054190700965021040003040017400830096
003008460967053021018009000000540006586192307720036105002005738009270054075004010
436018050180724060729050184670090023542073001910640805094501030300080000800000900
002100000090562107160748309009601704001070830476080012913050048658019200040830000
305008090780560043090130805450000060170025309020786104804390510030801006210007408
006209045800030607275840900000903200943760581520004006750610439300420000408300702
907250048061873590020014700003090006608705420504682007709160004346020000002009075
008050091023480576590076000081030964050697800309800700007500009006728140845010620
000097403792030800804021097940000038208369741003240000025080079400053002089102304
095028007061904235207506900400701620102605700670290000700012309500060070023057106
050610030087254006060300074800006005035108200096532748600021950923700401500490600
104590830700040026960027400200003740090270100347850602019032504400700068670480200
009245100760300009150700328026007400300496800085003976003604090208900035601530704
160008500300020067970536410026000130019362045030809070680450200540090086007601054
945130702820700504000250800302001400000083921198420030036090045409500070070346209
135260084040109005002040060004708100067051098300000207609570042400602509520914603
582370601004651000600002500003500014425016700800430205206003059158740320009005180
825793046000400023304050900002007451049031007107504030400002065708145002250800710
460705300781430600930010840258961030196000250000528000029007480003840900010003576
801295006060470580075000104097186203036700908100050007028000600010607045604918702
200001000970034010803090064000169200065428091002307846009705420507246180420080050
001050723074900800083721040069003200400879316038600900806295107907300560002100090
040001300320904610810360740008007001206149530053800970901605403730008006002013807
005800372064500900083921005128650090600019280400008056002006537071080460046795000
760040308539000764840306590400920007078065030025718900090234085004097100000650400
003001605765098104002306090304610580071039402090004070219083000050160940400070218
831947050020308004400650800060000705950876301010523640180000567046000190590061008
361000020407006830002703460000075040200040708870021650543982170600100504709560203
004907501301800009980061307000008034438019200057203108090120050012390746043700002
074350912351200060000801003706015009043060870900083640097134580008570324035000000
109040732340072600200308090400630815590400370610807000036204007054100920800095403
083460007060709003792030506200000051000290634614800009356912070021007005907006312
100800004604300520023050080709425318000030900835001742070000895406500270510279460
490100000062903004005600000580320461649517830203004057970006085026708149000201300
068004150005091730013870002072008013001937205089500070056000300230150807100283504
007405080532690074080700905020806003053204697704003800001347560640100030370500240
037006041425931078000204000690543800004789310070000090000367082080095700703128950
891057640560490278720830901976513000458000036310600095005000060600140009080000410
100400670764010205080763010050001420370842501402050003500000890906587100807104306
581037240000005073970820050205309400000008306738402190100043568350000902096251000
000008000298615473501007809070840001305109084084700092807291540400080030906070210
082400009005021380140608207610300428830900000500846103090107540006084001471500032
825793046000400023304050900002007451049031007107504030400002065708145002250800710
060009375032050000097683120054208031000006008783905602305090280046032007100067490
090361008305007004600940130850703426207490010160080700940008600086109007721600380
600040380128900674300618000201060500064370802900501706850402137730150400002080060
480902607790050801030108020210406579900001400870503200120060705067245008009007302
003000000764083920915026304400152000031067249802004010640018050150200006307605098
002060410970102058106490700029806040010024960460900025248010090090245083500009270
017342059000000318900180070452803096790600023683209700300060000078930002564020031
000096050756000800902851746800000375079325060063180004008512037047008501310900002
410730082700006010920450306100063800802945001045000923070604250280017604504002090
020704103976350400013009050590643000041002039702900004389020607204000385150000942
400359007083007140920008600600004930894605001070000486030092564046003098750406012
861053097094000308000879040500230904037601025280700600603020001050017062102580039
870046091200050007410903806931780200604009178000160400090400602380590014540017080
407020010319006080502930007800050024200040708054000639005063800078214390100598276
050843200700102359300790184800927000004581930075034000036010748290050613001000002
060048009105002873082001054008000090000029341400300086314000560076180930029653417
627003100030701090019865003004009830053687000900004016390506400500018079081902365
300201680508064700402080905247000098003842100800039046026475809035028470004000002
250900007060830241043107900035274800472080003000090724397060052018750409000019070
320184659900675430046090718000050007700026145459010000695000000204530860031000504
197800620000607001603021700731052006400098507050106003200704105516003479374000060
170040089694830020200601037000900500010006893000304071746120000501763940930005716
009704108018050027704860030100070043962503800400082906001607385800000000597238014
005020001160874253820500400470985036500010908081006040290000600650790010010648592
409003156060529004803040070576430009004208067002007041015074693600015008308900010
500108600600475823842000070030219408160007052028500100409752300007800290086030710
594100600381060725007000000079200501000091200105807060016080392032619807008723410
206904850810005400050002369470019002925807104681420070300040008007090006198250003
012003980368529407000010200006001850907250301801340700620075108100604503084100600
609805200000693005530724000007062009943080670000900401200340107098150324310270590
504369120610247050020001403835020094270400030401700002700512008340070905108930000
900800030062943085380060019020600098619380047050170600207030050006215004501090362
005049023694002758208750901806200000023005067000000102380920576047100280960507004
320004065045376800800500037250407083406150009100003506092705304013009050004630702
003028000089070012201049583005034800307061950140050067010205730836410290002090100
430002170006078034087013006150700042008305610023094005390800400070009250560237091
000430860342000010610925740000390270206000408879642005703584020020700384904010050
720016300691483720030200096950000860006508002002639000040860000213094058860050471
630040017001602800208170043007051468006000002854726001042007906060294000109060724
000006098095708063468910050500090704620374810047001020710025349930100002800039600
504690108132050769000703000493185020200000814008046900065009000021004386007861092
200064037370100048064703100612579004403006079000008201107005000008031756046907013
600480200480009365902510840070000020049067008005134000260941703004370681710600092
000391054036000100951064028640800507318605000000019863200106735560900000087502046
869400072054000690103600084001000720307526049600091835270184063036050008000003250
000008030934675208807300940270840051100050300065031029501003487790124003006500090
040796185098531000650408003026904300304102000000653470085047600100805020460019007
004030000280610035073400000308175249401203508002009301006391754007506120030024006
100043970060780210487020006604010090003290160910506043208407001001902480740050029
170500480300900050056128309201450807805670001004009205600094503913705604040300090
000075002605208300182400975004003000038700406506849237207901503009004001041607809
230691754500400001094850362003000678700380500852769413000500840020900100607040090
287010504109046080364785192905637010010490007602150000500000830791803020000500070
090340605000927801040500930704895206000460050256003400070000009020709184489051763
350097081000006300286301704060705008049820156805060002023674019078002040090008260
000508007248730056057624839020073040009006315013400700530947600700362504900000070
063020901400963200205004067789240536021030070000058020942070800006302704300490012
780040109210500607300971025946008500520060081170090200000000010890614350631752008
079028650130007842008045000004013069290006700760402510010500906980031070047089120
408023601076005028050000370810000569630580047020409013940356702700012095080970000
306051480801024703024060005209135007460289531035076000903000050500097306008000270
935007028100398070600500490073004009400175080061800247018700000006080750750413862
056007040300025607024310980830040056409752100005008409073894000080000790902071863
400009702097284016020701405900076004742008069165002037009400008000093071076125900
970612000028094700601800002062031000893040201040009067407028603306050120210400875
000601059093450016165090030300078020502160384806003900037900068950710240600084007
008104600271060503640370801004900000090046005506738009100000954059481200062507138
090260000560041982207900604056409320020800405041032006000098053932154800680000049
001803296320000047700524803200065000009700150507001002865137429143208605000050300
745013200010004653600085010038067945176549002000000060900008320400321090352090108
090640357040500106006000089030080241120396875085000603007104902910037060453060700
600071500720040016051306409086000704905407002010263950308504097100090340094730001
400073916301090000906208470097800100065029087800107509640900038580742600009300045
690250017408107590001904028809700361360000002000093004105026730040079085000581240
070506900920710640601040780530002490208064007009305208306890570105020800700450109
750901306001000500908357210094500107007608905510094003143860092280400630000120050
704510860000028104001704002005846000463975018900030005800102006192400583040389001
013602009006083200000070430004207950370596842950804673628300090000000368007968500
005031608609074521801002030124589360700410009000327415390700052400005000002093006
640735821103609507000800000400298705208157400700000208305080000920506183800312900
708030240516020078000876005604290030071304009080500624800940760340601002069700480
986057000127009306035160000008400231061538000300201005809605003542003607600004592
005400300073650108006398752100837600360209805080564010630005400740006500500043061
040500703708009145501470000900004208827050090056002371000047630690100587370605904
000009402062100000945823761006080007073465210520300608290506870000794003734000096
137096540020503160008010020000900004790040250245671309510039072000400030384027690
057098603609205041310740509900514068140009307506003104090060015005901002000050076
800123906001009000392560178256048030003750482040012509027490000089000005030081690
070012000020000487945867102706504398432090001000130020100240809504009210290380006
019208000003509810508010943041780005000100094356490108230906400105000730080371029
000657128167200059802900000901060030300710900048390715589030200204805600000029584
800007410906035000470180900000500748021940035548060192380600001107309860200050379
030960040249057080100004279002600804304095702086240050001038090503010028670420530
130902004050003002049018357428500070003107290700026035000081049984360021012004500
072800096009036850506049007895020741604100000730095068007018500910072680058900003
370108690006007020180029530248076310001580079009200040800040900907065401410802760
207105063900000410604930700309080526860009104050700839103590080006000201748016305
002007406041820300703049108054301007610004253009205040030010089096400002027958034
476050893200069050300074010897520004030001208100087930902015306063098500010200049
600801970300900800879603504210570000096000247003296108900010406102069705065082090
450906300380421060016000070075102600000060891690384250520610080739208106000740005
005600401030082005794501260003004002479208350500760904216009540008340020040120680
005837002283019000004652108100000369350000084860903010520700893436008700908021400
102703500000450108009100000501800970024607310397041206940070031730010000210384697
803002970270936400400010520089600752750800604001200000927104830500307049130080207
670418009904520000520007403000680002200701300048209075050372010730094856010806037
070685130000003000003791850040250691591000087062179305080502060006907528005840700
635048007002305410008090360210704836057083200060020050080409102020876549974000000
409000763537614802820390145600009200900100084040026570164900050098000010750001028
000520037420800906359604001792150048030207010060300702048000500905763284200480060
506000743013608025900340160342009817001782004008100006000097302230856470004000650
050260034760485901042093608278010000390006100400520893600002000500178060021604380
080132796093000400002009803250004107401725380079061045047608030000900504035040610
072901405060400007904608102005000026180295074043086001600520700028300049410860250
046075120910240065305610970000500406002860010600304200090450030074132698200789000
010406823040380600800000001392045086470063200080902340903618070150730002000509138
785023196460198003001050080000700800508042031026000709297501408000874025054200300
005710962798006004060590700800100000620903085057602319900031000570009820014850693
496512873002030005003900600004601200251048300900005148640070002300004761170263400
204830091370000008900517034400009615610375040025400070703058409190042306040600100
970003254080670193000094807830060005005007302709002648603750480048026009090040506
964012735000700000120503460000070050740005081659148027080020009276051843090307200
005000980024850301107439005003705400008091050579600813850060007706510290300208506
001800542604025000250940067013560974006309010790100003360018250542093701000200400
003065170007048000000970683260700091031096520709812436006000310025639048070020005
300608004650702130401300270030501769900406005765003040802000697590067010006294080
086503700310080026400210058570069000148300069000450173001845602862907410900000800
950030200400002009203946518065310020034297085700000401080160700607029103501400802
570009100001036095036017402109600008087203041003901607390702800760005020010308576
038005672200007910671829305067000084010760050892001700029000036406302001103050407
170405209900062100203001058520010006014350090030620517000006720782109635406203000
678500903200003008013070520406001302050004000107360409802107045060409837030650291
005600000100309007000071098901004830250003640346928005019205086807106453503007920
845009172006074805009508634200050043003002701510397008008243506001700420400010300
803061029704390150010004070489615030070080600200030891092043060630102080008070213
006208401524900000000704260302080195100400872009105030201879000698001327057062010
068007320070023804342801000006109042493002000050080006604278105920000487810940203
032010045960245007500030069004092071107486002206000504405708000073900406600350718
260100054000402300481053902140905000029360745300008609574806103902700000000019427
705002030230100056090536720406081205809004000300095648040053180523000069001429003
302609501800701049100080300549060800620800150081352904967000018405000630038416000
297043006000620470016057302901005247040296003008014060150400700600538000832900054
007098102620470850104020006200065731350200000071034065063100580405309627800056000
503091700071320540049807100000100207705069010008705063000904870050082394904573020
037028041018705060005300908040170020280540697750006100504007312170900400002431700
700000004603849501040030060160028430030500706000603819015082693070096008986351200
640290500005003620230670014973001006006809270080460103000000700307952041824016350
809300710340207006500910804050603148608140000094002065210409007906720003003060921
548007300003059080090310245070935008082070600910006437830562904260040573050003000
201053408074060503850900006640000017020146985010200360080610730030087009706502041
250064019841050072306720040078105003000406791019302006080200060004018200103040958
090072086387400090060900070070620903000007240904503010700031509219705800603849721
005420306000100900431695720080000240006280579200971683060042097140000002070806435
204609150503004070009301804100400790057890301960107080701046200025910047800020509
801206704000400931000301268417009803592000017300010509050040176064107005103605400
160097085700600020309108047076310092203084006001900730017832060030060004602070813
000760239786309040093400600008107006150906420064080071600094850002605010549800062
109050003050481209028009014500000031930165080610803905060300790090527040273040108
090041007610070328080036941538702610470160809060085700821050400300010280000000175
654320017802070460031068005000000570547680009128000600215007300300106042470832900
008006509590421070034090061082030690053702104060018050070059438800640005345100006
697120458000690001000047020000910204020304000014502860860259147071006390509730600
051000876679851400000603100006000380005389601183460009007502010510798263032000700
590270130041300692600910000276030049000547806480002300034009000007428903902050487
100409500900001870670820031340502068015637000200000753009750012561240300023006405
000760208726010403801500070100902060092008107603005029260391584910057600430200001
105809034038600950006150800580290713900700020067041009602400307009562108840007005
830006790090347608064080050070001083543072900001960507009020075057108002408730069
900000800520607190670194053760840039009760420082030600006008340207310980035409010
150980006006012037023060801805200703302870049010059002008000190549127360001490005
030240900826130005914506023100460050400020001260805407390080102001702090082300564
160970082008001030470058016834529761006040005009600800005406100687035200300002658
486070503007005200009863041060780000015230870208400639001300960740600310093517008
005690084046000002027485013170900856003060001680251007501020078260074130030019005
587902100340150780916003500230080070000020054074019263053008410408001600791405000
070190408806300100045082306060023504580000263430615089004560070009200805708030640
062300578004051620058702009090025031030908207001070490610504782240100306007230000
840032006002000010073194825705040360400051000018607549184063057050208130200400600
400680030530924687860071250600037902003100800000598306108750060050843701300006008
014035080800042713607900050963074020000298007082000149009006270020057890578029060
740002900280910540001708603005060872864207005007801400032680700670004358050079010
000800326810260400264750001090070084107002030480931072700028945040097200629005010
150408067006050300807096025460000500509134200002960481008000700624517809700089610
006098450080040006432067081093475600000903007547000398309824165250100809060050000
090018070803070201172350008086900015700003906900000742307684500650700004049531807
210834700080609504960000810400761302301008070608300095802050040047126908100003207
095061023200040760104320005402198536906004100010700004547089312030070000009403850
500904731003100000178650042026409508030500627805760000090040105081095374350071000
580490726710502309900080000000079462826104900470050030007908050650023890390600017
824073059070800030396501080680000023401230000732498500000002046543107002200980305
207940100108526073030000502001070030760830240304205706009162300013400620640300081
080093247400006509917240000063910800500027061790600304356400790070560008800730056
000072600896040271047018003050080720670009800028751304062005980780290036030807050
506013847000500090134097500679005030358620010400379080701002950240000176063700020
030050070019020060465970020104002538870513942050849700080007053543281600000030004
003000016451368700600001300370005904920630080148000030030000809500783241817902563
004050070006127050175030826590001034400003100710849502851096003040385617007000080
647021039050948627920060400000614000095807002061205708270059000809000254000380970
050073126006000700027040359005324901341806072009500400762039005008160230503000094
408957000000046900007010006540268710890103650010090830605081093074509160009604270
800270640106409780402100090003006000085317904704090563307601059920705400060030017
710800003620073090348009760132040050080951230506000800004080009971026584850090602
980026004643185200250700006010003678700601400004872900870030105426510830000068002
080009053500306247060500918002803009010005324609124000370250490100400030945031702
301057680270610040500400103852090430006274015400300200795801000084030051000509768
910804507804050392257963080001080075000009046429675108000008600006007024085046700
002046010500902340476300890847560030120400705000027089083601924004003108290780000
085730000200000301130624785904000002012487003003902417546310078001005906300076050
786000015143000802529060430074310050008009000001604309007026083390851000805437290
014058020000362514352017900200096807093004250060005491000001040030579682500640100
003008460176049032084002000000970003539284601460053208008001725002860014015007080
570001360206430780003270090020569030050300079639007105900020010381790056002150903
090640357040500106006000089030080241120396875085000603007104902910037060453060700
016904030005208901900160002190002680003489125052010794029000308081025000300091056
004900006096004270283100004000000725307209841420005093009521007705693180600840530
409003156060529004803040070576430009004208067002007041015074693600015008308900010
830700040016504023070009805000803150600152007251090630160005089328940501007210300
108050407004720005750401280010260309360084702470100050041000500097813604003640970
094086200080400950320019480050600300940201008078930125402760891000092004869003070
457930601083260904000500708201006800098340510500180002009070080374820100825090340
600400509020589701985060300004273006018004200230100457062907130049305608050006040
602000005000607000075291300006580100850319627921740030207060409140800263560004801
082316005030080040006720013267800530500203087098500204009602408040197320000458100
205190003000020048689730120792001850031842096000900300006403001073200460450019037
172450300090007145854061900501790268000008073728605401060012709017040050000073000
070210863250960100360040002500130609080079500910652080095300200106504098820796000
985004021100025030020108506306280910207009308800540007601850403002001600570406102
407561020060800574308040010730450102106000400500916087020603001015090008903105246
800079001479305008600400579020100867068540100091860200280031040000200015147056380
708002160003107405150480070004070206072091043801034007000540021289700600410026708
675004000800009003000861205000175320562040800000002594348297051706038042259400030
783150206504290708000387415047008560600400871000000920801000040402061059069042007
010027690900050437507309081190070026300810749670940100069004010780005360400000972
007610004046209308820040960930056800100700630702980051289537006010800090005090283
016387020000019480000564017048190003201053608673842590000000709360901800080620030
700000310183046257002173000008010670901060500507834901019007005230090768070358090
090072086826400050030800090040910603000006940903507020300089502651704800209153764
183025049062948005049000872001450090020687014670310528400073000017004950006000080
423800759000200300100900026004093217300108504002547900800050100290310470701482095
260350040753048260000001035017030608604009120009176004370400080005763010140800573
359401007400700853700350010000000700573024106240179380030207560610000000920568431
000003052803109460004260398570632004400508930300900000085306701036081029200005683
953004080080630420002087309430050107090041638870960000304890200009016004510400963
008300625316257049050006000125000937609032000000579260507821390201090076040005002
108435769936000000000069012750296408402080100600010207800700020310908640049053870
270641083900507102861000045050406008400200679002009000098704001340090056120058497
080400300327901540005730980091500000508097034003802195030608400854019063002004059
250006700068407200040509816594760002801000670000298450000002103412903500605804027
803090062047825913100003000521940006900081245008050090069208500710430829004070600
020360000100489000036102907263700890507906020940528670052874139304095000000003004
057409012403025978908007045200008103009563007800172094061004050500090731090050006
025039001003000987690148300034086070560407800008090146040501008701920035052060704
090700080705312960061040705030079410670401800402003097906200138000136000123004076
800405030400060052029000068008207096294006307065900000183792045950610073607503001
170400003005002600046837951800015097064320005501040036930260540650900312400503000
040603509680900030503104670400800320902057184370402000706230840830700005100048760
002459107300028506075030040069380450207000013004000009000573900708164305510802764
006350280300700109040861005073608010650270948008005603069000421004906057027004096
009004000000630900071890200580001492146259308700000561900516783000903054005487029
038750416001604090460300007890062730672043109000900600906801540580206901010400002
078000046001432070024860305007120650052074100043008702480715920210089467009000000
091000240074000306358024197063007902020140003009036504910060730042713650000900420
100907268060005010928640007807300409019408300006702051301000702500079643670283000
028000059715090003004508200509100030172069548860200000406031700030025810201870394
096007500405861000700405080000043960647980310080506204504238100062074800130600407
150040020009005364340982500405068091062051040080400056200090075074326109098010002
609805700754010980000709501900530024540290076380600050208900005100082630067103208
000150406547300000012084539480010700000038240230000001063820050829543610004076382
068007320070023804342801000006109042493002000050080006604278105920000487810940203
040350200500840106936002548063200050409060002705080364600038425300425009200607800
810326000703540092500780003271904050300005020050208079087450906005860004406190580
060000581205810070018957004004020605020508400153670029001205000072400098406083152
619452730002010940005070200090601500030098160156030802003107409041080057708940020
097050430000980000514230689470325890026010005300700240650103024039040068002809100
509100080200790506078035042087001360690070801005986070950210430000803005831050607
840956100269008004715400080054000269970245800080690470008760003601089700097000018
058000000200609070697002183024005600813200759560070024170908306986403007300016500
700300820080002475020847009001738500570410300060925180057283900019600050402501700
004007906936108004800960105740009600300001872081572400200490018408210507160700040
085040172604201005002750060409080020021403090007902481706530200053020640090604750
205000091700520080064109000059281647407090120000430059070952310910048265500006070
050000000603295017709036852300000278078023090021768300090052080037640521502070009
589016000210080000007400000058073006160948207972160843840732690000000172705091400
007193600910400027054700310300040100200000700190370542080657901709201485000084276
030010090091000567750860300040020759005000483970458126009673205300080074020900638
123506890054000620000327500830290005010460082502700069269804030401970256000600900
070850200200430087384007501759013042000008305830540700560000100090765028027089603
060049082900700560472068030700006108650487320093010007500070003387690215009150070
038165920460090100200008053126870300900001040007039816074906000800513407601000239
205600309068530040003902610400100030871003520090825074607009000184356792000700460
000500621305068497040017003080700032700190856950802710037600040160425300090001260
501024069000890050948615720000930017000452980802000305619083004004006192720100030
008103674026500030013604020240079000030046908680300247071065000860730195900400703
030270004400000000010406283308124795125093000947080000670002851000307409204510376
601029073089034620070060005010207000792050184005901702024805016056302097100400200
783150206506270408000638751071003960400900875000000140307000080608097014049065007
460705300798310200310090680926571030143000760000643000051007940009150800070008512
005014620006209741140008935003820409009130050720900386568000002290600003310090860
907640032603005080200301046120000897090704020036892050082009375501280009300450008
170500480300900050056128309201450807805670001004009205600094503913705604040300090
608195432105002700300874000059613074480950203000000190503700906000000008064529317
003020685060083079458076000305700014000005300641398750024650103900800507530209040
500081060680057403703009105030170900809043700075006834340095002917030040000804379
823700090406053728907060140009800002301600050248130900104090076002087431705406000
154200603206509801907316205509400102040090500010025030000070426020064300460902018
309010200000970015010000068435109780087460103261000400193040672500001094640092031
090072305005401206342900700207048950130509020004020018029010074083795102006080009
040500703105007894708640000800003907924070080073002415000021530580300241310804609
201308096000409172009106080028500040004602508000847923082934000300701060197265000
964125803030000029008096500387610002000000301019538046000400007071089435543701090
006009400008013026000625800840200700000906502650730189360500070497100350285047691
000209580978365040025048000067430059250006470409520030502170396601800720730000000
503910007600703450029500830096480020000050618851067004067800140082604070030170980
408023601013004078020000340980000134350940067060807092540286703800019025030470000
000001950906054001815970063690010530043080100050493680501029006067040029020708310
040201500907004261215309748050700000826915300704620180402097850370580006000400000
104526087850030020003870540205397610740000900000142758010980000078260401932010000
036215080000000207005870360001380746083007910040620500008000694002098103379146025
300492500054000023601508407476003250500964710008005040749350000000700934013809605
625048000309050408010000026208500647450200900000486250041760090960005374783904060
014300508000090013532840096003000947008050062069030801400723680870900034320080179
050609000000408190920310450062180070073090000149000065295730604680942003314005027
620100405190008700007600001300580942500964813004300500439256000208741639016003000
167032900009080041005016302524609003000340509903008064301094050090107438408060090
659801027400002003002054680090540070020008346843067090284005700060429500030006214
800027400507040091094310708400001976603502104109064000018256309350000600006170805
002040015003007420741000093317650280009120000026070139035201047274800361000004950
004900006029006840863700002000000284906508731380007059007295008201863470600170920
315620000920340586840097030601470008254000079000060410000204957070009860080736240
903000060040063580506871304300090250260310978809057000650780030400030020730540816
090080703007320501143076900002960407038007610609013005704000106006701204021645070
600285430230000090041960870107429003095000018002850709020704080814092360003600024
253000400000640035080003020509807010008091573104325980005170040391084657000530190
058140230100806900294030010470060092312907060869014003001083009906471000500602040
090104600480906021036070490004300016860409200370620049040001708053802160608740050
240071950051460700070002410037080005402015360060304170090208601304009807806107090
017000439304906018892140005200000506508364020960528040400850000035602004180030702
000906000609783240537000689208010507400000910071020468064890720003160850700430096
020496010870513094000020003008004706060270500200650309402789005081300972095062408
004596030795380460610007985900765000050000008302014079009470016401658093080030700
641050020000038746003204000500720469900080237762493801020000600005602184480309002
503190002460008901090042053907320068804061030006800109605009704100750006079406380
070805300580610724120034060000160932000490010001500480347080059900350608800941073
200830509507926130390500200000718005750469021601350007003245980000000052820697000
086009253042135670307060910010380745530901860670000100725400300001600427060007000
076008150014036007005270680091750268762010005000402700680020091520180300100095870
907803501002900080580014790096500013170306005005140067061030059039400670004692008
002005381310890000706310902901030800200048705807069410008450039030006540524083060
607051308003007124291030607032080001589140700016020009004690010000413070168502040
360049010021607539050300007080073042274000053009254006590068720800701095710020080
004008076209164580806003104000740851020031700705896002001389007007625418000010030
307012580806039701201000400570081090082900307019070208928705003035196000064300900
890003057637082904000710800306904780705021630009006500028130490004200000073065128
790054028064072590008010700037001480025480900001530207070025819300700050589140070
070020945001985670592040000106700804004090510087451006800070061400260703765014009
208305476005006300306701090504067009701004080020109754030650017860010205109402800
000100050354062890810039670701000460020804005508316027106280540290450100400600730
415360700703081095098007630004923850536470209080006047821000900050090102600710000
950200300100003209083000007730140682501702403800900715008001506600509834375460900
030600005900208630624053017402009051300040008810726093280067549046005300500480006
501006809796584210000010007810207930300048072260050004938070021040020796002491000
405137029019520000008609315500701200100204508002006900250960100980072653640005700
001408035905061078840300010060170083092040700308605190050914020280006541407002060
008501790502497318090300045400750603000180050903240070005902184020010030700835960
200503198035180020861090000410036209070915380003028607000601802004072005726050030
260050309805073021100029800050064712432517900001000005780001064016745290020080003
007405001205070834049800752582746300391200000476009008900030000004582960003194007
008900102250701008790260043473190820015403709000800030040082017680317050107000280
004001030003800294500064708002600047901703060367548920030005472205430080498070003
001025078000763100020001653609052700730600005000378200150084327900207080278506091
060980500392475816807002409080750004500140967074036100030804090008000200249060750
050062700027000085940587620100409006030050070764031598478305060090610300010700852
000410287618050300407380005235097041800020030001830520002008400080900062146273950
000030500139045070260071438910508027003097004870004609001056900096183002308000165
736915402090200600008070350903840005050007018807590204609750100501300046300104097
600409080491080002005230640060100000948000167210704095700803014159040030384012056
870301060900700001401902783300610204140009800086407910519076002720050698000290050
598671023000009850120005007849006300007932084030040605060200018712063040080057036
010009040530641798079005010006010005041028067980460103263050879050792600100006004
068140070009500000430900005000653091076019520000008643013804900740395186805261007
012003980368529407000010200006001850907250301801340700620075108100604503084100600
530047608100300027690021005065094080900008056710035402056183200800400001021009864
000506720564000018170438600207640531050087000096003207603800095019065002700920063
240380910076095300030007605910853260302070000004009731451062000700030126600708450
517032006640001387000607200850790023060580071074200850790028060080065000426070530
708932400502080039006050802469508300007614080001000264683091547900060020100043600
860000010013675092700108304235964100070020900001050426520407009006030507307580041
200708130178432000009000827790084201000260908824010006602809710007023600901500402
021609534000030002840007090134800629957306480080004050308062005000590018205048903
600100408810970265020648000056000000080064302300581090090817520208035700175096803
001398206805072140060001080003200900610050837984037060006400370300709401027003695
415800060000450821203091005100700083038016004904305710801900502002138697307060000
160079058000546102040810607601700304000980705705064009000038541308425076000190020
300506890054290003096010750078000000500071608109483275081700536040065900025039400
007050002546003009030179546000500600351060080902837415605348921003600700820700300
400001000908725143031009207043507000100300675750908430020094056095070300610053709
740302965930040001026000734000034002800020019214689003080400007071205000452873096
279406100800020304003000000000700950790300018082594607320849561560013740001657800
000279805005038040007054063430502078070301000050040000010406507542093186796810032
010760480695428370080510000530947816908100237100002000020091703000204060079605040
050201493000300156410900827100095382000020961902100740201009008800004209396080014
912057008460001720000094610309410507040000382507836000073105096800700004104960203
000360000075190846269040037601020074930510020400036950800050019003670002794201063
210008030003071024807360015562100000008640150100290768020709081780520093390800006
809061004060204008072090651908420013024010590600059400080045329240037000503080107
907658040810000620300120089470005012009802504205410900790200450630540090040309160
006310804800074610431080050105008007280750031900042560017093240002000105608521070
309800510410070380002315070750124803090068024024000050001703040538001260900082130
000180430064029007371500092038060700600402980410073605093658001006090370180700560
036400012014823560020001004070500090601382050085009623203058006150060238900037100
009851340103009508048036912080600730726390401004078620430500090800062000000080274
702140306501670294040009017000320401050904803300000009000590130920031670135762900
070210863130890400280040009600730205040028600310564080021400300704309026860172000
040187259210005004905002800183000490007401080020798063061200900739814620000600340
038506029075924008002310000320001780710892600850030201081069340063085970000240000
300905024920084060045070830160203958030510400402800006003028640706459080204000097
094278560730649020000001000417090208089030007620800945050720189972083000800065002
706105408805630170100008020019000360080360201604721900070203050051006702460950013
740932000002000703503000942405003170186094025007500469004057801379018000851060007
086030041009450008504608037061503892200800170097240000610320059940086210070100400
006005201820063050501072803405609008180004906060701034258007049300090085600458300
706002001935180600821496300600300074214759000078204509102040700500000020060920138
456008007000940538830270100064590072178400956000087000701009000685120740000054681
194005023027340016530281479008532600950164008040790000000026080081400907009800200
623047900010000073004835601030690040050784310941000086489500132002400097100329000
000802463321000008860793020710000540000107890952486030400638000100000689286901054
900003005706590200520016789090045307054307098370080004807109050409700030030064971
006002530340906180825713406000890640709004001630520078463070820008009305501000004
629150400058076210107002000370000801894207630516800007060403050003029108205061090
650710230290083047700246159007604092023001504000092801480107006002000003360020015
015079823060208090092000074500030008030082900928406017301897400040300189089064700
060405901010206005542090670394560807001008359005309000209000140100954700470620093
000950630654708290300260408002007010503002709147000580731009800490800170825100940
921800047800700003736905120085090032400051780397000010018504090509038270073029000
160375402800200003250004071078030940002040008430698057020716004786050129010020005
000000469976405300384020715439800650010042000027506104701258000508193007200004001
120945060307000045500130802001409050000802314402371600216004508703500900085000471
296084070005706298003002060107058430900460120024900005709010042580047906040029003
970002100081500703020137408090315600300008040658900317807040530200703061035860004
408030070000417058721900036260004813104008002500261040645820007000740305370100680
581009437030014506040038129410900862076005010000060740153802604860047000004000308
040300000870069034000754801308005142000810906700940083614297050239506400087000620
370082010050610890061007203693045002500001670040026039980004701036108900700209360
006000080004936051520410063001007529290153000760094138617800340900745610002300000
304095706501604089000008345462079008008301000190040567040900000215480900039057620
906502431804090206100760958001040000409670315580021040690407080007810063310000004
170540008000003109362108045530207490006001300207039801015974200008000067790026510
008027903052309460019008070067230009180700006090680147000802090924000085801956304
908042376070800000026701904460008120802007409007423005741089053005010008080305240
070001908002507000300408076200070693910650482400902710725806349039000807800709050
301080250050326100208400037506030000082090563030562410640973020109200346800040700
059084027640090050700015906410000080067851092900402603234168500070040200001020864
830572460092060008400900230140706092085020043007304600500807320208035900304090805
972300015348100006500790083480950072020876350003040908804019520607000000295400001
005072419023510007709060030238000750000758320570103008000600905351940080960085103
032901084104086050008400016407360091320519078005000600500030047073194800801600039
601048720700200040230069850072031068403802000080050432906503000020170396307006580
207430901010620074504009200740060009000847002182500746003050180001074090679380420
407800000103029087800301495005600740321700068700938020639000054000140030014593870
070925010009000608243108057401007530380019004090340086107804300064200795900706001
017490230094650187053200694500071029780349016030000000000184900020006001178005063
500006700084019520079503680750630900020078465096050300817005006900160037002407059
000041062000570000340629087760234050034107296012986030007062300650000400283400609
085600290100200006602004000208005460957006000403721958726058149549002780800000620
076003001500010003083924576807300194061005000090148760730200000000001657614579208
030010090097000153150320400020070638006000971780936524002647305800050049070800216
890503016600090375570206000950741680140030020080060501700020809400100700269387054
090610308802005090035980062027168034086004020040009870000076500408290010673400289
000920705007460080600180904160708253074002010380506079005004007046071530701859040
205000091400390020098105000057613249609080370000570016070241980940058162100006050
300920400261540830090008026020071345753004100008390070019453207600010084405600003
908321000001895302053600091084010065509030710700580900006907040090243607007068509
024630907001902460908040010040300000100008702385217649059000106073169500002570390
038060400504710600060043257006037015059600370307450060690170500870306149010500030
050200041218040000743001265486910507000720904907000106805002010062150478100070650
071390804050000200086257130560019307703460910100700005002500093830072061910604002
320000080045018620100325907603907201001530070074100309806279514010000790059460000
800009015120835469905600000462100978080006043070482000010067594790501080054020001
024000050005821004730000091002600137470392685650010429506230918200004000080160540
400002105915700320732005084080000050654209007100006249001023060846901000327008491
070028150004000679010060042052173986009200035380096001600702504031045200040019360
450230089730006012060401700645719820000063900103000067506378004080100306027090058
504319200800740513103000900600000702480063009059187604365924800040001026700800490
400006081071080036000100002360520870089704000700009560053010697640953218098672300
007089100648100090090340768070800020081052076209704013925478601010500204800001050
320670489009824030400319062802400016037908200560002000000540073003206854940703000
580060040009054061407190052170630080026470500040010627600740200804300170750901406
863970005249050730005034962000005200307129654500046809000400021902063400034000096
501000004004197025702045901076080510300051460108064200060510840245800106003420700
700001405080203970916045800690024307508007290200059010072406080364500109000102740
924700006105003798378600005000090000692074001080026379009430562000902413240105007
080970010040205789079140520901507002430000671708406930304729060016300090000001304
106502098200080360840301020400203007060817002782000913007030800594720130300056079
040500703607004182801260000700003509913050070065001238000036840380700691170409305
160090287004000000203800090040230900029641358506080124017059860690004531350008700
096007500405861000700405080000043960647980310080506204504238100062074800130600407
109067483754008006000140070492675310000000600560021709987453201200080050040900037
060059023037468091150000400421896057096310200000000019002930174003020860715604000
601907008080000109029816304410002980206490013070350002130009850700184230860003400
090041007610070328080036941538702610470160809060085700821050400300010280000000175
320670489009342010400198032504900063098403100130006000000810096006207548840509000
020580067706210900108060304800006010001805409593107086380002700600301890907450630
509036002026080950800025640094261830005340719083000000938602071001003526050017000
570420090640510270900030041092603850430087906006001004250064089860105700300800065
960080217850070900070239005090800020038164570504002380080040002049327150307008604
640901287218670903000080000170063429900200000062405801490038702500046300807100504
641875329500032681002916047007358000034000700060720908200000003003580096708003410
200830509904571280870600300000128003390756014108340007001283490000000038480915000
060090142034002709000740003400000028318020076079380415023078000047265031581400007
002180704080900315490700200100807950908030040756020801805600123009270008060318570
006203090428000060090861724031092040000600035689304210940100052003429070062030409
514060008090487200720010946901020780280070009360198000400809030036041500159030820
970100523400200010300900860040097136003062008067403259029041685030050402080020301
005010300173900502004537108308621050090000401207409036000090613760085200439160700
783150206506270408000638751071003960400900875000000140307000080608097014049065007
630800004097340580140259030729065003503000060461000700956700108810604370004081020
150004673020003050068957100730509480010078060045060290001096504070830010693040028
253070600019040372000328500060017820790002410180504060001086039900050184438701000
150003086040600007370298015823960700005037049004010063400080002007129634231040008
260050700905307862700260900302508100604100503050073409407006301020005048506481200
020051870007608030080007159001240307000079560476800901200514093940063200710002640
040700085006580347705030602402100006007060090009408271390210768200643050560009420
104030005300870290280064031960400018500700046408156007020005000743600852090247160
160090287004000000208700040020940500039287164701030928082069750610008492950004800
709038501600701300301600820503400018406103070090805406937046100000012049210900603
029150000005002040700903500600410035543607008018300406206730104800541002001286753
563102900100040030004035861078020415050470006402510300019304708005891620036000100
070420506920036714645709030002004003006000000019380070504800062861205047207040859
063281000070504018851379206720005400005400062600830005007058000500023904280146507
