250960873006020000470510260032006508005182007608003940309075004127649305000000790
003021409050000200004763008500390001390684725600152394000470032417030050230010840
200080140837010002100927306510604030003070659076053004058241970300060400704500061
630480000710050829005270046927008001000932650560004082409620013006005098201093700
631700950050860030040001720712495863009010275080200001305080017104650302000003540
040010280203978005057600901102596070570280300009000512065103098400009150390850006
046038570207059846805064930064010290000503760000026004050601307608070419301002000
794280061321647900680000000503010609008379200000800013256000804407920500809500127
005324716030000004146980300304200001600009830809136407001003269293761040400090070
691348720700165080504000006946510073302006401158007000030700500265894010000600240
600780049100206070487100320003460010002500930741309560504800601010904003098607450
930080601002950803068710900020000706741629500050078290097061380300090400084507069
201053408074060503850900006640000017020146985010200360080610730030087009706502041
052063190039108005076290000018500720000689000903712000080306072260051083304807016
095263418840005203132804657050649870008057906960000005000900564009080300000030709
046937251092004000503820000010780690085003107020610438067250010050300789408070002
709050631060700002302618090017002840023407060004901023098306210470020050030840906
071584260540000080098136407759608000080000670460751920005217040004360002607009003
068100527500800431301054069003508700980340200100729006030470958004035602700602000
000203618391070000620540073510480300083100006009056841860012400102030069005704180
418030502005280001003150870034098200800071904601040705007903400040805197589010003
700030108086079050403068072907801025160052893005006000008400507300015080541680209
240005700058070036697130580000701805812506970060008020021604000386907002904010058
000857030370000400198063725534072601009015207007040003782034006600200870001706052
063090100918006307000010695150300200020081004607500930096102453005640719071930020
300650009519002003070309584000500130123006470054123090001060007960430021205091340
001080026090315047083060901904027608362840170018000200027053010030090000049278503
190040806562008047074695002601400070920076380700200001059860003300500019010934560
582034007073000900000672835309720050010040300760310429820003091130095780900087200
050020009903050280100390060235061700810274650760800000020700801071680920308512406
405600020083095060107020093320400750071209004048070912052086040700350689036001005
360072540009000026052684007031009058805103000004508613283451769047090100000030005
050870093038000020970362054046030502705428000820056040364210970009080030087600405
890001300501796802020008190009103504300000600148675039653407008000350016014800750
008005790060439008932800640046091837079000020300742500604103000090074106107900384
128607045040035910030400008074006580052008130009543200507360021400100607201709050
032758900007000860018620307005070030700590120361802509429017600100089703070060201
210400076063975104700006300005791032437050901002060080901630000000240013326007849
305001609700029000190805327063250814007048006840030090409080160031600000050712943
005247981800096305901085040060038104100000730400671590010804000786003019000019863
026740500500900102890250076069510320205390010300600940008126054714030260600070001
900700364360000207001032950504987000207064830010203070649020083082306000053070692
096002000470016092001304765003480500018900430049560801000109657167200080950670200
860594203370000405004702080015023946240960050009070800523080064080200530090357008
620700010010403067307210085501920740002030059904650001008300004170542698406070500
132705096080019007700300102840602000500874019970000428208003064400120900307408201
006170090351080640008604120592836710700900800004005906807512409010060305640300080
306001890400307200072980043230819765010200030085030020920670300540093682800002009
050109034610304079403500800205617408000900300974200065106703982527890003000400700
900608520208053907005090810080009002400076100607031400506300201002065340831024756
307000500409103800006459000070520638032008957865000020093010005520700093748390216
100904203294030001080210940976300802030509460005608030040090020302780090750460318
972300015348100006500790083480950072020876350003040908804019520607000000295400001
650032890102690005003800201008754006047000982061028700076409500400206179210500040
009300002008400507542671908000000200906042070271835694000203750320706019617004003
175460329300502400200907500000090700014000892000271645007689050651703000938105060
060080000031904267940206015510460030082170049006008052023809506000007300758013920
503807904072090003001053820239704001010900002006102439390516008085040370020300095
750901306001000500908357210094500107007608905510094003143860092280400630000120050
390000050240078309080359201109640820020503006670001504900010032504930680032704010
050201493000300156410900827100095382000020961902100740201009008800004209396080014
070021605020005081915680300000759160691400200307200094109563008700002039530800016
090870206278000401000300907762043895140258700583907104000080300900025600806701500
024906008086310749090050600602039084000801200948020370805060900000593800239100465
001380040054700302068204071002046003047100056690507410270010004030075809480032067
000920705007510020600740309840207531035004090920605047003009004069071280104352070
407009810005041300306820540030068400609010230048093061280076050700052100053080672
384509270000007408000040003020008365005720189890051742950270010007080934608910500
060042805972008400040310092014293007207060130005800204401026900806509700009004326
460702130001008247807031000200870065694000083700643002140300500306094801002106074
652709010030065000940021506000050027026173958075082400014090002503000790208317600
003000506580002043004063027072615000645308079300907602450030008009400765860209401
080401000510000842004002615129000080800005401450800709061530294945120360030049057
002890740407060835630700200020400057150270900703905604270300000009027508860540372
809000301237000500056703000784100930625098140090507860513000620000900018978601450
080100230593000710270083690105708063020030407607405821350900000009000306862314070
006000080007831056280960031002003167310726000760085423641300870500248610008600000
900825604860030950354006820400008072081792460006140008030059006679010080205000019
003000016629814700400003200360007504910450060542000090070000901100948672296701845
100305074405008902280064030090007508002801300648502091576089410003070000020150687
040001203280036001730290460007012305023074609450900100502347090076020504090008012
019630028600000059028759300086402015270005030004016870040560007062800540095043086
000900150853061002609205703045810009090430215106090008304129007900050801520070390
190037408500816932068000000001000500450760120023195074005670049930001207240980010
053460079904003658026009000008250960209806000040090801501902007397614582002030100
734051068251780030900040105040198750870000041519407820080079310400800000100630002
300690050009800072082001609420916587175300090890020013751203900900704000234000705
000574960350600070700080020017952804009710650020300700978200546540067001260090387
001007006307512840045600210506208403470009001008061702003904075729105064100700008
602090483408302000003054609006500102905043007720608305300020000209107530507906218
000541037351800204407009500843700020090084700005260489008032065160007308034610002
002085310906071084013090070509000060600912058108706032760509803090003100304107605
006030080035208004842976135060002370089007500000503806090750010410820007257361008
100904203294030001080210940976300802030509460005608030040090020302780090750460318
004081203156203490200005700807000540030528017062014300305109804690340005001800930
068103020102680034900500680601249370005300406340060002090471050014030709073050140
008060040001007865654238070837109400540002090000084357203700010710800630005913082
038705010000306009709402053586000147043670205900050086302807501461030700005060904
521600407007058019080210003790860002032904150100002098004709630953020874600045000
327080150010205004050063072509001028004820091280039040072000000005417263103052780
514080937983507162620019800748061003100204608062000019000003204090008350200490000
000908050758200649940560001003096000860700293079430580001085970407009360605304100
069740510310850200005010048492100056037468192000900000901207060040690700670004921
309102584500008006206504007625710840000005060890340705048600300750083601060097408
060023010041007200703109846070238401294001308010090060002070150087900023650312700
438100056060457003017080209650001072020500010074320905245710630380004007796800000
057618200091000645006059010000960570965003000042085369600500031500200900319876402
050109034610304079403500800205617408000900300974200065106703982527890003000400700
701463908008910765906080003087301650614258000090674200060105007040700830370000500
070203005631705240502000713700361000053840160810500400107900026080000004369470581
608459700007020805140007902409060050270501480050740210030085104060004028584910600
600009010050316007138070962524900170060147005009600408301090054006803001075061089
216930074903274561045000392308009040000800003427000986534700018072006400001000025
635000729000536008801090000160087205503401086980650147350040070016070004097260050
610050208000001079987342006045810090800700102701095064360170025059400030400560901
100604783698200100070051020700965238035100400026300007203019054560082090009006072
300006071067530080021740360000050836104080007856973020200365018670800042510400600
024900835300758000081002970905420060000080249248630050490075080000090714173860500
901040657605800401403060902100603205302007894800920310710290000004705068008410009
901050206087029413060081579895102630010900027302008900050010340700590100023046000
020000957309270000056918034000704609604002100973860540035406090098000305007359408
901050206046021957070069314462907530010500049503006800050090720300470100087015000
093001005010730829082590700060000000841970036300862154920350601004608500650100302
810067020546021897003904500000703009007410000304602000625079034701240085098100206
090360275602090300730240090870039620003102950021800007017904002009027810280010740
230047859000359206904620001760800004025491300013576920040000000502014600001083095
170400003005002600046837951800015097064320005501040036930260540650900312400503000
702030904060205003413000560908352100621804300005067000096000820204018650087006439
005600000800709006000031098109005630450003820263178009076304082502807963308006470
543700020780230495000014003000090010052408709639072508005000960097650001068941350
020010053003756400645900780290080045500497200860030190070040506406509802052160900
039006450000090200605124938086000370900300500700968040190785600527630004308410790
540703002130040096800109703081925304900300000750004921006001000078092160210076439
024850096000006030836041702000030005510682409492005680169307540040560001200090360
720894300000010078638020014170040850006501740503087001004170080067452139305000020
539071084020000097070942600783100020940230816000085009000010060067503908392064501
906534800070160409038000105000700023357002000609385741065209308803070004200803607
804760109050040870019230006043082760508900304002370500637001945200003000400657203
850060729960502008200908100700604800600381574483000010040897306570006041096100200
003049560615730009070006803100590302052401006980003051730002195090374020260010030
109826540060000019530097008920700460700004302056932001048600000010053086605270134
480903050006500013370860029200318967890270005160000200000080591048105002519730600
096780201278164950001009870005020719932507080000690002104002005020350068850040100
246908001701004208000017406630142085510009043800006007003475860460800032078020500
100030608804005130005008904583029460000803200241067089659072800010950020030081590
006047001057609038049080760700900006518476029060800170670200093891003000000598617
170090260295786001000003507418070050530864170000500980341600029050309040900047310
005093170034010908601850200040170509358009001070530860400021695562004010007065400
500940016193002480026815009052300704007259060961407003209004001630020947000000830
820346059706005408005900006209051080000620504543700610054862001608097203900000065
315620000920340586840097030601470008254000079000060410000204957070009860080736240
003087100100050204792401308879000620020670900004529083947830006006145800001000432
005806420400320000726050839047030902581960070000087056052003018003098605860705090
005900381091040000370561092780390614500078020904200050103000260020654037607130040
280136974074005120001040050710809605600714302040000790590072010027060530038590000
000107005407650139815009040081060000640501890002034671178000503000705008069283410
387504600000100084510680703890206005600003129402015800700350201203061050150008306
580302070700050326023674085070145902051000800430208517100500790000003040307021650
107900064852003070000175283013040600074609312008000045040010020720390801901750036
040801207090240518002703000064130002021574980900682100200000360000007409430925871
001860590582004600007000438090050270120743906006080003210400060658392000734006829
040350802300017056065029304879100640016570293530000080790240560050903000204005030
700960200095081346608400070502074001081006700009208654054802067820000030030157480
290005004036704920080290016028050300005936208970400051041062003000001462362509100
102970003074005280090280076010720860305608007067090304740800030006030748208467500
091000240037000906524061873053006709070590002002083104240010390016849520000200460
480705061090003400605014027904301578800047100051002030078006240000058006216409803
003025008090370200000198573942867051805200947137540002289050030000000000601902480
002100000030687902690254708009305804008040290247060051816070043924036100070410000
100000037003150409284793600002036541401005000608401903029007164010602000840309702
120605408980030005003802907402009083001300500609584701096010302015260049040903006
017036240250000090403927100104060820820790430300800571532009604098600010041003900
705910830008000106620853004580140029200090007903068410160030078002671940037009001
087309250002580900503200064050008740300020605264975030006753410740001020901400507
090200840104798035073004200902637150050001006061050370205070400049082500600905723
507280003040753290203000540308416970076000034020079006709840021410600080800190460
062350000850940062030008451725134006000005723093070040070000019009720080248519607
050479000790005001006321700027046380503807000184032076679204800030008094008063507
810326000703540092500780003271904050300005020050208079087450906005860004406190580
984020005030000819607900304093058061805090400270406598029040006056002900008760253
040726180100090460700104532830907004062000708457002391209000005513200040680500073
064800052200059601805620300470280100081700029003096708050904210046510007012008460
076140529930500000410269800083910004657000000040702308008304016004021005021095487
409003156060529004803040070576430009004208067002007041015074693600015008308900010
046508023109360754520714000097003516460801370301000000200036095004000030905047601
780093650040000003930108740010002035809010200273680094500009360060037510307561420
010702853030100406578000190320546700601020935080010024103000200804205310007301509
800007410906035000470180900000500748021940035548060192380600001107309860200050379
803020006040069058905870042009246000002050469684007501520680194006090200308012070
589016000210080000007400000058073006160948207972160843840732690000000172705091400
001803296320000047700524803200065000009700150507001002865137429143208605000050300
070900300960830507403052901830070000020410638190028470000607053348005710057083040
062350000850940062030008451725134006000005723093070040070000019009720080248519607
594000001006904807807600200453060918200893005008100630042000580600089720309027146
004070009008302054203549871001003000005108367809200140156020080340001596007035410
935001040000605000060004257086472190704508020002160080801246509053819400409300060
017030580040850067805674100170063040450000930396500801080400700704395000503708029
035100097000407003917503062370610209200000081850329006020071930748900020100054670
030670000745100306002350179090760010207003090601402537003900042970241850408007001
980000060070309180213600000700510628000278539002936041368090070400762003020853006
068340005070961020913280706340600801129758634000010270490000000005100400682530010
080390040064010309013604570030702900079080050520063784390240800040005097106809032
027000608140052900089000000093100782852007341700200509068509037005728000071634095
013600009840530720050120360380062100000890603679001085702400010060010402104286907
600890000094600158072503409010482097067900000908006235720008501000249086486050020
400036002729050600300092741046015090250040038100207504900468005082900410604001870
402751803190030005003080206020005081634010027001274009845190602010543078300000050
050843200200701854400520931500369000003415720014087000048050613390070582005000007
500100306031860950040000108070400200602710495154900783405201607007305009010609502
010042000504038016380605020265300008047089650800450070400590860950000237631820040
653914007008020009192307600069408000305070068841032700036745000004803070587290000
702090008038021007500870432289600345075209081000308000624980173000762004057000006
407910805015043206002060900008270590093586000051000768080007629570020300029638050
106270049309400500040190068705049013024300007001750084010034896098600100603081002
902030704680421590500600080200540308074002906035068020369050070000780039028093045
026007910097030246184006007039004051418750609760200000950472863873000400000008100
408900060020034501073560409002706054714250008060400207007005190691027840040098700
930080601002950803068710900020000706741629500050078290097061380300090400084507069
059830460748590001000040590500068003823000610070913820000300150015704080982650370
070000300803457209092301705058600920009035180041079030007548600924060801006002073
793046182005829007208000659470301005581060020630085001806030500900050300300007298
102008000630520080859607234060054028000780040087206519700805491908003602040190000
096200100500016902012970683003520410940637028075048000304060091000054730067001004
301080250050326100208400037506030000082090563030562410640973020109200346800040700
190040806745009032086315009804100090530096210900500003072630005600200074050974620
050890170098003004701650028000506410840020605516340700023971806087000301060038007
040350802300017056065029304879100640016570293530000080790240560050903000204005030
096780201182436590005009680007040139218503060000670005604007008050860072870010400
204089030650000470030647059007160325068300900120095600786401092040002801002850003
059023684000507000263400107021040070800050009095871236900610740017200360042038090
369012070020000109000005320795340200281907050034521807946080005803059602100400900
800003000009652701657100329740509210095480670060020400006790052901200064504016900
040726180100090460700104532830907004062000708457002391209000005513200040680500073
675090013002000070080702940120340069834619720056078031509000102700026050003501600
001530208000020759920007403392756840000203075040980020700008092269370000014690507
890001300501796802020008190009103504300000600148675039653407008000350016014800750
005760080068400702703208506800006000406089327039170408054801603001600040602904810
005308107102574009030010050081090430306247801000000765608150270013726900079403000
000041062000570000340629087760234050034107296012986030007062300650000400283400609
800751234231004008007320600103000400652000083408200107004536712305070009000819340
201500008007104200056027314070386001310902086620000490002039650064200139093015000
071250306509860000800010759200406035340070902056930400080105020905003800014028593
000007168007926504034108972001034095053000801000010640070091256020503480040680310
315620000920170836760043020602730005571000083000080670000809147040007250090452360
700006800382957064004010970040302700100890256926070030050009000201643580490700612
085107923710900000006400187004070060061029008873000095000290514250714039149500070
907214068008070410410008009094000231081490607003125000000842090705001046849007023
009300046200941080054008210520030090743090008918500003400683050835009401092405037
860051439590064070100900600059006128080520000023089705006005240240710980908640500
090456078001007294080000630000064001948000026617830459020740000459010807073600542
070438000208905047460000589500706030839002706006301820090600408652870190300059600
060500310200807940179043020610384209038900061002001800007100053580236700306070082
120086390900231508386700210000069403050814070009300000630900850010058002598103740
010804000296300184400091350030200560725486030080500407067950043809060075050048010
500260090082001603071309024350006740460025931007904000040503270713090085090807300
700053408413826059800001003067080531040539070500160004150392007089005000072410090
504200903070053408130980050200530074841020500050840620400090700695300142020415006
000000160238701500607590302140276058902008031805039406320040015080605270001002009
090072086826400050030800090040910603000006940903507020300089502651704800209153764
018975360705003048230810795079561000040789510801342670000000980080007200900000450
060807210041300070028604905200701069814903050600002301082070600056098027007230508
740009800950801300830560001064753009070906540190008037407395260580040010603107000
049100008038000249562948001004030086600204590800001070906370820405009317387400900
843001205506340010217000043008120370302000801004003000020450136030017082681039407
069014050000930064300500100080005300053028040100700502725369410698471205001850906
006510902890700005720063041040020006609037210207605490960204100100076029502090304
538000740246007000700468030107620000009140070020070001873091600410236897960784300
000040567659008043000615092000061004001480950086500370003094705005032609012056438
801295006060470580075000104097186203036700908100050007028000600010607045604918702
002057040084290360106300920053009800041830792090076030360014280029060050010082603
001020670925167400700400201308210045017000986500978000840052167070000000650741093
810027503307009080004350710502980301000073900973500028700490800231000497008732060
970140506040063710026050090091500000005370908807029651310097060084030079700604803
795280006004590007008070159030918645810056372400730018080040003000305890000867500
801007023063280107020000096637005982405026701210000504000370648140052300078400005
398000070006080540410762980203000065080654000057030019060329754530470190000810630
078400913100302500043910006350079000080253107019000325400701800930806451820004060
001705680680031900945200710004609850702054136568010009053902000200046300076003500
004006073063201504095730002608405217000600050452170900506049820000002709249810300
070305806406008152508240000023801405005409307140050090060980020091502680052004970
930750006052601300601839070300015400400203065529006800063097200094560030105020098
238070009090426780040008501050603170174085036080700005460837002703109854010000060
306507001507621840002030007169300080020408009483100070000895136050200700908716250
760004900080756102052800067308041059605080301900037600034018570507302090090400210
900003005706590200520016789090045307054307098370080004807109050409700030030064971
629150400034072650807006000410000207278601930396500004060805040001093706903064020
010350072052700964084620000043001009078406210100502708601280400007005026025063107
582030604400070000901864503010047296604080057020690840100756032200003060309028010
835600924090384006100050708003460192967028305210905000001840059450016000020000071
072400500061035802050108460130692754005300086024080000907803605500070900043950108
680035017301009000750086340908721000027903680003560200106002004870000100294317560
370500690456901708900763000009012800760805200008004006020439167004057080130206049
040026700968040503570308046309804071000030000207159364806070410025000900700485602
007410053526890000001500829083940007109600402004025901602050100405209070070106245
981506200056003008000001070100097803030815740078630092093058401805109360007060509
050010349190020608003850017971035002040180070502000103029478530005001794714000006
104500200290030450570020013000018500981057042657940800003005000860090704719280365
260005104009206807045013006480057902026090700900608043002409008890002310607580420
603729854020000700708040320046907502200050416000400087062500093380091245190200070
610004790297318045800067200068409002729005060040600300430791000100043920905800410
320061587509200004701435900840096200013570408902000603030850102100023045200600009
629315780080040906010060002038401200004008193106270005700900421801507630902034000
900002574800090632273604010507001048194070365008009107010906053050403080000725090
600800070083401259490720060800190020027540006530002417075316800208050701004070605
058219004020340009309000821500080240930006100062174093085000960000865410617402080
167020340905063008308907000200670950030452107756319820081594700000700600003280000
023967040500120079097000016002043980080500004654089701000802407208496100461000802
650400001041056002097000564036025490580314020074800103000598207000600849918200600
000738200000001080870052316009500638540690102060207504400100023012040760987026051
304000209185092074002048650000406700740920006236807045027000093019083400053270008
602080705850670901009340060008230659060054078591800000080020097026700080307598210
007050002546003009030179546000500600351060080902837415605348921003600700820700300
040000256106300079597268034438700500602001000709605480000016920200973000904080317
207801409060230057054009001085006100316400098000518630103005080040680013608120905
190078042482631790300009086009312560630700209020896407000904800904007003070100004
206000051918650327000910080690503100520170800180200600071405060050368709069020048
040830509009064700805002004300020978192000403507000200978006040453008697621049830
540090380032548160891030700659273008084010500010854000960480001000000030105360874
947125803008090005005008190590680700470051680060200509084702900010030420209064017
820070504405092730709043628001069000390007400247050000074080913152900847000010206
008760934601809005904230160000007642706023000010080370063490017400050200020378496
200900180059027600360540709035600208098034000600870394500700801100050002926381407
031400960092061470600029005003580700057900028068012309200650100045038296016007080
004872065052913007070000902280050043540080201000204500708541020400300759325607800
007500900008090706692173048750008061401629057006010800905061020104050689003940100
605400003074030690031006452000200060000004105486007239700300026560009348308562917
560083901037609045010040060940300170080521496021900000096052700078406250050090630
980026004243195600650700002020007965400901800009258400830070106716840250000012008
000020500809053407315046820004302105902061030183097040001000000490208351230900674
000820690260000300318679250032048905905200010001390806820500030590700040070932568
617580020023400080000203679075942300090001042402700051701025804540100230200604010
670080940000406107914570003001960800897053026300800019562708300000039061039600208
208016049015093800009070035570024063300100004086059017054900670903702450100640300
010406823060730100900000006682047059370025400050308270706289010290510007000603982
200430080380100204604082910002700058450918300036005091100000009760301005508697132
000096050756000800902851746800000375079325060063180004008512037047008501310900002
947235680080000002020189570000000937079563148430000260004052006701040029002701053
501006809796584210000010007810207930300048072260050004938070021040020796002491000
020308019814025600070146085650403000701690054090857000105089740960000021040560030
000304000805079002490526037010743500978265413054890000580402060040018025006007300
047821050501490260982603010270308049000709300019502870708005000000984037403070080
004500607000641030369000145200009410107084502403126098548000070901807004672400001
040007902910054000250960147000706015475080036103042009084020090530401608001390074
053048007029750860800003540000020650206080714518674000965800401000406305034012080
831947050070602001200530900020000804540263709010478530450000623092000470380024005
000709028740030160690801300039275081061080507800010042080457000004128706020093054
250000040104200985708050030930061000510782400840095061381520674000806010079043500
056903140970000002200487095005000008009054723428731060587642031040190806600000004
594100600381060725007000000079200501000091200105807060016080392032619807008723410
720485600640039700103607409030706000497051030261090500304070260570004098900510004
040306000503020076120074395015908720402700109008402050804093261200040008360280007
009704020408120090260090341070010000012405679890602053580940060021860034006003018
406000070072361504953874000000000602605108000749020308001007209094286001260013485
003457890980060700024900065150000603302096504800523007097005106061700000008641279
503010260090746510601003000410830070906000305700562901300627150007090820269005730
305018040000235070102060539056004903910706420200090001000041006601079250094052317
400012079801036040950700610290300068010608050680490320529003006100009530700265190
860490023403850619952100070000070005306500200510028360090000706035700842704080931
207004010400700903150692408070106504310009060086203107625318709000060081801007050
728004630030700980006813700200008310073062845104509000612390078009047023300080500
001840750050367921000015806509071380003000072000402195012000007005794208784000539
700390605504006001063000082658070309001603007030010864825130006310507298400260100
010972608748610005296800370030024009000300060920700500007208106000530824382061907
305409702007010006620370094046090013200034070170602540580040030700001865901853020
200430080380100204604082910002700058450918300036005091100000009760301005508697132
030905008025167400040280060604801072218509300079024851760050004002706080503002007
981506200056003008000001070100097803030815740078630092093058401805109360007060509
890461007730205090005370428000050810501020749270900560356040000427090600100036270
000003082307296100529100063690400308458630007000850094062715039910000570030960800
184309025390005086000710003910073500730081042060050017209106800650090071800507609
000150406412700000057034291540020100000019520720000009074360010283941760005078934
908035270273418090000000084096100540732046000000089726050801067001063800687004102
794138560210500304635904000906302700400700030000480010000600953069205071150093420
040007308280300705093048102009452006002713009004069230907035000430906500025184900
895060030021300807360008500002097600970406258680030710100520906709680120000970305
002430075060002910078190304800003259453019700609005000246301007030860042000924160
003952607290004000047100892078001003900308406402506980060019530019035024305040009
040350802300017056065029304879100640016570293530000080790240560050903000204005030
652709010090086000310042907000070042045361798076028100083050009409000350507293400
270008316400367829000020540504601000097004165102035000046010700023570091010902630
800536000907010563560070120650407091002059080019600750290365810300000006076802930
005264300600308549001070208206001034093642051407000680500090026704025093009000475
120070894067908012000020006680010057702635089051084620079853200238060005000000078
053600078000250309291730005630591704070020003014300906060072430307065800108003067
964125803030000029008096500387610002000000301019538046000400007071089435543701090
801036900607059021090200073406073258275601300000004060340860010059002080008190432
107200408408107026002904070063710850801600730700830010004306201316028907200001003
895060030021300807360008500002097600970406258680030710100520906709680120000970305
760051928589600043000900076476209300300060217821000460017000600634572090000006702
840160900000305020000907640415608200280001704670420100024716090750093416090050072
109270065300651078057839001408000200091580603005462089903700500502306000800045030
870025600040196580506000093600210075701050400305704809900002008408670002160809754
600904385080206900001538627000029763030061000769050102000382090095647001300095070
089025416004010050156008200470203960200870000098000703040132690912500004600790182
004056317080047020167003400840509702271068030000070801002081006018905074059020180
008906035039001802702350400200504080850100620690280013001090206380672149026005000
028791003700800519103040080080000070070168392269304800004006020632007045800412930
740932000002000703503000942405003170186094025007500469004057801379018000851060007
701306509530720600800900704000500291305601040194078005486007002000409103910850076
100539460926140083005000700804970105760050930500310600270003801600705390053890070
602010093930204870800930060006002530720385000045006928007050310008003609593621004
310978052209004700070060089497020035000030064603149800865093040030410608040002093
000009473000000920000203006625084031083150609190706582800097150907040268001820097
800509400463712809901003002005070024104006785207154063500001307320640010000930006
057190004803206095910080007235710400760405200401062753520000078004000632309028000
090610280081320000072080913107865029050100847809002000408700500010948002063200478
060400580708009032040020001076892015080005627235700894007250003604070008590080276
000007029127000308809002714570498032300625497400100680700086940004709800008001206
006003942397006080020081063054017030000200579073569408000308004548072090030145020
890043000317600854406107239600009000500008071200470365005704002020036040764820103
670901800091020756005036900950043107218590000700600080030060098402379610069005370
063009015140030800500127430704010520600250047052073080410082309870000250020794008
941300065007060200026400031072801900095042000018590472200010007760080103180074529
740500086021906007006701059093200004150070630400613805060300901904067028210095400
000042107246301800807600402059260070472003085000407021398700510700509008004106703
002087904701290530409600020074120090095073040008009753100500080903018265850042070
000007340683941205097003060708409520309560007500010036230176804070004053806005700
506900000040165970907040635190006040080794021704010860203070100001450096409620083
026754100704801603000600270942078530571302948038000701000007000060035892050906010
703509840040700000590460723002806054030100982489203000010047000207085431904020078
628070190007085206500016007042050019050839604309040050006403080084061970930020460
703609000012008679060072405080703056350020017071065004095046020104090560600501940
009007806360102000708064531200358619900000450156470000032096005604015302500040908
186000420207040150490812760324105080500307040079000015042070601760400000903020874
005600703403798250078030004007069840900043010864070032700006020589027401020480509
204830091370000008900517034400009615610375040025400070703058409190042306040600100
004070810060190320123006705980524073400630108035000900049307501700850009308001260
813040050200380600647010080760208901500090870900000025100436507409871302076500140
048296005907080120005300908409062300302108600001003572090800260210430007580607409
014058020000362514352017900200096807093004250060005491000001040030579682500640100
020503709805700000090080635958007304147639852000004090370248006600070048500901270
012903806040067012706800009090185064005000103124096008950034687268709001000600020
000073200320400697871609500280030059063090020009742830107054900050000072092387405
001080026090315047083060901904027608362840170018000200027053010030090000049278503
004007968100930000759062043070403089841000000006785214010320800093070401207640305
300400120709201030104680790080900400210540980096018302805300619901805070600097040
509320000801074250060001943074035800395080701286009534003148002410060000000093410
590463801423000060000502309280690413001200500609104008954020087000819000016040932
009340705052800610100506084500670239000210058000053000910004302087932041324160007
073954001061030074040106325930028506682500003000460090108640237050291000020000059
001000002750439800903820475105968024046003590009500100200040003030790208517302640
046700080700000254502008600000189540005430700081657030109003005854206071007514829
006810030014000006352076000061004098008009125900158460675300809000687352003091640
685402301090730068007180592060073914970000620020500703000040057206350800704008106
008100020193260800605004000317548602080610300006390184430751000060020709570906430
042001905070050421190426000567892130004003090900607800701960000050130278430200609
000070024703102600000540003805029046460000952092400701270058019904210008501094237
758621000900405670006780021510200036090104850002000197039847265200503709000060004
800436705607820001502700830000208369080054210291600584000567008150089070060100050
206750080400298050500301402108079235000036000354800709800100920015003870940607510
000835970090176420700904310451700800000358042000091000102080603809613004000249781
057001049384205060610807030078402103902100506100050402421000350095308604063010000
692073008018025600500000100000519862000080705080062390051947006003051087279608051
004078902750004618820065000430507200090043170180009503078001425040700061013456000
815360000000004018409810653030506020104078360026030085591420806602103000000080291
160090287004000000702800060010920300083147659409030721076014890320009476940006100
387005201405018970102043600006400097910572360570006120740000002200057400000024739
000901004398075002501200987420000390700890260085623001804050706150762840600040009
580000920039420076006591300061807000370210654900004807043005109000130080815046730
000009020053002608002038090490025086300804750000370009049080517531947862700250904
030569200062010580405070930180600300600053074570420019050781490007000100891205760
923001854001908007006504300089100706704089120100206008098610472000490500342800009
708006502001238490020900106630700025050080014807040903005860271076020340180304050
071005000239847016854900723300579081900600354502000097000004805008053460460708000
600049027230065000054020613040280060763091285008600009000034196396012050410900800
508209710924178060000000029009017540406800090750403680100060430602084051803901006
785004030403657280000008450507806010902470560100500720870342005029085143300000002
006719000097528130120640080080270491009380672742000003001030000008902010274801069
312600804090241030070008092906310005025080016030760920250496700100003069809100540
000097403792030800804021097940000038208369741003240000025080079400053002089102304
800200039010790256269405000006007320008052600723084905980126700402009060600003892
400001000908725143031009207043507000100300675750908430020094056095070300610053709
004872065071549003050000709140080096580030201000701400705928030800300517463107900
009074260780200104021908300130506040805403627040080500260850903018300006003601082
786000015214000307935080460049560030002008000008407201007019054590674000403825170
000307800063000029098012075300801004089053210000000538031945762524170080006230051
709050631060700002302618090017002840023407060004901023098306210470020050030840906
070400850054690102028051304100000200790500600080000910509237401432105706007964023
571809026030020000208057001789010605352746080410985002040000050023070064805004210
007001046204600000530874129081760030720340601400900087072430805040006070058027960
069308170010046235340710698000190850091003060853604900607001009030800012125400000
530860201800057060640030087004300009001528634365090700090642005006000072123085046
514080937983507162620019800748061003100204608062000019000003204090008350200490000
786000015214000307935080460049560030002008000008407201007019054590674000403825170
640835070800007034907006280309054020010903040270060359028000093093582060005049810
005308107102574009030010050081090430306247801000000765608150270013726900079403000
005701900070098531106030800348129057500007210017503490003950106000072309904006020
180092400092740310603815209010209000906400821200130004001000940309580007004021583
510004906790502038002906070630479015005100800401005093107250300304090180009340607
405786210027039604009000700604978020093204060001000497072800140006501078908640500
490050010520007084006841052610405090000210560852300740000090026907120005264580109
160070090975030240000915078590760800080049003640001759016304080359608407000007530
003042706604789500000563924000806000301425690200307015046938250089270003700000009
510396807000001000300482006900207003640500780127608000430825970000964030892170605
060048009501009734094001058008000010000013467300200085125000870039170240076382591
007900015038506700029407860290085600053064028006002034002001097061079302970043080
200000890094600301805001002950076028402019000187300900370560289049087010620193005
486000950000190476107456300010503090030800600029014038240980700073605020960230045
000006704647800002590473860005640087009701520718050009953160208004000306200938010
256907403470080600000026750701308264005609100034002008008000342500830900367294800
600340010701568203305000098064092001039056702200800409900005834570984120408010000
060049082900700560472068030700006108650487320093010007500070003387690215009150070
908321000001895302053600091084010065509030710700580900006907040090243607007068509
305087401800491005000050700089700530003048076007365009100500082096034050758129640
008203500009670408346050702430010059967005001000496203280034067703500904004107020
648013009003200645700409030000800702281670400037190056060740500504900380802350904
891726430000000079006039000120643790000075010003090506018007904950260387637900052
086321050320007600174860092840503209200004073053000480000009820018402937502730000
083460007070309006496070103500000029000650714731900005358792040017006002602001978
031900760004021930096073040005187600328060407007004059619058302000306004403002590
102970003074005280090280076010720860305608007067090304740800030006030748208467500
086200430390786500001400690010809056860035040950600180039008200140072360020064809
700008032052470060083201750300005600507906203620704590004000070075089304096347015
472681309100500604005947820960358400003010065500200903046005008050000206289000547
320061587507400006809357100940073600035840709608000403050780301400039075700500004
587902100940170520123006700730090060000020097092037451019004280205008900874209000
007034068524001039300905001070593084100007926849002000460029057030100090290750410
050109034610304079403500800205617408000900300974200065106703982527890003000400700
700052091102090800405810073523140060007360002010007534270908150359020480000074020
700163405010479003940008176100007900069004350000002041420081009500306814801045702
400010905507902000608507421261070543005003089080465000374201050020350090100006234
407061200100500978590207001040716092201000706760805004005002017002150600914608305
502008640380260000967103200093614000000037096648950030406380905051020060009076810
000078300000040650709352140001200763576103429002007815607010034004730201810000906
209030040785014036034582190000208070970001603001063400803000750102075360457000018
000720908908053040204009563006132095130500004020946300500000030392075080401390752
987100425431050009600070813200041300060080041140039057000506000090310604816497002
390872400002030708408605213045080637020067004000040029030719040004308050009406371
609408027470030506300076090080000765905827140031504000803045971540210000006003402
070000800916300205348600007069745302425801976001290400000529604000183700003407500
500090000300058097897003160600074900004916038000500674179060480085040010436281059
603187020200403160750692000005006741970314600160008203007000856020769300406030002
967140300000952706500376890203007001106804030405030209030210008821405903000780002
790630258800020469006000000264093805050280630000065027049002183500308790378000540
000500007647803052095402308034600270860790500500204096010008600408920713320057009
090300680100209307340578091080650124461900038005401970070030452623800700004000003
034700090020495810890200604008600001561938247200050008010300485009501030356840100
601890020900000500504173896400008100006312749217050600068039005705640003002007961
072030000508000020001590378080105004314700590200340180803014769490863051106900003
306002504010030607075614090700056040150048069048007051901503086030001070067409102
090100000170308020580470603869201475000000090040085230617500002053827061008614307
400700005567009200081500074000060057015020403309054126290371048100245060700098012
600409080491080002005230640060100000948000167210704095700803014159040030384012056
403810005890050120010603807957204680000001250120069004041028500230900408080045302
609304500500100670017062380861703405002400708050098003070946830006030207348200006
060309108903000756807500300300807214502000083184600970401932060620780000000146502
054600720100980000308270915287060503040307060003850072025700140430190207090540080
025439106046000802070026003500062908063018450098040020402300065051270009030605014
005130206102406058097080001013059604200008300480071029000004803908763105364800070
003140278018700004450302600100608520085217409720000800890073100046051782500020003
090203006081054239300180540020836170600020308813507062506018920000365000008902000
760000800140830020020579416007360049290000300306498052078005601030610080650903270
900317560006985074030040100080021700402570030065834920070400000090050813053168490
080390142061004000394002705146080003502000000009271054017009500908530016450108927
000200008741005032382061090908026040603147280000059306804072000076598403205400007
500092140240010005078034209016080007002470630730051802305148706420900503600020900
001080325358027040040630007002940570410008602075061004020090010037852009094010253
820403900001207538000180472004700050000040013580916000005600380648371290732005046
050007200034296050209003416042800071910765302060020005680350094005608700021004508
006010050023500081501638079600104030195006008200780916360400095018902007009803024
021470800400168207076000054203800706000710300749032501194027630000086410082040005
803002970470169800500080410054900168180500203006200000398604520600801047740020609
105002009836005217000006003087504001049103050051869700508907006792638000063251000
030906015701050460690084030400730501510208043920010008300090200052643090109020356
000008950001546082780020106614387029528091007037000800400830615000075000159204070
538000740691007000700653090904570000005380070080060001859036200120795483470128500
009003516031709000084120970008354000756210049003000185000930051012540038345070600
040509016105360080086000200060043001203001008514896027008627050650030472700405860
000370008356029170089050026017030605000590703935087010200000800170240509064918037
286000437150784020079062000034891072020600043510203006001520790040109300095000210
091620870408000091003981004207039406800065107130008050005090712612003000900512068
937000012502701004041390065008127006070600123210030078093060247080203059020900300
100497803060020019090031270058902030400705000900386054203160590009270106070059042
807060159015907000060250073000100000140590360678320591406009730003705618081630000
900317560006985074030040100080021700402570030065834920070400000090050813053168490
410502096830040500900170084620001048079458630300060050560807103280015470700004800
005710962798006004060590700800100000620903085057602319900031000570009820014850693
190003067006970130703640200070390810360180070580200049007456920005010080612800054
901050206046021957070069314462907530010500049503006800050090720300470100087015000
040809765800465392609070100025006007010004536300750400084037250500148070060002803
005029001087350946410060500050900000070035410693140857741500608000284005520010304
918450702240010305035820910087030456050640807600500100590280070403060000800390041
052908030380105946600700800501492683020680000860000079106000458208306107700841000
020406079048023051706009200004067500005094036639200084410008960890071400007042018
049573800008000074750068320193850002870920601000300085014035000060100093380609157
609405730001380006043009015964001058005940600007560094076154280150006400090700061
270000315100502469560403780610000503340956001095320600721080030000004108083000256
030900120201070034460312080004090200623050798007623010908065342012840000006200801
601708320034050070050603180309587601100900250508010700000024017470065002215070460
020570980007910254159800000316090040005160300090430168000740000074350816531080097
006805409401920603005001000900316085600592007503780006752103908160058004004609001
007003650003078900451062708710639400509007010800001397295080160004005070100396520
050843200700102359300790184800927000004581930075034000036010748290050613001000002
745901832001250947023070050200607009150092000469500200014705300000489120500036004
200071060504600017610045908003104090806390040140050372080060000065708129370509084
200503198051470020368010000790025306020349510003086209000207801009034002672050030
607090204001728030920001705310047806042056090060100072094003520075980301006510007
609532007070010659001096830010043005900600023823050746100005070207009060564107308
501024069000570020623981750000830046000195280208000905789053002002008593340200070
000096372239005864000020000001057200700038451304602098403080120892000500017243680
086009253042135670307060910010380745530901860670000100725400300001600427060007000
003200000090305021251807394400501200025098617017020500069080073000756902872004005
008000064326409010014200803000010958003092146001056372000608709067901085049007031
876320045001004700004180690593000021600913074007058030005001308008670409469805200
679103450812007900300000100023001085060305070408670009100050792590230800286019540
806030021070000894250140700465982107310470250020010086030000910580000670702800345
980100400400532890103804060008300210600000938002008070560783040004921756210645009
830020540050301700020750060178032095002800037963070028004100200000405973795063014
670010084841900603093864000000006712000741008007285400360400071719608045000107860
200500764560002003390007028000650030678304200903200406430005671006900385810006942
560010700307050001800720006000605009670138402435902060206400817013287040004561200
048950070061007380300680052079062518052008004100094060905806703006400005024705601
820070504405092730709043628001069000390007400247050000074080913152900847000010206
309010200000420053080000091795108420064970305823000700548090132200005078930081064
503800600280043519010027800605080430000260090198034065001070050450308720302406980
040809765600534812108020400081006007030002196400790500024073650700145020010008904
000508409509147600427000501300001860790065040806270905070304056104950030205080094
000510090584692037210000608007041026045000001102785309021806905053007060600904210
005631408704000010301074690028360900040009030930045781450082067010703005870006109
530806017462103908000090060054002081190450603300701400873600540900024000006507139
042570000003020578087901640704080259320709800900402030270096405406815920050000001
004601782680040019002050643873000120926000035501200900730500060210406350060038207
080710395034690827597832401070003500308007009000108003920400108040001956006050702
420390078010600003093025104009500400275164039001030052080016900102400380057203640
329050840000230071047069002008302407531400000400605318064700180205001703003586090
803257001520106030010308925009004862478062510200810479000023090040000086361080000
170090260295786001000003507418070050530864170000500980341600029050309040900047310
013040070647080100500170093090768035700205001052410086864090000239000014075804360
234870650050000007060215038020081079517090040400750063073006980080947010940008720
508009006921500708600812040136245809000900001490080650085093062060701004200650097
900253000007000289426708103200516490095002730041300500004100020062930875509607300
060042805972008400040310092014293007207060130005800204401026900806509700009004326
908002705610007003020465081400056800001020507572380690390540026180070050004610308
009605080285740963003090050758009614000150000601078205326580070004907308007010540
002690810340080007806014530907300420405809370020057001078006053030108260109502040
021789063963504800800003402502040738034002156086050924075001009000000345300060070
054270003021050070703148000609812045000790000487305910300020051076530094095086007
001020089580600004460891703023014806000200001157360902000700098095140007734082105
204051000130009500050632410000090624849216070602043098320060800961005000485020960
000030128085901003314820900020403000009002634843059017500278009600005370472090580
067804109500900048084012500000603752602108000473009680140000020008205016026481075
061903070000086910040100000507800321082531407030792580005608003308009760406310850
572090361069017450003625780231000047080904006006001538300000600150700890008050274
690000070800793016701508302478021960500000000009456827006902780934087250080030009
080007360407103080302065047001008720230071650750032900870510206520700490006320800
498123000002090301703650000200000908849376210150902004021730846080014003000869002
756010080943080006002000903600020701005073049304091508400002810520008067867130294
501047306200631570703000400007890102915370000020400937038200705670154803400700001
409070502001600973705932000072460080090280157350090004816300405020046010040810036
001745980006928400008003270650319007092480003803057009020600708189502060060890100
805240061900100000172863095700004008028790600456010209090000530543970180681002040
086140729510920004400008050804763015050000600601059207000007890963001072078592060
002180006073906280098072010716095003005304007030001008809610530500239040001548069
081060003579020400400175009020056304740030610903001527800410906610590042000680170
005264300600308549001070208206001034093642051407000680500090026704025093009000475
060125030002830054053604092030900240000001065640003819400017586006502001010468903
056798200978230400200060908600910084009000010010873002300009127067050849090147560
009600000435089102026504700007968000260010093900302078040890237502070846080240910
700423010310050008200801930609534027072000503103097806501042700046000350907005460
210400076063975104700006300005791032437050901002060080901630000000240013326007849
000789642879400500024003008190560380008040069460098020236015497080004000900072053
740009800950801300830560001064753009070906540190008037407395260580040010603107000
510090073364507029000032500091005300047903160600104902009281706785340091020000400
007890062406270019089100003070060290003409700945028036710930040590007320300041980
620005300900100802014382906400000600736420090005768143869250730007610285050800000
806350700001908342094200008900516800608007529057800003205100007040780030780609415
020030905700460023310500060240000050903752081507641392002376510005084030006010240
300840910068005407104706500027684390010520804480000005650070180800063709709108002
200001950019547200000820004760200490132054600090780120920408560580060300041395800
061970284800063509952410673678030000035000068009040030086390000500780020210654090
060007020708301060091802374105603092802019635030004000089000753610935040200408006
907250048041837290050049700005070002209403560103625009704360001328090000006004023
029007510307120068005809070000970406960034700471200390704090052182750009000402830
987562410520014608146090000001687200200450006704320185000008320030045907000206001
476050893200069050300074010897520004030001208100087930902015306063098500010200049
069308170010046235340710698000190850091003060853604900607001009030800012125400000
824050003005091408100380026490008732080147900650003004000010687748030050506872040
000603170010570038307840052030900780086437091709000345942350010070010400163004500
800045601000039540509006002496000080023090004058007000071684253360972410084150906
008601370046593081103800695397008460014076000560039000080000123200300956000910840
805736249020495308490000600500029000369080401170003900007900164050060073084301502
400125970053090000170008542310509420092407350007030001600072105700841260921000080
270090000810530029906402083648053970790084230005079040030700100587940300169000050
860020001500087493970401600090076005380010726026038009109860250230005060600790014
803019650600720300410500082570943106900050008064007590700305401196204800005001079
300800502902145300085030940000901084196704230024600100019508023600310059053009010
730248195491005802005003004002700040359460001040350006028190000500820419014507200
000206849280041000643800107307002005900580716150670030006004571790150004405307090
280094500150007420700325160305219080941030602800400913609040305010970000030500091
009245100760300009150700328026007400300496800085003976003604090208900035601530704
006190000702864319108000605070082054501049830083050700804007963030906008960408020
902000060070612503060009274046721958587090040291840030609070005420060317000050020
080030716540170203700800500054901078207306401008754900120000045005008639009043027
806405170004271580701008402607302914502040600009000720290703040063010050008524300
040970800028000590309581602830710900050803016061400780280300170010058009093047250
400032008516004300300905007160340890749208106830600270900000740254009083601080950
900000800520607190670194053760840039009760420082030600006008340207310980035409010
072000010603178509010240763369020140257001600104060072091002430000500280000713906
120800569003000008900604700096078305530209804072003006347500912605790480009341000
039042580008910062021600004246591007080400615005080200590834070310060058060100903
532904800610807900009501004001076090850140030920300040005492780400050216270618400
390615702402078690010240538049020000563107409001004000204751060006400205900062004
004005189281700300935004200590007400400009028620348015052471003370900040109503070
007008040005964837489050010053801274040507009092400008001645700576080091030070520
920000050170965040084217639000652394009700500305400170850120460690003017030800020
020356409000090060506800003061230700058940000070081905005179000740063891610428357
007306024968000017200078000020064153100030740384050692432010900875000001691280070
006098450080040006432067081093475600000903007547000398309824165250100809060050000
100680000986500321040190067074200100009804630620015470890006703053720906001908040
540010020060900730309567810003020160910804072075096040650400090000280650792601083
067518402180000500003407061612009085070106049030280010290854100050070604740020058
020165040450070163816090020072053089040007001690481702700816200080540300265700000
306500427025340098800206000640001309980670240007409800769102084008965700050000910
760010043983004002000936507150097034309600805002103090600000300014380679530769001
060980500392475816807002409080750004500140967074036100030804090008000200249060750
630400070405006080080520436156090327340061009200705000014970063020048701709050240
001700509573024106800501002700295018009400305652800007465080071000159004908007053
030506048670042590504193200300600714025400009460930805756009000043708901809000050
400980100091060000052703496069802301030100048080530629508079010920051004003428005
892600001001940206040210085000076023006089004080321000008100540174805360205734190
009700010047012956023096040086047095050039860910050070601003500435901087000065109
002018000536274819001000402490156007007009158310020090004700930283901040009430201
607051308001008642823090705019080004238940100056020007005760020000435070974802060
029007510307120068005809070000970406960034700471200390704090052182750009000402830
860039402900006817270004903000300284002470506450060000780020040106800705029647138
580710039401930802009400100012809500700301028048007603624093700003074001050020394
105286093062730451030100080350800049204900870009010000490658017671002530000071060
908035270273418090000000084096100540732046000000089726050801067001063800687004102
500300809379048020080095310704001230600704158208530000906053071107209580030010900
005470001760510902301009607604730125082001700070902008037804510400107090019005270
090610280081320000072080913107865029050100847809002000408700500010948002063200478
407325890385901462910846053020000106700000040106008927009703000000050678871060030
000007400026485103004639725840376000650094380379800000200703500005010276907560004
609304500500100670017062380861703405002400708050098003070946830006030207348200006
080710395051380746473569201040005900705006002000807004230900608010008423007020509
572981043000007000910500287786450102020090038009120400465300821800640000090810360
005012390902730005031098000800005947159207003000003520010659738306820059008300012
002430156003060780160590304906000407274600005010074960085046090040023078020800643
000150406412700000057034291540020100000019520720000009074360010283941760005078934
001800964823060070469001382008200603000319020037080000305602108100405736706038040
050860000804070629620934500000000203046783015003251007300490050568020090492018706
005900381091040000370561092780390614500078020904200050103000260020654037607130040
009704108018050027704860030100070043962503800400082906001607385800000000597238014
634020090021659408000300670310294850902805060500000049065012703070030004093087520
350607240410020609200890010006580304504006000180940756600102897920068030803050100
003070010690140305150096740300601058502039070980004260030480000709060834046910520
024900835300758000081002970905420060000080249248630050490075080000090714173860500
857204193001095700600800200206007004000512809915400302109603408500108037340009020
009851340103009508048036912080600730726390401004078620430500090800062000000080274
060102030049060128230049600000721400072900381000430205093687500804203760007590800
000208715079600823008057090750006139000935200600700508830074902901063487007020300
043081090100400080809057413904002105320016070010048309600793240497025631200000000
204907850039000400800461029002300705086715003073002960708654130025180074001000090
100420060200080007350061480601590870502700000479810520903004050710208693805039040
803002590750034100009501072120093060064100020070806941501607238407008009080350007
700000128418970560503618904306701482802060009094820050007540801000000730080000246
005631408704000010301074690028360900040009030930045781450082067010703005870006109
130007002600340005472005369060200908300780000850109020240501803013968240080403051
065824030003000802028107065090540006502600780810079053059301624001000070084752300
982017504036800020000029803640250390305080400100070206004562109003094082069030705
024070190079201036300408700640007825002384010087060300005006204436800501200745003
026000108850023070003198026008350600190760380307010902600930005709540263530200001
607985020904200016200600075042301608500008037301506002403050201070162540105003009
005710962798006004060590700800100000620903085057602319900031000570009820014850693
023045906010006032406920010509071008060050301140038205000007100674002059091564703
240098013180500947003010008760080100539140080812306590001869075050200809090400020
706000000901040856208900040500100900879035604120609730680490073005807460417056090
000003075720580036853690004000030007075018069492706310007009500930005081580341092
158000600040126058070450309020040890836205001005801063900002500004500036583964107
036000509000100006480006702003420900095061304240398105368050040970600853520810690
503001040241700068980000205009042706000318029402060001354689000700100890198203054
720903040041000983905080670053401796009000800060807051017009060402706539596040007
581247009900050478006030100627810304008000520009362800000500703270081005895073240
037025108204710953005043067703060009608430000509280006001804092470300000802156004
000462703020000580163058900450100600207600035036520040071240308680379451040000290
000659800076408030500031692607200501812000000059083726064800950785046003090370400
000205030250704906768009240572600189006190070001508004107456392900030060630001007
046207015735490800209608000403000009908743201520069470052014030000082004084506100
005320460000908500030054090502843016093070040014695003701039082320086070400200359
140389607092010508600020010039850200200047035507600401901403082760290103800100060
091060002000187054847009130600900003104378060903200518705800001218034605000051820
000097403792030800804021097940000038208369741003240000025080079400053002089102304
080907320039860700657000408500600034196302005300571002765409203014036000000010649
062840507009076021740010060093067080607205004400090276086104052300700608570620040
063019080045080219018005306100908453006030090000050162594020600800673900630090821
004269178020070000078400003030142789201000630097683500900007340000916257710004096
005701000070493250003852967004000829738109506500640073450380710087000095260000400
008700020042069530039204076253600917090570000060093208105080090384920760000307084
413680507000200143702004000165048702938000400207560008004306071670002000329017054
503001040247300081910000205001046503000173094409080006792654000300200760186709052
700090031030071249100003687480050310000430000359002076800120754502704963900300028
563002814704060005000541000130025906256800143940013520009080600670009402401200700
027000608190058200084000000071600495952004836600500701035802069009736000068915072
600700250300615400759002086836070001901350800000081637298000300100029008500863912
539246107610503904000000030305000609007630810086957002853702090020005763060301008
004098607806004905017052300060280703750400002093510840049005260072046008600320409
206004070005260093740910802079180500500072689620400700060520307400091208852700900
347682091002500007800003602608001723010230050503067008006710085070800064485320070
081092630060008090930750018019003700006970354403085100102509073007034020098007506
306819542040060000800307691004000015092075080508400260000120009217030456009754120
895060030064300802210004500002046700450108623980070150500820306301650940000430205
260400300000600754954387002420735010800206540035000076003869000500100037642500891
170903068308600921046001753030806075007420036000030000013005684805140390004008012
306004009807230064001608702100026075649087203200010040063002401500069007012305690
360078040870040603409653178000009450050132009090004000086315790047806030900407086
523906847000070350008300009030000000906001035207003498791485600062139070350607081
706005001200630547150072090402017030070086104015090076640050082903100760020368400
405090036201086974007103000678321095300050007009070203500800360003469750716005800
603170248720860005080020300042501003001030084078940021000308750037054800815002430
020690750759043100006005049590300080301580072800209031680100400010958367075030200
240096750600780090807002360036420085009300627502860000105230079300010006904078510
321504609070019005090600180730005861500137204012060000109003040050746918640090300
013587649080100370047003000006051407005070903471038006090700068168045700002860104
046390705250400810070025040602507430708002001010903670001004057560731209087050060
507280003040753290203000540308416970076000034020079006709840021410600080800190460
714903800008200001600701453007005006150472389203600010382167594060020007070009600
043082050010540780200600094300214075150097608097800201921400060500160003036005410
006482005000530600480160902860300200900024100271600090500246071007813520020975360
500180609108030200309706014804090763270068005006507100790610300410809570005400021
384509270000007408000040003020008365005720189890051742950270010007080934608910500
900084602008002050265730018084005003300206580702308096046097200039000860007653041
900073501030408000050009083195047630427060009380905170010006028869100705200084910
007328100003006287281004006700080003430070098059463702105009070070240960094017320
007059001690002038081340702079000056850067410100584070700038064020005100948071305
005009076100400209900008514008001432020306897000072651650104920809023105003960700
560020000002705168701830042453001700079302085000057930905003010000610054614570093
090610308802005090035980062027168034086004020040009870000076500408290010673400289
052000960070050043308070152080047095004105630026080004015302070239710580607098001
036007402700980630210306700190625300503004926060009070300090060624570890009063210
020005073075408069049307500906034807280006940400089030090502086002860700864900210
195267483304590071278143000000080756450006930607030042703004000049301600500000010
700090031010052467500004892480010270000240000172006049200430718801705923300800054
500160200802753400069000513900600802654208900020590630290041060070805049401900025
001360045370150290520007030030009516015406000092031407000095802768010900250048170
907003008000168902218900406305207604400301025180004090724819003000040789850700040
567480102203906040800207300025800704740500008380064200006000521108640900932100480
900006003740002100680530007005023860326870000098000002219450638064398701830201900
845009172003082504001705638300090015009001803150378009004963207002500340600020900
080014507090760483000930162060003209910040008803591046078000634030480000009356801
200500819390010674108040502953870000072136045016020000680050007001092458009400061
401060030006700054070040162017029543060075080009138627000306005630007090782950306
740506309602009751300002608167043590930020104005900830004207980090354000200198000
073001820652000070814052930000400198409800302008039700546300219301060587207000600
700601835103050900605320010009002681210069700076083050067800124304016008050047006
014509370820007690009308200900070423107006009450983100081600900340092810006031750
164000000957024108800015470006070520015496037408502691003047906020150000040903080
072103509090508102504200030407090025900002406205436070720910050050007010103680297
930108400800006321621400980500092013062000598090081042000860034000004870409017256
060054803000826451004107920307240619040671030206389740005700002000008060630410500
100907268060005010928640007807300409019408300006702051301000702500079643670283000
010027690900050437507309081190070026300810749670940100069004010780005360400000972
006489520420000970015307004000968700657030098890001340009102007061093485704800009
697480030850009070102675008076308000000502387080090564715806943008000700069013002
412080069000407203937061050508002301109040508304000020001705692200819000793604100
280003005069008314300070802806395001100700040973014586497000100520807630600901020
080109007750608012016700803920507104003810009067003058000905041805301026431070900
072140058000000200401506090200603180605000029700094036157082304023460805806735010
500304769607090002904627800108040500356089247709000000460072083290000070875001620
102983504305400870004700010890302700000007900753809426508000600420536187600208040
035020040401380050060540318000003605509062430386054100108230060600000800903678521
050010340381605009004093510407109203020008070830027901708534002500000030603071854
504690108132050769000703000493185020200000814008046900065009000021004386007861092
050238041020004703413007090001640309760089015530020060145070906800010527070956000
704510860000072405005904007006159000971328054800040001600201003518400792040795006
935007028100398070600500490073004009400175080061800247018700000006080750750413862
320049070000057493007863520060701900178400302000632718000020050006008234752014600
940500708080020430027843010309604502000902001256030094501200043068301057700460100
580060003020598176710430859835600002690257000200009001142975038900000015008006020
058607091900103700270900035703000024042735060090201870087302906026070000500408217
184309025390005086000710003910073500730081042060050017209106800650090071800507609
016020708007001030409387620061054000008063917203090450700016094135070002600802075
908140030073062008461080005132407009807326004645090320059010070010078002000239060
004600820063478590079010300730205109081037050050100740108304670325709408000050030
120085007406090830050374021769003008805700092000009004080907210030142580090560473
190040806745009032086315009804100090530096210900500003072630005600200074050974620
003529018910800020028003504200056083804107200069008401007080100100340709352901806
030260054006900000728054693000390017261580309903010800040630900017800020095720438
310978052209004700070060089497020035000030064603149800865093040030410608040002093
700380100590612700010479302300597000270030501905201030002000013830146005107920046
430178090106009300009040281005820006307064802068030409800693540600405000594000163
570012006910050074006704905307108569800400700190605400650031847000007000721840053
120085007407090250090247031741002006506900023000008005010809570050724160070510382
402800306970600820060524090003087010051490700709005462037000049026943500800052630
650394782037800050849057000192683500700040069064070020476008030000035100503020408
287003910000709008190680075830200060601350200020860753050000801318925647400078000
100604783698200100070051020700965238035100400026300007203019054560082090009006072
030190726027063100906007500204005000300749251750020960000900080083402670549870310
316042700904706020000080649803170062507800900020560037108035096035200001009610058
708020006001436708690001504076300089400802150802910060065108900007690005904200671
023168050709000164006709008031592070004000020075604389150007090300900042908236705
218300509967504100504921806000693480000058032080007910000002750051030000642715090
070210863650790100810030007900460508060053400140987020096800200301509084580326000
460001020130005849805000160516320070200008091900416350701060005304190080089532700
160004000043600705008173649054260008800030270036807094480500007001706450075042980
040017809067320040509080320658004913072103408000890000085040632324650790000730000
900002574800090632273604010507001048194070365008009107010906053050403080000725090
341000080000740019095861304479005003003080901008936402000609008186024790950008036
100230406896040002400607910270063009010400060064790238005006801680302000709014653
061570040080040016074018025490031500052790601100800204010423870743900160008100050
038002406590600020020531078700305210080010060315206780403807190050009007870150042
009800625203706000068402709600510007305007861720609004016900003002175086540008012
180596407400700530970002006031904608040620001760050340092065174810309065004007000
903052067208300504470000230150004000897023605004009721040038100580060073301705086
015249000047800201800001354501008467700560020260097030002400080980012506056903702
813040050200380600647010080760208901500090870900000025100436507409871302076500140
405020600608340510210600904134950000520164800800037451000786000086510047700090260
040090815601450300078203006700140500089030620205860740007085034854320000003070158
320967584007201030960083007000790840270008001500310900008000065790500120152870493
028000059715090003004508200509100030172069548860200000406031700030025810201870394
071005000938764025254900736300197082100600473706000019000009804009016350860503000
030985047600004019954007020506413078109700200007008106002039485890001702065870000
000150406761400000045086139150060800000017390930000001013520080879631250004078613
006489520420000970015307004000968700657030098890001340009102007061093485704800009
010002040000100203058300600040506702582713060037009051794861325125900480000045100
509320000801074250060001943074035800395080701286009534003148002410060000000093410
000406120090180003080203000750629431104738592000004087905800270017042065042007009
490357862360409700205600309510073294020140580047000136084205003030008070059000000
039086000801002035050013896006000182584061000100978064002830007748029653090600008
002070601371062009060910703040600218620084070810097004156740830000020057280530006
004970201007608309960320087458000603020403070093800040009030816301506702602700530
670001509200060048401050702007003400069014870140600293030070681086040327012800054
002003698640000325850200014004105980501489030000362401015007049720000003490031570
942730610005810300300600057094072501500008000807501294006940825403207109280006000
200703084100009730700451206417596028803000640062000071600900857079100062080670010
230149000800006134106080920061800270900031005083420609009012008308060002620750391
060309001789060203040205680024506837030092004507030060603940020400020706190057308
106280700900470020072910006007050900041830060603720485760302008084160500019540602
249537000010098005075020000401200573758140900902060401586304007300872106100906000
062143980050800000830005124040980006001650048687300590970006810408519700010200409
615837029400000350020015060507260104801700500040501096102900645700340008084150070
609023571030560092700819000005000003010005486800371000528104067940706020176052300
006310804800074610431080050105008007280750031900042560017093240002000105608521070
080703042347002108200850003000105800458009710012608530025406387073080005060507001
040090267017063904020075010035920401200058030000340000309014800782039146460080590
080290103925800704006745000040900800370058240801020300593017620007089030418302090
704035068831246097000078034150780602200694000600000700010027050400069871078401006
069005021350012690001409500090076003630028940810030076900640052176053080040090067
084700396001900470070602580100500724026481950940200618050094037010056049000000860
302007091080623000745089062874360000513004200029800403138090020007016038250000109
800054900495000000127306540001978234930060100270013806582047019000030680010020470
603059000000307600000042030310925700256000100700061523908574206042816009000293845
092438700305091082080000301007000064601275039803046020214050670000860205068710900
020003000600024105714950328840560207105209000200007541402008053900030002051672089
450083071081024690003009500100800900500001006862937154070308009906705300310002765
015309002370600450060050073023485716104062398786930000590200000041800007030040180
000367052603010804152004600430179080010000573028603900207001300009702410340086705
000300720037801090892740610160590074084600051500104006940206307700003069350970002
746000000052087964910000070863090010501008006290600730009301607600800149127469053
506000000184030700002090054000900003060713048913204675600320491029071586841050030
734050809000970400920304016086019307300020690407630080062001040503208901100063208
800054900495000000127306540001978234930060100270013806582047019000030680010020470
308000945009305020024891070782460031030708004050002807103500700007913602290007403
010706500567300841009085020604903012102408005300001408740819050056030104001060903
420300060100048203583902100290170300700483629800020571008530090305090816000800430
570912004198035206304600500051847003807090102903126700002060000000784009400250680
406027850000430001512090430005310708091072506807900002060243975900500020254009100
053009760708620053020570080902158040045700090070090538207904310514387020000000074
004260305630000182208153000950007830003089021061032007320800019009301670087046003
051002000408571302070900158200600030900213547713080090504100003860304915100750020
509307280724186935000290107607003801001000304483600050040930502900508003100700608
204000900009241785580063100900502340801370059403090002042638007790005036600020410
800259731007108920129000000501400000090600470704925618085090163072513009003004200
350070000200640375096503401503081290607930018009060003971052864800400030030016007
740001802130470590060250100007300609628097014090012050980005273070809000350706081
305010046000064903496823005700230859060008370830150002004002008973085000608341007
003612070092030800160900502050061749971024083340000120010290460039406051604000008
296504730087309420000007100800620010034000062601945870062058009948030251000402007
120085007504030210090241065351002006206900073000003002070304580030817620010590734
905060004800470009042091786210906400490000030030124967783010240050780093009305070
200903010810004075065081420400307251701400000920810064600002507008509600572640103
920140570043005092500092004074259001105000240300401950050007009469003708700924015
150047829089060300230805406008013002501286043060004100004708600810000204673420080
250740103007630008806090702305004200062057304008026091500019007690203805720060039
703204008094708502206500170000075409000020803520900706045300060810602345602457001
068073010009060247070095863037009006482756391016000705891007030600038102003000050
756930280080005091030408070260790405190050038300810700010002907629040053004389060
061452083894036052032008000023000010050000006079560428080001300340605291005327860
308029104690000273400073890506000040040530612120000000913060487700381500005704361
601042009083900014009015620926403107000260890830500002702058000068700240300024781
412039075800105204005004800006050020900617008548002761031900402680520300009703086
503807904072090003001053820239704001010900002006102439390516008085040370020300095
527863091189000763000017508905702310200050087004100002701206835432500000600300009
300750064647030500020604807005007182170905040260401090804100006010042308032806401
900730180710006350803509700098070030420163590500900604076308905305601800009200063
596038002702000003010706090075160400209507130000289070604072901908014050037895004
700804360300725910005630080032006000460589031000200678090407120070310806013908507
680009473700340508304805000050060300090430051473501609567082930140790005000004810
007580463651340000004070095370000650100836700906107830060413502080000300513260047
710504830040030760085702001058970024090800610670210008007409183001600240429081000
538000740246007000700468030107620000009140070020070001873091600410236897960784300
008670090763980045004300708000500021305726400246100073079200014032810900080409207
040582130850010070026030095068105003002940610409060082090000700600471320371096450
509706203007219568802000000095007020203901004080503719951304602630190070000008901
091547382340000006805360700700496031002135970030000604083900165000208400010603807
305010046000064903496823005700230859060008370830150002004002008973085000608341007
900163285625000900013009000056840007400976001197032648361407800002010409040000076
972050840085040000060801520546008370018030465700000082307400016690200758800670204
540007930302095064010064080401080273800002040709431006008070410604019300105048607
020001764900540000431620905700805340056009001049013570270006490680950010100082053
097310045015890062002070030100608907049750010068900403800200500076135084501080096
