270008316400329857000070920904507000017006245306084000093040500082760039040803170
827954030600087540501300790406709210102048060000612007705091020000065001010003654
009342000236750400547908002000500806083020005760090003950617038028030091301209064
782049051300057420001002700190600082807403016006201070613020890040930160070506040
000520680830940005000700003508430762270605390396078401081007029903850076000090830
100409500400002890520380074690708031013645000200000765007160052352890600061007308
200000160970180054841530270000870090702001036008009715380967021520308007010040083
200000160710350024946180350000810090105007086007005413380579042620408001070020039
690020380530047006200903075040056038019204007860700401903618700406070019008090503
028190000000300086793086421070050008900701540235048107012460009060810205850020014
087001596530602010100089002861004050005907680090850024658003047900405000004708265
600090000085062940907450316506204001030916254014000090402670109370800065009540030
541206900002950460000000500800035709704810250100060308258670100403098627960024005
370069120009415006051000089280100037003257064046900050008301502032604018190080003
200503198051470020368010000790025306020349510003086209000207801009034002672050030
280076050350490621100300800020047305570603902403005700602734509700029106038000004
030607050789150600050492800810936025362045180400018067040371000100500030003020016
009500400018049360604381900145600708096802000030405190200030670000708219957100034
007024300456010870000005641600458100301090086580001490920506010100082935730149000
581603294360140580007098610690354170100700409400200030050820000024901000713005900
050870640700190030002360090398047016025081074470006289537009100809050000040710053
480007106020046738500100029000735004700820003200614975390402860140300007870950002
830049125001080300702036004148007032320005060000324081504090700907653048003001650
003065170004071000000480695350700086046098250802356741009000560015647039070030002
260100054000402300481053902140905000029360745300008609574806103902700000000019427
523701084047560032000004500019030467052006800004189003205800090600052300098013725
509408600308905200020306000734000080296047053050690704143789062080201409902500000
350048060040030052608075409070304210020801006461700980030000078085627304706403500
003080040607931025081060703032010054160090302090327008209648530800100060076050480
067830040400907120290050076900340207830705001740009058604500902008290030309480710
360085000051706008098213560815002700002470600400001089023007496589160027600000051
072308659635749120090600300040203086000560034006480090028976400003020005010835900
903105060800740013074006809782360940001520708300007100500672380230400600068900072
030006008628590041005028906000974000704002819293600075087010604902465007006030092
506900000040165970907040635190006040080794021704010860203070100001450096409620083
125700089063901000490002730001870045000100308049205060050007012602509070317428506
768005210003008470040267005004900720607801004092073061200580003030700852985630040
000002051425931600810700004006590043904020800350048790001806430703250060060304579
080009460400002079397164800079603010520708036030900207206300790008406002950017048
070000020180706504042908617027013065630850070851002490098004700765080009400090206
718006000400005790593780106064078019905103000100400003051937080830042570047850900
514080937983507162620019800748061003100204608062000019000003204090008350200490000
406805900800020765920037001560081302038204600002060150084006507007048216051370000
618300095920810073043529816430900001590260000006453000064185039300000580000702060
059108000041279835700000102036795000002004573507080960025407018004850020078003450
008412965040500320060009180004690812826045790907083006700006030002701600003900271
950076834600403900408005020109024370700631209083000100804060593596048010000709060
007001030493085020180030050862073040075902618010008273750310400041800067638700000
095004006002907100087620954050000740610475023703208010900082407500700301874103002
068140070009500000430900005000653091076019520000008643013804900740395186805261007
600078001819005347050130090400891263301006800906500004004609780208350400067080930
063009015140030800500127430704010520600250047052073080410082309870000250020794008
769203584000500090205078010007081960108029070490050820874100250050702040010045037
726400015014506020380000490050170800070690203260350007608210074502007680140800902
080703001715920060040600752820560070904301006600800539532086490400090305007035020
067095420159246070040870596483950607005000009001738054000500000508007903920403080
800709036950026017030180090041208975000400008280597341003851600068900004000674003
790205068548609003000800507930780001260490085001050902079500100820163059050007830
345720980000009040690380102032900500180043709070016408021035670004167290703000010
809026470200009816340010205008632100095087030002001708583060900024075301061203000
003048769000270003040631208068002010030157006100060020605410982020980075894000631
000630000942857613056000074003045706507203040180700032708462005000500360615300408
904083201051200900700150086309560700015430800080900635098005340546072190000890060
000906012982317640013000800367400281000632074054070000030700126026093050108205400
340860000900000200005047060069013850532678010400290673290086034183704906054000007
060980500823457169709002804070130008300560497085024300090301040007000900146090780
800054290073008054950203070010040006096082015540610039429831500080070040600400981
830000425249530786576824000302407008904250130005103000107040360000610000098300540
310067004607015038800090170908002605001906082240058090023680501009001300160074820
200009501031008006509164802900003204820097600310042907048025009053001428002086300
984017050010003986632950070843070692001236845050000017000049008028005100079102000
046508023205360847380472000017004398930106570802000000100023059009000030403015706
006753490090214008001096370000382054134509826080001900509040203300920000602100780
200001950013825700000970002120500480358049600040380590760208310490010800031456200
950710040716200539000560700194600075507004098000975100630007402040300080809421650
670001509400080067309060408002009300031075820780100956040050792057090143093700085
967140300000726809200395640603001002405907060109060704030610008546809201000570006
390764008450810697087925431010600040003200856840009070730080210100402780028000000
061452083842093051093008000035000010070000008018360527080006100920501836006837290
700396502000540030050700900090000173301007004800103209439860725007235090006479381
003750001807014602041080509000605793406200000395108046030800905720531004018009307
268900304071040596045003001807521643120736000500804000712300408000100005653000910
900163285625000900013009000056840007400976001197032648361407800002010409040000076
900002010304780200508930674000000830683497501057308006405010060700050103801273940
103208500900576200750009046000985600625317080039624000074890360580000490090052008
328006450049508620000304080000953840650810302893000001030080910405039260980061700
003157098015980000070000040004073012762010034138025907040398701007561420950040000
900038651050100082003050700406500978895740006000986100060804529200315000578260003
370280546659410000000053071193004005040000030720531000964020710237100050008096423
480210060620350091030600082004129800902006040068005923810060579790500000040971630
620087014530102700100600032706800291301025007002706050067400000013008079090271368
140800090020100463590476200901740006802900001400320987659280170000600002280507039
453071002690080700087042953070800060068050197041709030700096024800407019900508006
207951830690400702300200001056708293903020010002069500000690080169030425720045300
467030209109007004003946571730400690918502030600703100040609025002070016076050040
000870130023001780187035400092006070050703628036420500309500201074209063010064900
280647093036800420090002006062050307005280600840106250600530048407008100308704905
700009104401735060860400507006827009308004071072003046204000700680570490500248610
000030000984106000361050092602009058010082763578010924120865470000390216700041000
160700050398265007400183096006317500230004861510800000620500784001070005050038902
003470090907285340000030271000590108086340509290000030450069783001720004309004612
840590102007306009230001506000700008058014003974280615103452987700100200082009050
239067005140090627068010934300970802000206500080003769850600471420850306000004050
800430050500090004143026987400873095009000700785609430607081003014365809900000061
741390260200078005800400100056840907480906300923001080090287006570610840600034700
026080579089653000500090083075060002943002050000735498008540960057920800091070045
002507491057049280910080000261094705090300602003016040700060024146003008009451307
000900150853061002609205703045810009090430215106090008304129007900050801520070390
035084692789050000620100007012008065056010043070546900260875009807300100093061070
200000890039200105804006002490073021308051000167900500670520419082019070940367008
510390020008042135004170096001429008600501900809760012900250700425007069187900000
295014800100375249030000010046002008901847326002006007074253060609701534500000002
607000304582300917090072005123700506045296100060500002400009751079050630851007009
700090053910530027520170090005347209172000034004280060800705042051023076037400500
630480000710050829005270046927008001000932650560004082409620013006005098201093700
045263890300008400601400703003694058420500070069002104800045012206807300014006507
070040009058703020914052008000430610300217090092506374469000080837900056001308047
194005023076830045580421769008214600340768001010950000000096070069300504005100200
003079500248301967090040010130586004950030086007004302006017039379400021080023005
945081072008405000060007854659140080320800905000509260500620008830054716406008020
612850000070100208004290361030609507896470103005080004108036942203940700900010006
076008150014036007005270680091750268762010005000402700680020091520180300100095870
709042130601005970400901006980006017210053680070108040800500493193064002007230060
007691240082004690040278513300000800820160374704805009008020065209500400003010982
030070400910005270067239180720004050009723604103080907300150746001090800874360500
026754100908203506000800370289047610563108497041000208000002000050071963090506020
820350400310900870040710062080693007670400010590001638059000780031867950700509003
120780500598060020400100090864093100200847306375210980901078230600005407700020009
500001037904003010103458260017006590045002080006745021450860073600007040730210608
304027068012060000700059312629000087500780200040291603400310020276045030100002594
200089076756000910804070320062130009380004051409860237620700504005046102100900060
523090006001820305070051042210000008900012407604587120165470000040230681002060750
010528000054096018068407950600080004901700865483600170807060401090034680140009020
000092071760034802821706004010280709300019000900060183294000008053008007680321495
089064375510708029006005000640391250052006093003050040360079582075680000400010067
090051400154900682300640050610700020740260513003014006032487065001300200460020309
500006700084019520079503680750630900020078465096050300817005006900160037002407059
701463908002510374309080001034201650965348000020956800010607005070800190590000200
018975360705003048230810795079561000040789510801342670000000980080007200900000450
000003050580729416967105002600000020008910700701034000126407390075600084809352071
052908030380105946600700800501492683020680000860000079106000458208306107700841000
500092017716403200020001304001820409207904036095006100109058603304109720060300050
004596030795380460610007985900765000050000008302014079009470016401658093080030700
900058401400900802518602003095003140030490508604105300007061209309784015106000004
802000403375860291000500000798000000516049080423058679034007008280005930109483020
675004000100005004000761305000183950961050400000009217517938042209016073386400090
120085007406090830050374021769003008805700092000009004080907210030142580090560473
605390017000200068478601200090006805510832700860940000080007054041560980256480003
563002814704060005000541000130025906256800143940013520009080600670009402401200700
450801090003070012708029506025037000900008251806502730580706023069180070300200068
304000200008932400750406983003020769100360500469805001801200600030741852205008007
753090600100500800004000300040712905905340016230900704080100563062485097019670028
038004005600283090079600438062900000007050860840136972501040286403809001006520009
010938760302600090806400350201364005900000426047059100000096240529700010064102530
807021600020746501164890300400670000002538000500200030645082013970150046230067008
460705300781430600930010840258961030196000250000528000029007480003840900010003576
002000657567090018800567294689040705020000046003608100700906083096815402250030000
701306509530720600800900704000500291305601040194078005486007002000409103910850076
823700090709065218105020470006900002307200060952130800508010026004082731201607000
802569704943107005000000910436900800100405390050038140305700261204010003001352009
070950142092710803100000005248070651705681020619400008901840507000190000800063904
602580709408000300070436820006800030780163490043009608861305070950270063000010905
230001854009208003014506007065080100007102005102307496600873009570004068908005701
040020005205014930107609240650408100300091054401030807803047002020065081064080309
200300614501070000368010000086900103425100860013000547602783490030091270190620080
306800000970246538080300210107060820802701060050082041508604903039008050004509180
057004201800100000021596784480067125060021000203050960070605800040203079538700012
047036050003201067029050081300075210014002073270103090090060008086029035730510049
341876025000000073807302010408005307006910208209703004982637040100500602500008039
821073060005900078700680012498136720007000083003750090506091247900004000034027056
034009702060342500102005840700400256420570010603201080370014028040800075086950004
090640357050900602007000089080090736740865921016000508004309105870054060135070800
900002574800050912425107030104008057596070148002001309040705093010604080000389020
486070503007005200009863041060780000015230870208400639001300960740600310093517008
200940736900610485064000020645803007790001600312400050036074098000180070807059104
564098730200170064001006800000010678800650003710809045029083506187504000650920080
034700092829056310000032040408075003162003709000120064280004001640097085003280406
048109070307520041050400908010000256470210800029385010931042507000950102062070030
002700008930810070801602359090321840064900031180500090019007485320459060050100003
504908107010500090908074035457080020002715840100003079000306054630450700245007603
830050106120403080007089230010094023980006504073501009300070490700910050291305608
720093408800540030350010902010800600975460803400230509092070080007980246540120090
070950142092710803100000005248070651705681020619400008901840507000190000800063904
600407000710062534204080079009236018082000960106809003820041390035700046060390002
089006507300179600740058001408005073017304062063000005030927148091840750004501000
004872065061935007020000809390050018180090204000108900508243090600500382273609500
375801090080070650900034078060120400190050700034690815040219080819700006700080941
080502300570003106326401000042708503007306000850249070200034705065020830731900402
436018050180724060729050184670090023542073001910640805094501030300080000800000900
042891050109437082083600100090056000000082074021009000368014095275960031910503000
640001580020460091035029004090603017856007430300940006081072603562094178000006000
090870430060900157470020698010362879080091240200004000658230014940008000020450980
369012070020000309000003820517480600284301050093257108431070005802034706900500400
000063009528000460309245018901070320050320070730081096003658107075900030016002085
340901070096805200200004983839257016100040002005100730570693028012000360600402007
035721000040003507760004312050002070307105020024609835409208063503046281080007000
800000503195840070060975041018000625037501400500486300006090150042157008051200730
351070004204300000008004057000690001013042076420751908132460090745120003060507140
745013200010004653600085010038067945176549002000000060900008320400321090352090108
052000960060090085908060143030086094009705630046020008084209050123650470507014006
003709608065203094740500100070130509308600402950074060280406930000001040436027805
020001764900540000431620905700805340056009001049013570270006490680950010100082053
004003700305710640702605103001090376030057400479130500640082001013460857050070200
054032090830009041900845006481096273365008400000413860740000050500024180100600034
427500800053800942000243010346185029005004108080030400810702005032400600700301284
019463500080090031600002479036040720400007003827500004370904250060350107541076300
000967184080040039194538762203010000001390805968750400706403050000600008809100076
340860000900000200005047060069013850532678010400290673290086034183704906054000007
000510090584692037210000608007041026045000001102785309021806905053007060600904210
843001205102530060765000081007610830901000607004003000050280913070046028218095406
327958060000320897690000300056071043010005208702049010070400086089062004063580109
015930007003008049680701203100800536840306010530029080760200405301095070900680301
004690700609002530580037206700080105090574682458060000005349860936008001800006950
403006150805941073060050080386512907010700560007009001702105490090270005501003708
109703256560020000002058019804075620006031047207800005301597468708006500090400003
007340008835070164009061300900704016503608020014500037098027053706403901300080700
607051308003007124291030607032080001589140700016020009004690010000413070168502040
508904102030007084900013506417205803800100000625700490204000008309651207000482059
581009437030014506040038129410900862076005010000060740153802604860047000004000308
006089153039015024201300000005072008947803005020004796010607400792008501600520930
015006803000412065962500004500060081601703409380045002093057048806320100070800506
050100080000792500093865201008027690962403008074089010700906820800301409009208037
026037100400209607971006203007090065000058304305004000068975002530082076700463508
097003001602409750010650029060500107470001002059762038030084915025100004801035006
941300065008060300063800079095603700037042000084170936400050003310090402850036197
920713405064900080005400309801207004502680731600005800057800040030004018089321570
800540001450800290300067054005980612196000040208100905984600020570308460620005180
003025008080130200000876134672543019508900763139760002364090080000000000801307940
002908704984005602070024080023100090000053041451807306008460070207001960609502018
087504192501020600300076805450002007200081056006095000932007501704258009060910704
000506002832714569067000008406109050005600941091408600070301295240970100150002030
726058104400607200005090806930700002047020605002841709200009360109230007603104920
600057231802300076001620000289170004030486020040290300720964800960500703015008690
609030487403807950050690300260000740900700021700046539142300075300081094008400160
400503100860400900032096754017068032040200000320740695680050047790002016200674009
970003254040960178000074609690030001005001306401009527109340860054096003060050902
025400870730106020004250309803704900002018734407300100506040000040860597290501603
830027951097360482540009070050200168083600004619054720470000030005706810001008040
300004005400608210268075043700506301034092076906010008600009700827400109040781032
040026700968040503570308046309804071000030000207159364806070410025000900700485602
200940736900610485064000020645803007790001600312400050036074098000180070807059104
002459107300028506075030040069380450207000013004000009000573900708164305510802764
183025049024619007079000152007250060030197024950340718300061000065004390001000080
030967400910003678706020090070300059280609000091270864400000085050786340827504010
809601200000073085507809360206734500000016020013580400064090000902468107308125040
028040063705320040004071850800703410019000007470816290041537008036000074007104509
000106003900082476030950810209030058083421769761500020100000205050700981098000647
240380910076095300030007605910853260302070000004009731451062000700030126600708450
370064592040005008250098600516407900090031760080600420104980257025700000900540806
040026700867090205250803014406905087000010000908267453702040560094000300600759802
006409210091020408840170009574030680109568304000700900467003002200047890080250740
413680507000200143702004000165048702938000400207560008004306071670002000329017054
003406097004800030000090050235947681069321000041005023400760018908204765300008209
203000014076930008004182036849301672030000500500297800008005020407809365025740009
070210863650790100810030007900460508060053400140987020096800200301509084580326000
495060007610704005008953416089417000042030759300092040257000900801070034934080000
800350620935068000600001583068100930090605010250903806540030067106749000007500294
508403200006520013720080506061750098204006100080340760839014050600970081100600024
245308010906071400000020598800700050029016734470903060608030205004200381302485000
108000790907830050300927601034082900081090530500140820406210009800304165710600200
400000150017653490092008000750006301000375049900400605389500217000821034240730580
060080090391507840007306501704000030050438017803901650500010460109805370630049100
250064019841050072306720040078105003000406791019302006080200060004018200103040958
090200840104798035073004200902637150050001006061050370205070400049082500600905723
293004050508001004001000893135007008902408730487395200004809301006023079010706002
000060791176592080089174020401725008560049213092600000005400032743200809028000000
090030501480012009061089004845190023602000910079320408300008170916073045020400300
605900748820673010900050300308021056050400037706508090580007000400205103207309584
007500204549270081300408500930705000804009756050804023008600400015047092073902605
100409500400002890520380074690708031013645000200000765007160052352890600061007308
053087409090420031108030050510608200000310600436070198800200006905761300301004527
001500876507028300903016005690103400800900107702860530409680053300200900108307620
201300900405002136030169020150904387087003010040017600023008060804506003070230845
020000957309270000056918034000704609604002100973860540035406090098000305007359408
902604800800032060706500923008310240490820030210050609004060002005090418329148006
245318067380769004706000000904806175628005030107903806070030600000294080400000593
709000058356097002284500697128700000003280000040009806600042103802650749491370000
680000070213708546000612300350001629002065400000004857030180902900346000768529030
073600520090354700508010306451826073600003200002100805800430600015062487904700030
628350000409682105100007000090410756500269000816735040001824360203076000000090582
756930280080005091030408070260790405190050038300810700010002907629040053004389060
000004278084700190000928453460509702592801364001000500070245800800107600120380040
001860590798005100005000478050090710410658903009040005160300050982514000573006241
803027194060400853014005276605102708000003649730860001408731005000006000306000417
065213708701904632009000000940001026358026910000590003890005001070080309023769480
340050821006294503527080694700012006280060010901700000003420080078530040402078069
015700906400516200062800103048157360300060080250300019590071804100020030027083091
370500690486309507500627000004095300150203900009004002040936185003051040910402063
901050206046021957070069314462907530010500049503006800050090720300470100087015000
003068054150304609046500800480001736092680400001053008010830902830000061520196007
486012000027500609590000040904175800050030476378026915719000502005001704040350100
587902100340150780916003500230080070000020054074019263053008410408001600791405000
902807016610009350008600729300100842024730091861004000006082975090070100080040263
290731400000008301037600290913200080040800630820053910079002853080390100301084029
040800790029074005087069140490016837003040009058037004261453008030001426800600300
273060090080209300605031200016352479000706001709000002300907600047613908061508703
890017305314260780000300400089706030250030648001840500043108020020500804908620053
108067300930100046050903702701040063004390200062710904210070450070804039809501600
100830400083905060906010835207308100048070256001450008060040003500087910812093047
503479010042080095090500037100207503930015720075004100350600070410058062020930850
007024300524080170000007248600892400203040067140006580430908020700063891960215000
010030749300000600000600030243057006901382475570906321050013260030029854702400090
648013009003200645700409030000800702281670400037190056060740500504900380802350904
206341080800005603403009701600134007581072036340006200968010000124600098005490002
700520603009000401261934800917306204030090700080407350170205008004060530096780042
005009007190460230203708405370004609910602043006103080730241056004900300801006074
006003570090510840500649302600050701845701603970306400000962185200175000050800207
006284091845391267290705830000000143510000609030006700607000050400670918000548370
007003650003078900451062708710639400509007010800001397295080160004005070100396520
056007040300025607024310980830040056409752100005008409073894000080000790902071863
010094006802750490509060203100300080723018060050026137904005028670082310080630040
056908104007540098890200600903420507005090400402680930720804360000102840548060700
004070093137900006960305400879031004040069008012480000206700901450000672701624380
300090054480302160061048003006210340010407000743060291620750918507006400030904500
279406100800020304003000000000700950790300018082594607320849561560013740001657800
026804700001090820508702069194030670780040290000987050802309006307401982009020040
201308000005961420890000136003209600529180074600004290150070049907012063300805002
900800030062943085380060019020600098619380047050170600207030050006215004501090362
046005003130004607005361904510680090090402800280100365400010700370040016950736208
070590140905400806104078300036084217200065000098700035300027081601840703780003060
100009002326801749007062003269587030070104908040000207405200070700695024032700095
010760480695428370080510000530947816908100237100002000020091703000204060079605040
261098030503026008000030462706215049405009000010003675157302804300980150600004003
974025006100490502005300104836004019700010308400832050390060405001950703068740900
706103052038564719001000000089400070007810360160075908072041586690300027010620000
001308070970500203306720019010032900802679051790000402084903705209050104500041008
073950410890063052500004030730009104409601370010340060002700040068435290047200501
207005148008406005054870900000020010726050309580639270875000032400563000009207451
390615702402078690010240538049020000563107409001004000204751060006400205900062004
860002701000090600937615208093080056418306072000109080000001560189567004054900807
745013200010004653600085010038067945176549002000000060900008320400321090352090108
806025007001007054000004368670231080010400572200078031700140800109800003402763915
049103005000290016010407309000814063300009182160532704003041050025700030081025047
500049030320085091098003026709501042080004060054908103165407280042090050000802014
800436705607820001502700830000208369080054210291600584000567008150089070060100050
860302794045107302070900000480601029600700030530204067354020971008470050006510003
283970406540006200000430809400600308308704500650083901974360120000020000025107693
076093810302061400400002730160034580045080120030510040603940270017320004004005068
095406020607052940100008603062009430009270005078063102043620089080940006950300210
800709036950026017030180090041208975000400008280597341003851600068900004000674003
853090106060815009009600580032000408906381005007029601400063207670042010320050904
030905602506840301702600400003129760640300000201006935400703026907508100065004097
750032600046900273920764050500680040834017002091400087405270009010096405000005016
068204031100967428490138607070315000620009043000000090286003000509600370047501860
300012080001000079258947036934085027000006003065309018000034001483090062120708045
037495681805060000609021035024000170700002943100008006050270810482019007301600590
051700000970501836030490075740056080008900004095802763010005300023174090407009512
015003700803057029200000305608031200034082601002065037089004103406019502021570006
007539021024600309093040080300276094049001008071004605012065043000028510785400002
360019478870403100040860520600030901197084002400690705084100306009020850530008010
065400830028017054400508700947250080600804070800001349034002600079340520080075490
948002075000067080027089014500270906794003128060890000800016502405020063076340800
370064592040005008250098600516407900090031760080600420104980257025700000900540806
643800005001650374020340090108095002007130058034007901302518049406020507050060200
010030749300000600000600030243057006901382475570906321050013260030029854702400090
030256007400398120020010093270041059310005870096003040059080002100700008783562904
743201680000805034065030010204906057070354200509000306450600100020109078980502063
800405020010003004254700061689257040005000287102300500530840072400500608728936005
020861304009000015184053007046009570250470109070520400407085020068004051010607048
720485600530091700401603502050106000394028050612030800905060320260004075100950008
027004090145802306000750024036005219900321080810900040460008002070630450503047061
174025600020100970090073520032010000015834062400007153081750306300602007607300205
217394500000000002864207001600920837080740000752600140195003286006810054078502000
020000540400306078708504312000039087000852031000167000080073150070205863035648029
508904102090002085400018709387405206600800000214700590901000003803159607000683041
062095780005642930104000020010406850908051003506080072081360500050010306609504210
502873600718650430090104508480067900900040701200010064079002040300401290824096000
086702004000540800154090237070905061029304008510600042205070083000153000391008475
270050009600947023190800570780030912940008035002195000009706000810020346026013790
010523800082040570430080062000804300870900425164302008690405281041208050050600900
000072051702001049631509020520700060100230894043106070390608000008007930065903287
005832000062051800800004203090000082520049176136270549054027938000096010700400605
076014000100309457904200601001950284805000070409873010200640090043008102097102045
068073010004020386010098274039006002482319765056000908847005020600082403003000090
000730980018690040905004306000008459802000710000473200189250634403006075057041092
400980100091060000052703496069802301030100048080530629508079010920051004003428005
008500097096307081340089020280003905901046030070205048800401003032900604015032870
030967400910003678706020090070300059280609000091270864400000085050786340827504010
564098730200170064001006800000010678800650003710809045029083506187504000650920080
008760934601809005904230160000007642706023000010080370063490017400050200020378496
000960408359807621408200000940178060070002809803400705500780096701029030690030180
230070840800430006409015032348001960920340500000680024602090050004208073053104209
169030705275009360400065000516304080397001004800597003000000439601953870032008006
678500903400003005035090680109006807080009000307410209703601092010704568040920371
020004030645837201030010670013796408870050060500040720406023000007600302390470586
013082057000001034724506800805304900001050040402710385000807163130605009647090500
026080579089653000500090083075060002943002050000735498008540960057920800091070045
001003075008907163700000020300090201470150609509020700100062897824079006697830502
007361408401008060000002730792613000106405070350027106519000840008570603673100005
914300760020170930700092050600000073048537091397061420180759006072013500009040000
000507001907803254845000030170089605096001008008056149001290003480605000309170462
006052009300900510195470802901340278250701004400090001600500080817639420030007096
478501600023080000059247813807009300306000978095308164900050030701004095502700001
307524160600070030402010950036000095018207340900365800063000509840156703100902004
090008000486179000275630180560013007130980524040750000604205038050361040900840600
493001528702400930050030017000290084240085009080004300070120805869073241001006790
080907320056320400723000105300500014142703009600412008519208603064035000000040851
054200918000084005281530004035892046000300091968040020003070060020613089416008350
020680051598000326617000894000048600000921047004560089302000175905170000741035900
409570862007068905586230170003800057071953086008000001714300009302090040000604013
941300065006080200078900013069802500082054000054610382400090008620040901890073624
006900000402510769071680205063040800090050372708139050630025008040700520205308640
380200040670300080020498673700063259006547008135000004400029530810630090053700026
009600000452037109013409200004198000730040091500306028080560912906010845040980730
840032006002000010073194825705040360400051000018607549184063057050208130200400600
460070035208400007007321408910540073054007690700903020045002089009058040870604102
000078049451206038700031000206813057000754000000900314070049821100380406004120593
005704301048209005270500490009000067701962500062370180024008036350097010800620054
210095600009841025508000091706230018082010000001508273800400009490083062027609830
310905027600070190790018300400020050207509061059406730500007003831602570002053680
820403900006708534000960872008200090000080023230514000002800340985342710374006058
000406120040320005060105000380217596706534812000009047402900670037042051019003004
097802050080417200320050407700060028948325106002700543864070300073049005100080060
006239704079000103308670090005002408623084500080053609002490050907500040064310972
004620897809070000207091430600107040043250008701008356010062970392700100400310580
705003809000586070832009405200400080370900246401862700009620107087090604603074500
007358090900000045001904780016400529030005807580270403890500074000862931060749008
406098071105360802008005300000401903084930107319002400201009000647580219000120604
965400020400002190200739065000000286512096340640273000106304052029100074050027001
003609018000003504400051090050706123360510009200408657905360201602104900081925000
680000070213708546000612300350001629002065400000004857030180902900346000768529030
070413068810070050000805130067158903340900586900040020480701695090580002730060010
008203500009670408346050702430010059967005001000496203280034067703500904004107020
740009800390805400250670003019527004020308710570006028907452630160080040405901000
080014507090760483000930162060003209910040008803591046078000634030480000009356801
008205607017396000902000531050009068180563902290001300001004820805630010409102056
050870640700190030002360090398047016025081074470006289537009100809050000040710053
200006018061000025389152067408000201007903540635004700900007050576328000842001073
006914387100086902093000014010840065700000008980020103659008430031060009478190520
300458920079200034402003005930720086050604301047001090820100700060587040790300168
020750630857060920400890500305420006290008310700501402500380069983006100070015840
001740002059612080082000617017904800005800340830260170140027908503189200020000701
000003700186520409073690082308000590050036807092185003900000054605749208820350070
026950087700823056004600290609348070000000604037260810002501700170080020548702360
200903010810004075065081420400307251701400000920810064600002507008509600572640103
068370450700105602201400090306010870809624035040700006510807209600003500402051063
080970010040205789079140520901507002430000671708406930304729060016300090000001304
043501002070400100210380594000050019035094260629038007300002675052603900460015800
845009172006074805009508634200050043003002701510397008008243506001700420400010300
302009005019350426600120007271400308004037600006510704060005079020763041457001200
201706530504093010360051090080540071037008250102079008803007060005064923029005400
360019478870403100040860520600030901197084002400690705084100306009020850530008010
003100400010496730476300029600200000307804206082609543804001970001780050720043601
012003040000612038683004700964100000028570409051200683079461350030007060146300090
759082103000504006402007980005040698614958007003200004000825069046010002928060701
500026301703015480106007050074060003000590047365042910230684195600200030081300002
060400507503007080874901630400396028206805009000200060015780206009000071748162903
200030108078900650015468200190807000087250410050006837000680001720510386861004020
007004901093070004481006007132708000005910000960200173070651480514827306826030000
078009005093045607062008300387904006005607430600803702259030804006080050040596270
108060700026094580090703062457000010001476200060850347605930021003042075209007006
508306200900500318413090650157804936360005020000060475030409062002000580801602040
105860903396005010482003605704209108021306009950700420010007280607520000008104007
089000013530020094401900065804059006213000400960000387058046000792130640346290001
100200700020651908853074000301000802080700300060108590502040179710320456609010283
000007135650308974090051000060000791513092468700080000176000049435009080082674503
234108079700092103001006004140560290900003540856200030027384915000000080080971460
007005010109084236836020754761300009008007060420908105010093087384000591905040000
005832000062051800800004203090000082520049176136270549054027938000096010700400605
609023571030560092700819000005000003010005486800371000528104067940706020176052300
920084613003206098680009000046008075702050049500417002230040050800795034405300081
092003600037008240005290713000041900051962478046005000203016507074809160010500830
000503260260198005003002017700059084380460070514000300008006051632015048105780023
001800069080609051693450800900310270720060080038502604456090708000740500370105046
900600057617092800050103260581060703200830905030015080004306570375420098060009001
500068007800910050091040826458671009679800514020459078900785040080000965000006700
307000102024600537100320008498000301500008624000104080700942816009570040002813759
109020007007910803020008106013590002008162935592703040851000004230047510004051300
000040890070821364340965001000400006001586403400009250702014000094253080603790142
203000095405173200008250014020005960906780032380602500560907003040036159830010007
397806010005302000402019805500190600089034201036527940671005020058400090900260500
370280546962410000000037091624001008030000070580962000458020160213500080006048325
941300065007060200026400031072801900095042000018590472200010007760080103180074529
038750416001604090460300007890062730672043109000900600906801540580206901010400002
002060410970102058106490700029806040010024960460900025248010090090245083500009270
205400106004102000091503482050908201140050809680230040520090004416025090000014528
807430009013080040020190387068904701140060890090018050080609030430021075209500610
708060021400001008610875490307082614080006900160507030076423000021008306003009257
906450038008013905000000471100079002480625309029130786000586100005390020801002650
406000070087136409329784000000000905103208000745010302001005207074921008850073691
201500008007104200056027314070386001310902086620000490002039650064200139093015000
000864000008072300007935168310000089020509013890041002072400801009703526163250040
570320064820049001003100702052801093009400206014602800107504300200907105940010608
401056078067009400308074000054690201039001806612000000186000004205700693973402105
570000102203510080400932057320800500017403009040061873092306410150004300030120098
250980300083210070700050829390062008060870204802001703108040930430600100600139402
587902100340150780916003500230080070000020054074019263053008410408001600791405000
000408106154200387809071000620003005590704008003082619006020051982135060010040023
060005340520904010409130025004080050712590408900403702040270500805641003206000174
083460007060709003792030506200000051000290634614800009356912070021007005907006312
000200008741005032382061090908026040603147280000059306804072000076598403205400007
001043087400179205957000100806405312310080000002031048603054720009027056705800003
006284091158379426290105730000000157460000302030007600709000010600490273000712960
168030072370080491509700600907300080003152060020900100700805924801247000254090807
801295006060470580075000104097186203036700908100050007028000600010607045604918702
200093065360504010040706903700408020004365070810070546401000007682930050590041038
270051840401809507006004090700502006652307089004060025925010078047086052000075004
907016002158203409000040108060487905004530720571000004305790600020100080406058297
831947050020805001700620900060000807590186402010372690150000328084000170970018004
008702000026005134093016702070201005630907821012008900080023600067089450301004208
000009473000000680000304001683017045091840206420906718100028390802090157009450062
005308107703195006080020030037050410209413705000000963102940350058231600046507000
908403207003027190012096048095070003000950072207360009020045080571000904840030521
945030278800020060700500093050800006072695001680270459390400000267319840010708002
057001049981704060640802010028506904309400701500070602136000470095107306072060000
020910785915730064070040000059081300000407051641020890580209403104073020300100908
075180290400950300103002506017090008360248170800317629521000003000004751748000002
160420050008060209290071046010600900630984501950100087076048105500390002029005063
900301007627405091010700680746009038001800056500614070802940710309108020004050809
724050380060130750010702040586971230003540106040000070137465008402000060000290413
504072003010004579780069002000203768872605400061700200020057304037900006058406907
029000045670350000008421769902500800580003604400798502840106920010030087703840050
010700083508091760703806500930687154080900070076020008264170800800205641001008900
702090008038021007500870432289600345075209081000308000624980173000762004057000006
091080004503049780070203150080401603906008207307906040430897500000000038158604970
019463500060020037400007196076030950900004008834900001280605740040270609697041800
304860250085074091001200030000500080173980420850430109600045912419003000007108046
400005390350200001201890400106007583047638019803510760085000647700050038004080025
128607045040035910030400008074006580052008130009543200507360021400100607201709050
650870090047093058380215000010320586528006300930158402093507800165080000000030060
067950030910800006008032791891470052600305087005010040506109274100003860780504000
000907480518040970940850600800230000402061830091080526020090000100670298789405061
017005009000961070459003861070106908380200700190078402902657083568300007000090640
908104360672093410000060900400037120700910043319200050260380570097400608001706004
960701245008503000014090083050020037240017508076059020607035492405008070030970050
712000965603295070000016080008630190096001807130809006021408703070002008860170240
900200045354086002021000003010048326039051780468070050703400008605109407102807060
064000705001600089983500042040072030009400270702080564407261800120398450300045100
907030086083020905501790400100680700348050690002019803090302017204075008030860049
047030020100020005052918473200380750013200690074096030720809306000073280389060500
537004010980001036000008074800023007250607040743009060600932480401705690308006725
015000769067901300300657100001060830038149006024700950150478600080300410093200087
420631085693005100000200703900100807008490230731502040800324500204000370350018490
009010780052708306370640001090081063643900010005403902581000034000150027024836050
010905648708060500564081030930800457040050060850437192000040915029010000075093080
100000083000540001048013090032861507405920360006405912709000050381004200024109836
208509710057000600010327580300902006070034095591080032740095260029041350100070040
217006400000120037034078210059413800180600009600800351020369008076205194095000003
680009473700340508304805000050060300090430051473501609567082930140790005000004810
807050091903204006205100000530807049090542007071030020184765030700920000320481065
407120309681390004000070150065030017074050680010786090003860071706510042028900006
098060501200150800057904306600012000815406730002005619940638005083020960700500083
410020750003076400580091206870015004091600825600209003009708500104900680058160092
708005003902300004600124879000209060560038020329500481100052736803060500206740008
253000400000690053080005010402803090007069348308471520005130080749086132000920670
800000410070146850009785260205601784000050000687409030068072045543900000720560308
001480732742603000009100506000800400495271068107040095300504920204010650906730080
890420605500987200702503810000094537357812900060305028000209050400138790000006002
356970081000600034802501700508420106100060450604150800001897045485006072003040600
010680457048100329500240008705460980094000000826907140200030061360000890081790205
120085007904020850080947012857009003206800079000002005010406230060518790040290561
940103650000956002165000089009360540081079003056008091200097830607830020038004970
631247059049516070050900040200804561160350907070601020000080000080000015415723690
098030060600058902054902310007046893841300000006580120060093081102004509370015040
000075204097210800254008076075041000800900417410730580589407301000100060061520908
570062910068530000090008563020075000034100725705094630809003457300840102207950000
580490726710502309900080000000079462826104900470050030007908050650023890390600017
700900005651230479009067200068020094040810032012450600000085700104600058835104906
091080004503049780070203150080401603906008207307906040430897500000000038158604970
514079083200600007070403250051730028002508040890002360083000000720301894006857032
000209580981576030072048000063950074290007860705860020107480693608700240430000000
409570862008062503265390470003700086092815047004000005321900004506020030000603028
518209700007000006060781952080002305603497000072800469031528604020043580045000030
050700289003285017827060000004308152008650000275900806680037000702800365500420708
900163285625000900013009000056840007400976001197032648361407800002010409040000076
000309821209005036603720009001053200000901073530206000108002307927104085306587100
486000950000610872207589600060805030040200500029031086390150400054703090170940065
382004060607020900000107823421009530593640000000000400050302004074516389109478650
641875329500032681002916047007358000034000700060720908200000003003580096708003410
003250078056080031820307090470813950085006120600005003507132809104000002030604705
601950024403210007009700306032100070006530109510470203890627000005001702120300648
603040700805900340040200985078356004430091200510028600904072003702130009301680070
400032008283005100500809007760980420128304906340200780900000670852007049604090810
317680295064050030000023040923010400006408901400260073605800004070046052042075089
238070009090426780040008501050603170174085036080700005460837002703109854010000060
600400509020589701985060300004273006018004200230100457062907130049305608050006040
010009500049605013802031690024006078130058240006702300070064009390087460460090082
001004090600000400002300670207509080510040760908713024134270956700100048826405107
004080307810740900607105802206400100080609073940510206720304590359870600000900031
582030604400070000901864503010047296604080057020690840100756032200003060309028010
670028105003014020010950073128030040509007200060802001280403509790001364430005082
160879340548632019937004026016000502205013068400000900000090653320460107001080000
703509840040700000590460723002806054030100982489203000010047000207085431904020078
006749205045006030890532461400968070050007903902103640500074126004085000700600050
759000384400780050180000270000006530260038497340050860503602040904070603028004715
700001900090067251231059700902145086586000400000670520308700005607890002009506874
401002038306748090008060405965417000020039006004620917680000350503086020702001809
000080250527640300013920670001800002730092800086034795405010903002300008308456120
521600407007058019080210003790860002032904150100002098004709630953020874600045000
003780560750000002002006003200614879040398125081000436504039617008500000079461008
609805200000276001210439000004027006763040890000300704400690508031780469980150320
052000060048091025006572408001009003037210004860450172900307006084905731073100800
060000052051370800207056900539210684802900570006038120100805067045001390700640005
003025008040890200000716543368542017501900436479360002934080020000000000107209360
008710900710020360062903501200507100100068095975004602520049807640071250090050400
008501790201687534060400081500940802000260010409710060004802653080050020900376140
000100050354062890810039670701000460020804005508316027106280540290450100400600730
603209705250007609900064200067010390820793100100800420700008032490300870380971500
073004906089012075450790108008023769030600012010870500390401280000930650060208004
976408053080309004003700908007800320538200670200637800020003190010906080869074530
803027194040800576076004328605703901000001285180240007702318009000006000508000763
091600070205307806870415300760948000009700000580200900923804051608070492400520603
760098002002056704014300806098601000007209340103040689049860007000900028281570903
003200049520480013490706800640050931178092050900104208310600002269573100804000000
043189600600070801015600790070258410400000068281406070900320087520060103130805900
301028594908540000405009186093850260000012043204763059050090400630480005040100007
700060904056029087089407002074005093098003025200894700800940006063780049041006078
506200317240763005090500040900820450358040120020930070802079504030100702670450800
083005607067312008409006001078500402954128063300467000796000000200700396030650074
023765981006098300908000040240007600001040500075826194090054203560002009130680075
730200408020403657000097312008620934040059020902348765801002000203004170007000206
523701084047560032000004500019030467052006800004189003205800090600052300098013725
000060791169752030078914060607435002840079513035800000001200054593100806026000000
024630907001902460908040010040300000100008702385217649059000106073169500002570390
006749205045006030890532461400968070050007903902103640500074126004085000700600050
005400300096730200031092578900020045673584092200100800009841703102900000047200981
503190002460008901090042053907320068804061030006800109605009704100750006079406380
349520780050308420026014000502001003000072540097653018000000104260130897100489002
701056030205973000630004578100040005004008060800710493527091084310400059400082307
200357000600000853395804012800600075701030080052478106003910527006042000529003401
003025008040890200000716543368542017501900436479360002934080020000000000107209360
040508076510060098078012005082076050106050780700809610320090801950681320001300009
100830400083905060906010835207308100048070256001450008060040003500087910812093047
700095000521830697008007401302086910064009028800041006209063105603000049005918200
518209700007000006060781952080002305603497000072800469031528604020043580045000030
002180006076509830039072010385067001001308004040001003708210340900836020003794068
970038004060705310308400702240000073800514900190027085080076200013850600620040857
103070006690501370500690408209050680037240105400809020040020031928104000050068249
047659801000400905591008040400703090208065004970020368009370016704801200023040780
560723190807459302090168005000294036935810274002305000009007001086041023000000080
590800046070240800480065091769530100308702465000001300137050920046920007000108604
012800054008450012057901008009670843705008200804190070980064027570200089040780300
100304700052100809940052063700530090809407215015009400083610074090008306076023001
840590102007306009230001506000700008058014003974280615103452987700100200082009050
915200607060093002020057910683420000009738000200061008570342109090000023030519476
308004020490320708070091340063970104089400050040510903954280031001609002007100095
130206748680000009500198006050314070763000410200560803000900004890030501425681930
830000710092178053400053080007045090560000370089736045206900000703510860050067124
794138560210500304635904000906302700400700030000480010000600953069205071150093420
067000100032869407008027096024976530075408260090000004400750900759380012080001705
568920004070405891009070002100006205705100000920587413803659107200000640097014300
056020879070690002901370600035402706009537280082000400000040508648250907590016300
540703002130040096800109703081925304900300000750004921006001000078092160210076439
800001230360050970029734001700020083903147506102800090095300740007400002408572609
240600519615400380009010000100800000736120895850907600570060940903008176401370008
860594203370000405004702080015023946240960050009070800523080064080200530090357008
768005210003008470040267005004900720607801004092073061200580003030700852985630040
306754089971268030800913000000801470700005090419300860604580213000420750250000040
584217060921046057600809001810400003762100490340702100200930600030570900190600008
002079004700050009195046387609007840007003902021590730016900078003080020070614593
001293560945078100000541700324000805750302016006904073007805041093107000500409300
038926510052010300900005042210680705045100908060590100590000270024760053003251400
900825604860030950354006820400008072081792460006140008030059006679010080205000019
096007500207418000300906020000065490562840130010203605604781900078034200130600804
420000090038649750900810604602004005359281406000006820013470269000065000867900501
830006790090347608064080050070001083543072900001960507009020075057108002408730069
005040126406570800810029005009015467501000000704296510608007004300950670150402903
305018040000623080208050931083006204540809160700040008000064003604082570027095416
970038004060705310308400702240000073800514900190027085080076200013850600620040857
050843200200701854400520931500369000003415720014087000048050613390070582005000007
301028594908540000405009186093850260000012043204763059050090400630480005040100007
010008930305071006076340105500704200264000700090216354003605800609480013750100602
620908003003060804904170056067012905049580302002030001000607008508021069296004130
000060791176592080089174020401725008560049213092600000005400032743200809028000000
708006095652981704013004628000309070400012009029007051175020943090000560036400800
040328091230105764000640203096204008000069450420000079002903005874502900053400027
642093007050601008100040263010300809807206005025409071560032700030700510074150930
000841000970032005010000020080000900740085361632910078500160789060759234397008106
120085007504030210090241065351002006206900073000003002070304580030817620010590734
020935008068270100493068502701080620286000000050612084930406007004700200675020049
390764008460580731058231964030800070006900482280006050810020640600405890047000000
500027008482003070001840629945730086800051940060009300200574063308010004074008210
104000700397185006058040319003002187029070000715063904036017000071620405000090671
040009052750203496069540000000362001613900007504700963000830009136407820980006074
050698400080007530764030180947021305500043718800700000000079254472006003305204070
726104090050920100090500732340082506281450970000300400032809050510070249007240300
619000470408700030372514609045930800000600000163240597094006123000090704701025008
050072300206153409000000251007500083600031795305080624539610002002304010160800037
759000384400780050180000270000006530260038497340050860503602040904070603028004715
901000426040300700820496003400973610009018204076000800014000567590160042703542900
009002000206009478308147096600094582720853009095000003502301904900408351140900000
076140529930500000410269800083910004657000000040702308008304016004021005021095487
073209806040010507890076400900651008187030905300700102059020384030905200702380600
956037018100059436203800005000094872000072301300105600729508163030010004610900080
054071002732098060001200080306814209009300610125769800200000098048906070900087420
500080619400602070768390040830907001900120730170800064380400100040510300609203485
581609230420013080000200405800007002076032598230805004094000850318754006000901740
010039060064800000309050400870614003406308071030527048748061300100243006003780014
307128005000076192610095300000703051540081000700952060009007504070064938834509020
306700081100306907209108600561003849708490060000860010045900078820610095010084020
080010264561490038400708000200000807800259600196807305302170906010526470604000010
015079823080403060067000091100060004040051300796804052804125600030700218021098500
130607950068005402200809060090400805871302640300908020006500200783090506020716084
008000705379401200050083040487290306520630804063048007004009102810300009695810070
607025039530908100009007520790854001406200008100300457381762045000500083905080600
900000800520607190670194053760840039009760420082030600006008340207310980035409010
153098007020060500009102483070004308086305004041820056017240830002901005098007140
000000135120095000054037290070000046061740320000950007716520903045089761308071052
400000150017653490092008000750006301000375049900400605389500217000821034240730580
089620007010800640562704819174008050035000084896040000027910460600200190901406020
003800160672300000008576293069700081750981306020060900040600710107290008086107509
024007916608014705700309000406100002030605140015402067500700008200853401187006023
605400003074030690031006452000200060000004105486007239700300026560009348308562917
802564000670000408000817020920005360704329085053706040430658000581203070096071000
700000000020304910594178362200007859809021030053096001905743120107600590002010006
076008104500607380290140756980060010457020608063700420600572801000010003704009260
003490678169803200048256309010087493004019000930500007080104005090030006320908740
580402106004586073300097058001365027973200564265000801400070300010023000730900600
803019650600720300410500082570943106900050008064007590700305401196204800005001079
025079031000061902193080006200694005364050190050010604030540019502036040840100560
024971065009500840510004700790082134038190000060300580340709008907006410100408027
608102705120005803500098006350610902006204007280003401000300008035021009861570324
030502870071809260840007100016028900003001420207490630020980316308006002104250700
082004910100709604709061003307908026096302701500070300401200835970485002050600070
020051870007608030080007159001240307000079560476800901200514093940063200710002640
510080630608430201040005807000000069062003175407000028830754902020390006195020743
008104600271060503640370801004900000090046005506738009100000954059481200062507138
150437280049200610007900050708025146502701008400009500830000004670094301020173065
408020067069718300007600092130870649040030080870041500090000400704195006620403975
891600450060040810457028090020000780379200564604059021000510030900030040530406178
300100470020008536650030100038469257900705084047000061093004710070001843005803609
046000870001860524008742000410203065002590307503674200100406738670108090380000006
020760085915000060008920013056009040380002090201057036540080679060590328830076100
900000784840791306730420000057003040000570860384206507008309075579160038020800600
007005010109084236836020754761300009008007060420908105010093087384000591905040000
050200041837040000142009573216950704000780302703000906301008090068590237900070160
140900000873501020500407631019078000407000918208194006020805703061049500005230190
084000027030076108107489005890000013300592086702810500076038050000020870258047061
986750000240831007010026458530140006070008501061070200620507849100000370794080010
690040053010270869802605000500107380180530072000004015276400108901300007058712006
501047306200631570703000400007890102915370000020400937038200705670154803400700001
809257341053600700070090000090146002006083900108020650002805407500031209604902185
600009010050316007138070962524900170060147005009600408301090054006803001075061089
043908056025130080800050302080019070710003529390605040430700065208300097900584030
004823000080791060020005301061080973090034006253060800908076120500210739102350008
009000164063148529001050387090000875608000032537002016102689053980030200000014600
406039821302040900080720400251463009700080316008010200865390104007000630003876500
694000070002708403007246051003050607401080205508927010709062048046815720005000100
807029500403000029020674308070001490041203006209706105090130087150980640038002900
907016002158203409000040108060487905004530720571000004305790600020100080406058297
960700501040000608820036040698025407314690280250008963070900000509842000406070092
168030072790010634402500900501900060009725040040100200800607325206381000973050806
100038092380060507027054008290000803008325901063091200002000436430210009970483020
057001049438509020160204030085702304706300908300060205573000480042803701091020000
250000040104200985708050030930061000510782400840095061381520674000806010079043500
005701000070493250003852967004000829738109506500640073450380710087000095260000400
900608070126043800080201060369175400407380016010409037501024600090030001608907200
296703080000002490503908270409600000108024069600105847004800730781200054300479010
002040608140800302360729004895204000007960051030008249214080930050030087080495020
830700040016504023070009805000803150600152007251090630160005089328940501007210300
062479008017006025300100740254300007100290304070045012840001560621580479000064000
084050970030902080510037260000005300965203047170409850600090718090026005341508020
800600070400700236100209580080164095014970028693852147000020413320018000040006050
000010800192300006830765912000047005658023007047500381421630058069400100000201049
000500621104089735050067009040900052200470968590801470025700010930612500080004290
823579000041308970700420300074802009100004007690130584030000400007946813410083090
002690810340080007806014530907300420405809370020057001078006053030108260109502040
710403058053200760600508003107680549090734000086000207304850690060001300901306405
095036008700009106086420095672010039050273600300004057501002974007901003039760800
680900245509462100200050090058120074320604900100005302005346829090200000832010067
000100065100067903730058014300479050640000109079000342503081400200040501461592807
051200706037805400800071350648930120073108064000004003080302619316509007004010500
304705100069001370007409260631250047002906810900070002093680521070000406280514000
800054900495000000127306540001978234930060100270013806582047019000030680010020470
020604070000130096060200400200500739900420100086019520002740681070061052631850947
345720980000009040690380102032900500180043709070016408021035670004167290703000010
490007003060150042052903706004619007019400368570300010600094830935800070040506201
537200109800951002200003058629500037400070295080329000008495001152030060004060583
078001420900426070240000013050783690800009704769204081380000560020500109405617008
032407081004109027708200900003690010129074653500001700200730140091008206407902800
014800950800309274709005068082704036540030809000080017900670000403921085620053700
842007310500100024003000706057000903429730080060954072081305097000876000005419268
100063950593800200004051078709000600030610520650492830972030060800706003006540782
745193006603020470002060513301952604056700932900040000030809160060200390109000240
603209705250007609900064200067010390820793100100800420700008032490300870380971500
500890623023650800960003040602705419741080300000016080004570000806241935209000104
200590010085000004094821536308015470041900300007302068060480720802063900019200680
108702059450810006902400800009327514000600287017540690090253148030186002000070000
000740001201690054340015090057000063000050007934867015705031400089070032013082579
301700098700619025590200070972000130000190700018327540047001053260073910030052060
645109783021480506000060000000008035013607000289304167054970308890530070002800650
700052091102090800405810073523140060007360002010007534270908150359020480000074020
040070060703019805015083702069732084580004300004800209091307058450908031006001900
006190000702864319108000605070082054501049830083050700804007963030906008960408020
600180493934620000001030607470900100080246300203008564019560030560300001002071956
080093247400006509917240000063910800500027061790600304356400790070560008800730056
643005271000020040005007000807230910290000386000904007570608439068379152001540068
830020540040305700020470030381064079004200015295010064002100400000602193413059082
097065000000240715025010680004120976078604030910573802080000407009452068001780200
907001420086902700500704309704080932050400007209317050075006290043208070002503048
103068749609030102070190600060280401301005820280000500530000010012859004896314200
053904816000173004194050000507069000961207503802000090405612039306098420200030060
071583600603049002405060380524000931010400070007310045150034700006028450800600123
708200036304081072001073050405706800820014790010030504073068019009027300082300640
407650890006009700290810460070230104104970020602100970820004630503701009040360580
935001040000605000060004257086472190704508020002160080801246509053819400409300060
013204608802076010090050340209060053400009180065783200000800965078005020954612030
514080937983507162620019800748061003100204608062000019000003204090008350200490000
830420190900007084014095060002503600061902450509080032603008000028169573005004820
160008500300020067970536410026000130019362045030809070680450200540090086007601054
830065200159720046240080357078009024300607900960002170490216708010500060000370009
003001087068593421201004000000830914819002003407610050004006200376925108090008370
537200109800951002200003058629500037400070295080329000008495001152030060004060583
001708402004103060800009317007290100402680970580300024278030041605000708140807096
502078190017002008030160072301007600400009810750621039100205700003086251285010900
000086054516473928780000360093825600807030200000007800002768003068354072000219400
297806010004057208080040790761000800000260970028714630000403006410009307352071480
631247059049516070050900040200804561160350907070601020000080000080000015415723690
150047829043080700980601403005068002802435071070002300009806500730000208568270090
001803296390000018600519403700058000008400960106002005214386759965107802000020600
801200390040070060063159408620500830005082700408037052006000504904803000012465983
080479000006008019392060487070000024605207800034981075020853700850000031403012908
619000470802400030374159806041560700000200000568910243096005317000090602705031004
930070801145309006076000900004000689007192543300400710708203000003007108521846307
900080040765340008004029715150092003800130960203060107620003574031470029070056000
040070060703019805015083702069732084580004300004800209091307058450908031006001900
005308107102574009030010050081090430306247801000000765608150270013726900079403000
500070023207809050803150097309408215104090008008503040000980070780305900915700384
040328091230105764000640203096204008000069450420000079002903005874502900053400027
405100908109840735600790000010007306204068007036210850007001683892673540001004000
006003942397006080020081063054017030000200579073569408000308004548072090030145020
100900005269100008850300010094200001020019540715403620970831456400062090030094102
100300502400908136326500807730100968094060015560007420048030650003651084005080000
017460200893000400200305000032046059904051070165030040051670923670020000328090617
306072045008409036045800001950380062200097080860020370570906420680045910030008007
700903400940000306035146290280400601109370004400602870670500082012800703300724060
000574960970800010300090080025967108001430570060100200548700329210058007630040851
508209710924178060000000029009017540406800090750403680100060430602084051803901006
050789063070305490190026070700641839000800715018507004407200980501070006000160350
100800073207136095830700010370009480000213059951080006723940060004508032080300107
000820000407501803819007256090106030504380079031900560040600027902703610370210900
906000702012789600003602094205130009364970208000006073007001040009427851541060020
601042009083900014009015620926403107000260890830500002702058000068700240300024781
500070904839060710007913600086009547020741800074600001010405306053006100602037405
023946501006002390097318600674800030300000409150034800030780906961400080048093010
005703800703100250801025730279504008000090502560081903037802405402076109080050007
000007400026485103004639725840376000650094380379800000200703500005010276907560004
057840003924071005003265794700100082000620057230400016006902501549710200802000070
835600924090384001700020306008940672379065408460807000007490063640052000080000045
040328091230105764000640203096204008000069450420000079002903005874502900053400027
150830460470620900300007820807006205960285074500010600031900040289304706000068302
809210037270000895050879000090107084180040006043028510006032058037506901508090600
006153008708600320305002901259080106031026497000901000090260803080017059572008010
190400650053921007020500910005097831360800040780103020472300008006200074030714260
620030790750190000930700050260458900043270568095001420400000000370905086516827009
000530070084290013753040902408050701060400028107983600840015230316800050000304180
085060021231804069000032050196540070042600130000270690008405006019006043620310580
709853600100640075540901000307504009095010247010700583904005031853000400071400806
013704925709002000400036108070359840100000590594120600065273410340000006020460083
600570301158493060379610504531869200906037050000000900000020010015980420802000675
700014003040070051612350904100400632800605400436701009578002306000500740094867005
214653007030740120507090304903004002420005609760980053800409006006030208095006041
900006305361205090020037608090004080402860571058021900600098000209013804803400769
004601782680040019002050643873000120926000035501200900730500060210406350060038207
300920400261540830090008026020071345753004100008390070019453207600010084405600003
209006704008470002034502806007028401482100900300045078970083100120750609800600027
070340001930060780015087203050010800206870154701450020360700519027590030040038070
602050000703900800908001070071000306090008427230576089369280010407160002025794630
008670090763980045004300708000500021305726400246100073079200014032810900080409207
026854710304700065007020008170030002009070051460215390742089006093002170000340809
030609284600030570829704000096007803048060790200985001360208040457103608000006017
002510790470390500539072001108000300750003819304000270085400930217009605903706020
700004500090207346003051207900000120306125409412079653000390010050746800037502004
759801340000070001401309705960712453500900000203004097090047268826000004040286500
003025008060870500000691374192738065306100987847560003631050040000000000405906230
050238041020004703413007090001640309760089015530020060145070906800010527070956000
190000000502978316708160005875293104000000280200080700000036542653401078420000631
690370028700010500025069013408003957530941002002500030009800206204056091370092005
400079301870601240201008005500910620040520010132040057316704002058092436000060100
295700000081300970003850040042090008936007020008003196014572360600008410309461057
020604070000130096060200400200500739900420100086019520002740681070061052631850947
738610005094250700025900034300006000010432059040081372500847203080300507400125800
050073126001000500063010974008249605639708012002300700925034007006580240407000051
183025049024619007079000152007250060030197024950340718300061000065004390001000080
500708316263010807180903025030000260002680109001032708304050901000007082008291603
019750623000208000425090180090580070002000059581479360050007000030025706276041598
405280960301076804000010005513008006900605017007021083204097638009860750768002000
000020500809053407315046820004302105902061030183097040001000000490208351230900674
015309002730800940090010035076135294301092586259460000960500000024900003080040120
006089401009000067005004002300006700061030000520791634983050146142960003057140289
075004020090200457140587600006900540980035700054078103060102005508069304410003270
000009020096003804001087090980071035100904280000250001017090342428316759300740608
010027690900050437507309081190070026300810749670940100069004010780005360400000972
003400009859006000417293508700801490190070680600509137940080003008025941001900870
008095014020301685130000729300000250590680000487150006861907040709400103240010807
809061004060204008072090651908420013024010590600059400080045329240037000503080107
531002904084509703976010020003090050029158076050070490092040600807031502045007009
007008040005964837489050010053801274040507009092400008001645700576080091030070520
180590000923687150756021398861009037500100000070005801007032405040000782208704000
900700364160000802004062190802591000309074520070308040286050039053409000091030785
010000007008302059005017468040095726509761080700420001000030040092500613453106972
300920407604075930800634510541009723000017690069302001430290070000451006000083200
800920175070001006921670400530040810090700600206198057009432061004000080652809043
460093005010800249270150003920307051001060394034018000050031062603005000102680537
021089406003027009906500203102800000030090120840162397304951680509008000010700935
010702853030100406578000190320546700601020935080010024103000200804205310007301509
300650009519002003070309584000500130123006470054123090001060007960430021205091340
003025008060870500000691374192738065306100987847560003631050040000000000405906230
813040050200380600647010080760208901500090870900000025100436507409871302076500140
014300508000090073378210049002000491007020086063040702800752910250400037740080265
060001800008964010914007362000003670670100500153786420080030250726410903090078040
703204008094708502206500170000075409000020803520900706045300060810602345602457001
000090104401830209759042003010029086800300490692078030500007308980254610027080005
010008930305071006076340105500704200264000700090216354003605800609480013750100602
370029010061873450208100093407205109080060234600000000003642080026907540004010326
003060010486132070010400326040023067350870104907500002091647250200000601604201009
360019478290308600080540290500030906873094005600120307027400509008060730930002010
507009406690503270030740009000691020921000564760250800140930702070160940850400600
172450300090007145854061900501790268000008073728605401060012709017040050000073000
640300712520678030937002060063040080189063074450107390300000000800930627090001803
924000057070000308035001042403752960697130825002009400009600704000423019041597000
020096040781500693600308005098600530015903076006450008004000061100705300937861054
761025840500986701092740600005002304180050000400107080600008002247010590050294176
209580000108490732700200850090005473016003005570849020600950007340170296907300008
100802054852407309700530102020650000048003610605001003010005908207389001509074206
065007094384090700170050286000308005003040100546920803000582409930004508458009027
503010260090746510601003000410830070906000305700562901300627150007090820269005730
500306001020814039001007802062581047005090013000600280650700124207145000103260708
108050003000903100736210859900802061300100085861075040600508204502001600403720508
001080026090315047083060901904027608362840170018000200027053010030090000049278503
700060904056029087089407002074005093098003025200894700800940006063780049041006078
004007906936108004800960105740009600300001872081572400200490018408210507160700040
054032090830009041900845006481096273365008400000413860740000050500024180100600034
740932000002000703503000942405003170186094025007500469004057801379018000851060007
098060501200150800057904306600012000815406730002005619940638005083020960700500083
007621003582009060060000009200016500009283001016057032070162000420300716690874325
685012379790600204000079000079001000504280791006940830010720063307005000450063917
058790610100200043046013007700406130410900086083075900800609001037800209061320450
001300600063185049250476308002060083080204096000908100020607004310002760008543921
100047500248095317900100006350080061014060080600713950060021075420050190091470002
000506900175003640063408270089605127016080003040109006090057002831200709002091304
810326000703540092500780003271904050300005020050208079087450906005860004406190580
120085007406090830050374021769003008805700092000009004080907210030142580090560473
485027096902605034000004700850009261109560000300042509590000623210893070003250008
800005216045862007670009500769204030020001765001670009004096800907400601306107940
904570628201048397006003005500100070007065000109430086093016800600954731000300964
902807016570009280001400795800700634043580071167003000005078369020090100090060527
300920058900004032182350600700030081805400270041278005068043017503700064090801003
507420006904803752800500009398050170705904600000087095600240980259108007001006503
000700000065090270937128645602570030709032160003006027370600492106309000500207306
740506309602009751300002608167043590930020104005900830004207980090354000200198000
010806705007524010952000804009003580705280401038065090096400108540910000001650943
460020905920145680005300004008964302200500800356200490090070003630850710017609208
200039007035247096097800430000000703472010000356004200708420005043905028529086074
006098450080040006432067081093475600000903007547000398309824165250100809060050000
084050970030902080510037260000005300965203047170409850600090718090026005341508020
830060000150020630760350082000605820506071394407203000013480950670930018040516000
563002814108050002000318000630024109874500326210063540007030400350009207406100900
006153008708600320305002901259080106031026497000901000090260803080017059572008010
003245087200000065754908100130094206000000004842536091300400010405100002970623548
000083104480000720139724600700900530003208010524301908807130046050062070240090350
023070805680305209050008036040012963009734001100006042310850600890203107070091300
089025416001060050365001200930204560200170000018000704040637190573800002100540378
100006008923587406700001503416000035070138060030650201001905380087060150205810040
800400300359602401001580920008006592275039104040105000014060205083004709090317040
540900060087014209619075400290700040100800620700501008800157304450306872003080506
020580067706210900108060304800006010001805409593107086380002700600301890907450630
076140529930500000410269800083910004657000000040702308008304016004021005021095487
600050010510069203079801005041020706390074802705603000107296340030000601460007529
900600057617092800050103260581060703200830905030015080004306570375420098060009001
063070402804301006100042098070105800300824701581000230615003907700410605040706100
530004270401703800070150604083600542600840010120095006895006007300080005040539168
900760240460132007012000803005301629209600000601920408120590300000200010396804752
315206780604080520000905004800407260460530800207800903520170098043650102070020400
081005630049070508235080409590000203410508907370269005123600800907804051000013000
302050087108260030400308010601830579087512300504607028200085043000000250740103090
700200053003000164018350090039501087100020030800709001072465300086170025301980476
000820690260000300318679250032048905905200010001390806820500030590700040070932568
060000052092350800108067900276830491905700360003096520500908073087003140400670005
904060502100570000005439000301005076089700253057304801096203104542091067000000925
701463908009280475408070003043602580186735000070894600090306004010900350230000800
007098560053020498189050003518207936002000080900015042094000057001079004075034810
900038651050100082003050700406500978895740006000986100060804529200315000578260003
908140030074082005516030002149806003702391004683020970031060050060018009000253010
000086054168754239750000180023469800401030500000001400002975001045612078000348900
005130206102406058097080001013059604200008300480071029000004803908763105364800070
048701052102046079900300100070284930205000400430605807800407516710500290024109000
120605408980030005003802907402009083001300500609584701096010302015260049040903006
109020007007910803020008106013590002008162935592703040851000004230047510004051300
600480790190060500340015860054830017281500049000190080010600970470359008830700406
072000010603178509010240763369020140257001600104060072091002430000500280000713906
130007002600340005472005369060200908300780000850109020240501803013968240080403051
074892601900304708086000400100250874540730209760040000400007930800003500653429087
700562000352094007461800092046908035108705060075600218620401953504009800000000100
009020000758643920400900387000350270027004605345270800501460793200501400604007050
000049203529006104007820596096185307000003010371264059005092068002600000680010920
502601743000278060067304018300100024800703150146002037200030671008400305703000402
040020090568194027200005460000530910025000603319786500902360004700908250084200130
801295006060470580075000104097186203036700908100050007028000600010607045604918702
709038501600701300301600820503400018406103070090805406937046100000012049210900603
070030690803209400960504803089603210007800500605407038096701342102900700040306009
030900120201070034460312080004090200623050798007623010908065342012840000006200801
180000537050703040730458100861300450020500001500261903400002015008140009315670024
100030200485601937030450060392000780070590602040287300728046090010800420004910073
020407009684090200170623400098006004701932065050840073062074000407560380035000740
063290875009015632020070000700059000004000700951637240807961023015703490006540080
000003706608514902000276018512009000000030290397625801120307689760098504009000070
800009015120835469905600000462100978080006043070482000010067594790501080054020001
009342000236750400547908002000500806083020005760090003950617038028030091301209064
090020735000984201006053908002810094041039006085040007073260459560098072100470000
