050610030036859007080400059600008005017502900028941763900085420142300508800290300
100090600050417038843600907012539080064000092009240570298103705005900120400052060
086075009090210438204008060000600000732041956069053081075162304020034805940000600
219050306600120800738469100021900084005006721400281090040597260006810005080004007
003000010091320540700519038605102974000008020029064000506871390902640000178293060
861900453005043086430685100978504060002069347046010500203470609090056000000000730
028000059715090003004508200509100030172069548860200000406031700030025810201870394
509040600861573940207000000983005204172009306000301700320810070790034165604007020
906503072750082600002700019000094730630050104475801900200170360067000001510468207
080050063920130507403706002260907300300000628015623004748062139000800006092370080
097802050030451700180070304500040062264795108003200547759020800041086005800010090
143006509200048001060501470005169800689200147001004005002007936096312004034005200
463917258080030007007400100235090000070043521010520079740160830806074900001800740
104090005259001067837206409600074230041003006000069780012007543406005002305410090
370069120009415006051000089280100037003257064046900050008301502032604018190080003
571904600320086005009503040053049006090671350006308004138490560045160809000005400
541820006063150247002600850150908032620503019000002068905001600000006920236090104
907801035003745008860000710509108040408603092010070083380090026604310809002480050
000000250039081764706049013002050031873164025010020678380700040605018307000600102
350672019460039000070000365095700640706051203010940800607305080039060072500207930
006500010010830206278601509002400100184305092060208045750904023600003001043120950
105800609900100002840970513068295004009341008310687205000020980080760000092410350
640300712390781060715004080026050030481073059570109240200000000100830426060002301
406001903003470200280590046800750009145030768700018004001045692528009000090027051
024000050005821004730000091002600137470392685650010429506230918200004000080160540
605982000409010052080750630917820400020475098850600007508000206040568900001209503
100030200485601937030450060392000780070590602040287300728046090010800420004910073
100004700470650032059208016080306150600120047541800060802000000930580670005469328
700002958010967000924500107600025040250001370490038015502310794146270083000004000
965400020400002190200739065000000286512096340640273000106304052029100074050027001
140060308890075460365480200209800140006700039003094072904610583000008900600903710
201065400030401705904300620000090514045218360319006000023004087560109240090802100
530172869078003012206840500160300280380400701402008030009007108720001900800904027
480003715005870290023501000078006042200030061061452008030000107052187630047065009
602103470003970002790002603904701035180390700300008190800010250540829061201500900
680310200402600391003420080000900800538261479067800010806730940720506100090100720
205390140013060052008105090647902805090038207800006900020000070756041380009573420
007008040005964837489050010053801274040507009092400008001645700576080091030070520
685402301090730068007180592060073914970000620020500703000040057206350800704008106
026007910097030246184006007039004051418750609760200000950472863873000400000008100
062479008017006025300100740254300007100290304070045012840001560621580479000064000
108062904520078163460090072000510230936247008201800607084601005000004001705080006
239067005140090627068010934300970802000206500080003769850600471420850306000004050
070500402205847600190060087846100275500074800020058300481903056900780043007005008
060540193900000040743196500476305009100960370500008204090201706350600020601403950
010503760706810050054007380007300694895476013060001000302009048000280007581730920
148700050302080971097602034029801000805346209000097000200173490001560700034908060
000063009528000460309245018901070320050320070730081096003658107075900030016002085
070000800950000072840030019394076028085920734017803006769285340001000007000610295
700480290504320018028007400086095104002008300407013809043501902609800503200930080
503806029800053406706900800987230641000601090062700030608007014000469700274300065
087023456005070090130450800014080700060907504790510680001002905009365271652090000
091000240037000906524061873053006709070590002002083104240010390016849520000200460
065700090048390562200406080000000600483265170057049038009684325036010000504003016
061452083894031052025008000039000040040000005078520369010005800950806427006743590
100300502400908136326500807730100968094060015560007420048030650003651084005080000
708143620140850930030000800860529071215000060000301250321905740050030002007016590
807509004960038072305206090208100700704680013000320908150963407680002030400850600
760000590038790042020351700302609010800413620610000907076205080005060371940180006
806210930230070005751038062184027350070359080003100200000803520025700690010062003
100300502400902816652400903520700468048020059930004720014090680005143097007060000
041653078080700069036200500608072014397005002000960703460020835010006097503894000
090042803061530040000070050148950230053000490000304160080403500005821976219705084
200089076756000910804070320062130009380004051409860237620700504005046102100900060
180540000509008342007092085704901528000070000256380091003106009695807200020050637
600582710750041200281673000007069105065307090009258007102006004006735000538000906
000007065000418009300950847070582690809040271200791584600805000005000900148320756
000701090279600400301029785000803054097062030538004620120307040040250169085006300
030006502479203100050801073500000347700385060913047200305028610120500809600109005
200096500057218643000030207012300069070064082046020750480572930003940805000680100
274301805006809701108002460700034619000607580902058000003720940027980150050010030
034620051208014096006000240040976008600050020095201674100043002400807165580002037
001008940620453780478092005905620000007531400102000563784000000513006278000387050
000000013305801760148763009060900070497205300050470921000020508514087002082604037
825096037000500092007243001600805109059410300318007200004000010070081950193754806
009750006507000084860342057210976408004000071708021005053800002006037009470095813
030065180120800070850201904090730018201048703308900060709054000003109807510600349
708932400502080039006050802469508300007614080001000264683091547900060020100043600
460001020130005849805000160516320070200008091900416350701060005304190080089532700
800500034246900510005864002170030956400009200052687001780095403609048100020010870
070280001002604093609513072096001520000906047000042369237005904160090030900328006
691348720700165080504000006946510073302006401158007000030700500265894010000600240
270381049003024150041605070504270030000400290000009060026940580730050406400167923
074108530530047190600009700007020364096704200402083070203090000700832609809006423
409570862008062503265390470003700086092815047004000005321900004506020030000603028
906502431803060207500740698002070000407290365690054070260805010004920086780000003
100539460926140083005000700804970105760050930500310600270003801600705390053890070
984710506062035010000090028041028003020540891809001050000200000356074289098053047
906502431805010602100630785003090000609370218580021060450907020001240057790000006
012003800080019200350806417500397684803100000406008071005901740900740106147002005
806405170004381260103002904602907458908050700005000620480103090031060040009548300
900800014000907650056020008583094260004000097207060035840009506760582043305640709
600180020050300806218607930070021450504003200102065790000710000365048179701500082
400035009380740615709008304010006870908070000637000002190480567275001048800507230
709864302100000056306059008007000695860027000903516027078240500500783204032000081
010249538243100090859030000000000014030025067002870359674010085000567400025900673
600009010050316007138070962524900170060147005009600408301090054006803001075061089
208093400010050900307420685803940510900506837560007000130000709405170360700365008
003080700004627003970400085049012630600900520208300097360804172792050804480000059
080100230593000710270083690105708063020030407607405821350900000009000306862314070
070010203003962750251300600025830476490020005600405900080790564719054028500200000
096780201182436590005009680007040139218503060000670005604007008050860072870010400
186902057020070081070180060090005146017063002260019008052690014601307029030001070
240907180000003070873052906024706850009030402180520300407019020008270604012600730
073950410890063052500004030730009104409601370010340060002700040068435290047200501
020506100010000240974123065046702000107090604200460317080201736032080090061037080
400006081071080036000100002360520870089704000700009560053010697640953218098672300
019463500080090031600002479036040720400007003827500004370904250060350107541076300
690307008050009610407106029300594271520700430104002000940200083000470902732068004
652709010070012000180064709000070048047258961021096500036040002408000350205683400
003840620294500078005072400907610582801205060006007001009008356752364009008050007
100860459035201060604050200040007190500980302396012070429070010800090620003125084
692301004040600001008902563430295006051080730080100059804703915005020640069014000
000301420040897150195000783000000000937018002284006915013002508576000094820605370
901763058600048010308900400010004890003529670560007002807450100206800034150002786
049300002001060573056827040010796800002040716674002300460908030007004908208031057
060231098091040203305900070130005400600103957508409600003014026010806305486050010
918000007000089100604312859090823016400060020862001703059076080700200040046130975
701004092030215406062090500075120930340050201010048007607400005520079163003062040
007350900380600400106048573710805604050000800908134705800500046071482300540060087
090003870813405006070980450600310085108649020037000160080130040364790018020004039
100600937004009521297100846030920014006005300012300700021080493509031208080206005
098123007136500029000090031050060740761300005800975210305009608900030102610258090
002800510685107003700904068100675930020090006936040870370080004009030781860712050
195267483304590071278143000000080756450006930607030042703004000049301600500000010
005034279900067004042090060120040090007008342304002500279480030401350907536709010
859342070036085940000769580000950804500000007080027106090670415640501729100090060
675090013002000070080702940120340069834619720056078031509000102700026050003501600
503091700068370420071806500000500903709043060006209057000904670090032815207658090
400001000908725143031009207043507000100300675750908430020094056095070300610053709
301000208070028900208917504704009602029070005100234709580702196002003007910806003
002100000050862109190475308008304701005010280941080036264030017517028900030740000
820040350010029408470680200280700190001200800630891025048560930000000002962473501
030400200091625034620300071007009610960102450052046003209050106086204790400907300
005703800703100250801025730279504008000090502560081903037802405402076109080050007
387504600000100084510680703890206005600003129402015800700350201203061050150008306
900080040765340008004029715150092003800130960203060107620003574031470029070056000
590360702004020030310709605081203564400000320250416000845600903006950270007038400
210090300030261500500708029703500910805024630000379852080000461009610205100840093
500700690980420700047901085254000108000850006809213407075002801098047062003086500
600340010701568203305000098064092001039056702200800409900005834570984120408010000
061008407430072109007401030879046020010205904040100380720600003100020005305714692
514079083200600007070403250051730028002508040890002360083000000720301894006857032
410502096830040500900170084620001048079458630300060050560807103280015470700004800
038701002142356890560090003006009035073500080005600240759100000024870150380925600
708200056002567380503184907080409003100600400090310705800741602000036009070902841
000045370541300089078961500003000810024000760800007925460009238007080196080023457
040796185098531000650408003026904300304102000000653470085047600100805020460019007
180000537050703040730458100861300450020500001500261903400002015008140009315670024
012003800080019200350806417500397684803100000406008071005901740900740106147002005
006089401009000067005004002300006700061030000520791634983050146142960003057140289
003402619264001050090670200705100082012037400040028073609004020007260501401750096
164000000857026901900015870008050690029841037305607128001062403080530000090108060
918000007000089100604312859090823016400060020862001703059076080700200040046130975
200009501031008006509164802900003204820097600310042907048025009053001428002086300
300400650085307120204160003400072500021604078970080032840750301053200090060803240
806405170004271580701008402607302914502040600009000720290703040063010050008524300
860410709000708030472003105215060890900257301030080200590802010000500048648031502
542678000309125080871034025200813050007542018100700000725400391400001500013000004
042009857081652903009007000503904700000073104274100530430005671107068305060031000
426700130003214090070030840290503081560020300030870250705082403602300018300061020
000009020053002608002038090490025086300804750000370009049080517531947862700250904
006098450080040006432067081093475600000903007547000398309824165250100809060050000
184902630006800000032500908020000816000720004310460000270095400003047561645183279
061038040203740069700009103478125900000300480029400750032000670000062095896573200
102000300035270608800346501086010200300069085504802069009053800750020903603980450
019860000027090000630217005000000847043780056085600309300471508900300624458920170
802147530065320010004596072050962748200085100400010290600239407500001000900000381
000009078739025601018046030090080007820010096370954802963570120080400760100063009
010008040456003089800964057294030571500490062070510000360089000000341726147000908
010794035900003702507200041040907003000805194250431607000308206000059018400170359
801036900607059021090200073406073258275601300000004060340860010059002080008190432
072608095003005708985073010000019604500302901691057200030080560706024809809030100
023900401068401730900073006017065090000210560695700103156830902000050308802104070
004702810060030020700580600690010002007048350008025090203894165986103274041000930
072009003048537610500400709260003078004070021780952060000305000820796145659000807
300840910068005407104706500027684390010520804480000005650070180800063709709108002
008943057054000960307601002780092640021400079040360001475819030900504010002000594
759000384800390020360000510000009460640017932920030750406702090507080206031006875
609000070002040139400071006081020307790150600060793508907315064008067021046000753
608195432309007800500368000067834021830250704000000980103500607000000005025946318
071040009089170562005809700047260150630005900100094206016900405090631827803007000
037006091091470002004901503048390025963500010000610930012765000800204156056000207
319500072004900510507230946800403007003102694600095028000029005006304081035800069
802560009607019580090700016069200340005030908708945001901450023300026090076100804
180097630500830009493002800710906500905378164608000790049000006200659000050280971
107040600640901372300720400900350700581090243030802009070430100006000804413268907
400693170690500400102080950070038000846209315200005890001802040724016530005300620
800751234731006005005380700104000600596000047203400809002573198307090006000624570
970080063065902017083006920000608371790340000016507009250009130009805740000073695
302700000708230951100089302230807140000006020581042760005070090019028530803905014
400035009590780364803004501010002450207050000635000002180560297759008013300907840
380000240002184000710930658291500074000098162408210000103020089820049015900071020
160420050008060209290071046010600900630984501950100087076048105500390002029005063
270008316400367829000020540504601000097004165102035000046010700023570091010902630
200030600007810500136250847360085712570003400008601300002000070800597236753102080
072430508004095206059001004098607102000043067763200005040302609507060003036504701
400678035006002010870003640040937000720015004050004097031056480084321570067480020
500310070632007401800024609470005006250061087006708240984052760300809104001600008
070180052261003049500409007716048095005007400300205608058032704130004520002071900
003060010486132070010400326040023067350870104907500002091647250200000601604201009
001009765609100802500042391300004019804090620910360487103020008060970000795418000
970003254080560731000047609310050006007004305509006147605420970098035002040070503
004053001900070050650001493579100000400329567263547080705402300102830740040015000
054000802000614000713205469470026100080390206230001087360450008048060350007038094
421008576500247013003160000107600095000801704680059132300072080876400250005000340
080300054430186709017040300002071635301090040704608090070860400140700086620910073
054071002732098060001200080306814209009300610125769800200000098048906070900087420
090508003701036205850002790200790061017600020560203804978351042006820007020000038
314000208095261743000084000670120504250803610400500009983010470002038096060402005
543700020780230495000014003000090010052408709639072508005000960097650001068941350
030940100917006543480300629001860400004592081850174236148000300500000010703600050
200509008418070950006480327082004570000000830154830209040052080760008090823900715
000500000265037081047260359483000695002690008001845700910070006720450810008026904
350672019460039000070000365095700640706051203010940800607305080039060072500207930
190040806562008047074695002601400070920076380700200001059860003300500019010934560
538000740294006000100854090301560000006140030080020001453071800810493675670285300
000203618391070000620540073510480300083100006009056841860012400102030069005704180
089007035700054089025089700190420367304900500500630090906740013200800956013096000
002640800800003001563020904654019208070260500201835046700092100000300492029581300
700396502000540090090700400070000821502009003800207906469180375001674080007953164
008095014020701895150000627700000460560170000943680001417903080806400103230010709
800507603507000028012304050193000087254073196080910200401000075060030002308452901
800040390070805204024100860056904001900008500107026039030081942012050000698472150
980026004643185200250700006010003678700601400004872900870030105426510830000068002
080300167043079005200010930501024003006153709009780502098460251050201078010500090
370104900064209870800700043109045630056070080080620409907362008230400706600007304
300460105402007030065012480009020801240851003130070062620790054000105090594030708
068140070002800000490700001000438067037016290000009538014907600380624715706381002
401056078083001400705083000056190702049002803872000000634000007508600239927305604
003000080890000600502683109457820390681350427000740065040100906915400030706098004
100409500400002890520380074690708031013645000200000765007160052352890600061007308
700053408413826059800001003067080531040539070500160004150392007089005000072410090
709046820230501400048007003490150706870000504365409001000860150687015000003720068
008140090459207318007800200001002906806031040024906180940700005080309471170024009
060090517000175800150802090001003426624950038873006051015237680006009040900640000
240005700089030042751490860000204306462903180090001070035706000126508007804020051
900608070587012400020704080192873500304560098050209031405087600060020004208406300
867005032900001080001378650109007508034080000080612943410893025078000090090056014
408900060020034501073560409002706054714250008060400207007005190691027840040098700
007008040005964837489050010053801274040507009092400008001645700576080091030070520
748200539601085200305907000800470025034008607500690800487052960056000012010709008
000120050831590720520006340006302008090640032372900604205439187000001203713008000
708200036304081072001073050405706800820014790010030504073068019009027300082300640
700380100590612700010479302300597000270030501905201030002000013830146005107920046
105627090700103652036095071050300260001400735024076189600751900500004000000908507
008057049460901728109000063012090070000000450800526901084005390023489605950700084
054071002639054070001800050108435206002700580596128700400000029013907060900042810
095206038038407062200900700040025870501004090023079604306041000007002386902608047
060009375032050000097683120054208031000006008783905602305090280046032007100067490
001082060230500100504000290180764905759028010400910037045009301090051602812003009
908000000457006301206070095169042073780369412342507900000050130001003000573100260
500670190906280507037500020324000015801452709000830060148005206200740081070120300
100960050670005902529743086000418070890006200001200865000321500308609421902850000
000400001714026809080000600800040062590260480420083910162904000007810596950637104
513700000000600759906524031001000500059867103620051984162075090090100260380290000
003087100100050204792401308879000620020670900004529083947830006006145800001000432
081350694075014002030200001350401968760509000009030705807040309003790106506180200
004078902750004618820065000430507200090043170180009503078001425040700061013456000
287010504109046080364785192905637010010490007602150000500000830791803020000500070
000090040010820953800007002736180504100050700508760001902045060401076325005218479
072000010603178509010240763369020140257001600104060072091002430000500280000713906
209030040837015029054829170000302080720001406001064900102000360908073510375000098
900140300403098002150723009007010934040600281218400657804051096025900410090004000
300400650085307120204160003400072500021604078970080032840750301053200090060803240
000307800063000029098012075300801004089053210000000538031945762524170080006230051
503608914708004600060052007640895070300001068801006490106087020080203040230060781
040070060703019805015083702069732084580004300004800209091307058450908031006001900
760000800140830020020579416007360049290000300306498052078005601030610080650903270
040809765600534812108020400081006007030002196400790500024073650700145020010008904
061475903700010542305982000830000409450291070010030025503708190100500007070103054
640700830020948765057300000013096200078104950060020310700681000006000148182409603
583200061216008074749010800937684000060050709050020083328105096004802050000403200
700562000352094007461800092046908035108705060075600218620401953504009800000000100
400068103008000062016000840750040630040072008839156274204700380080023007173004506
780106025029078413500040000050084060092050108067209034908325041300090802205060300
605207093709000500800569402061952307302806915008000000190005034284073650000490001
037025108204710953005043067703060009608430000509280006001804092470300000802156004
867145003020806017100000068089000040350470029002619830000304900730902184294001300
300724951904030002021500004280060010610940520400012760130478205009000140540690080
009020000758643920400900387000350270027004605345270800501460793200501400604007050
400005390350200001201890400106007583047638019803510760085000647700050038004080025
406027850000430001512090430005310708091072506807900002060243975900500020254009100
300400206870362941642001350250740100009010765716950408000500010007089600003004509
050063907897154230003000100038501000219070403000930861020010608976005304001496500
900017520460290007201500908050072080120005409780901650800029700310004896590180040
700030108086079050403068072907801025160052893005006000008400507300015080541680209
273060090080209300605031200016352479000706001709000002300907600047613908061508703
073010092004007013102936400308020006000350987597860020000100045215640700480073061
809026470600004821230010605005389700082061030003002106596040300041093208028105000
100009820230780006084120790091640005405070680070052301002003567046015900903260400
026950087700861092001200460805749020000000508072380910008406700140070030567103840
085040102049800356006532000574068230000290704092300060027083600900006043630450027
401800503560710890039405070624080107105037080007002950010200340053060718040300205
000819630360050900192006048700003200049562170603900054070105300231000795080397001
643800005001650374020340090108095002007130058034007901302518049406020507050060200
000925401610783000209001807862304070905078203003592000507100086306207000090806720
490357862360409700205600309510073294020140580047000136084205003030008070059000000
000006234563904100800010056130005029254608017706230085000100003380009002075362091
572006100609531274103072090810029400206300917934050000008900050705000309001745002
275319000100600057068027390000008020080473109934261078640002905300096840800040006
000003049041208000879506321018670403790380050006900170062430007400029536053800010
028596043570040980060080100897265400010000078006708095040803007302970064081004320
080562140040003607206400850060130574730000201058024390009010065600045010410290708
406039821302040900080720400251463009700080316008010200865390104007000630003876500
000006100018057603256103800083504070004010036100609480430865702060300594025001068
400008000985020741000947053090034006201856904540002008100005302354009607827301005
935700402001089570080230090800024705100007800754063210076340900019058047008002056
050890170098003004701650028000506410840020605516340700023971806087000301060038007
270008316800937245000020780708602000064003921102094000087040100051260037020701560
706029031500618040910000605600300100354861900007050364009280007870430290260007403
900000800520607190670194053760840039009760420082030600006008340207310980035409010
643005271000020040005007000807230910290000386000904007570608439068379152001540068
892600001003970802050210096000065043006092007030741000005100960921506730607439210
080560100401382050600007032526000071008023065047651008165004203030290010090136004
010000540802461000074530128780602419096043075100007000400985260061704003908000054
548007300003059080090310245070935008082070600910006437830562904260040573050003000
043501002070400100210380594000050019035094260629038007300002675052603900460015800
413680507000200143702004000165048702938000400207560008004306071670002000329017054
000329801910700305723008090260093450079040180080507900002030009136970248400201030
006810030014000006352076000061004098008009125900158460675300809000687352003091640
089020700070590030206347009627405100904006520010030406042800367003270051790060204
800123906003004000251890734582017090009230517010069802025380000036000008090042370
498763200300010094500009830006302079703004001054071308280047563145230007000008002
760409050900300267130072004074003618003200009509761002800120030021007896057806020
201830750034009008508702301150020037802015940640978000000097000300061400905083672
509002006038690574060850002607025031100708249804030000085914023010200057042500900
523407180704860050186003000640070000000685902250130800400000695862359700900740320
094510000031207060075060913068321000020700650700806000480030006356170800917682305
000805904594032706078009001023700000910048305060390872340000018600910407701684200
806405170004381260103002904602907458908050700005000620480103090031060040009548300
100900003208730910059206084970000032502347060600092405801069357705803600006001090
706000000901040856208900040500100900879035604120609730680490073005807460417056090
019463500060020037400007196076030950900004008834900001280605740040270609697041800
004500706160807093980640005501084960300760100640900078710238509800070001053006820
400957000850201037070048002794800650000004180008090270037506940981003705605170308
054130007000040320000607415705408060001263079903001040090320680000906054416875902
160420050008060209290071046010600900630984501950100087076048105500390002029005063
005390268028600300360028900576901042030005601001760009054016793092403100700500400
892600001003970802050210096000065043006092007030741000005100960921506730607439210
480036070532790468000008050001020035254003010700815604040357100905000307310902046
040700018360805000087130654800000046090367580652401090000090005035008070928573461
080027491074000250230415000801600700050092168097083020305970802010200375042038000
000090040010820953800007002736180504100050700508760001902045060401076325005218479
480015076105067409009004800004090703971083000006072914508001300307650192600709008
000017530279000000350698427080501274402009600760032090820905001007140982094800700
071830004800016297590002300300407060957160403100003705630070042012684039080300100
300012080001000079258947036934085027000006003065309018000034001483090062120708045
130007002400280007872005691050300806700950000210806040640103708081769320020508069
160090287004000000203800090040230900029641358506080124017059860690004531350008700
320004065045376800800500037250407083406150009100003506092705304013009050004630702
639487100814950760070630908490020816008506079063090000341075092006010000000000531
172450300090007145854061900501790268000008073728605401060012709017040050000073000
430800000006007580781050036170026045860001029500489760612700400950203618008000902
024906008086310749090050600602039084000801200948020370805060900000593800239100465
073004906089012075450790108008023769030600012010870500390401280000930650060208004
170405009645090120029000000256040803010000500000582014462807000091264000783159246
004807015170600800092140036009062083408309620306008500003750004540006198201904007
001020839003610000749803012390176045005008706470090300002931407034705020107000063
040380010103000460059641087000100576568902004031064200074206859015497020006000001
309010200000970085080000016931408760068790104745000800893060421600002079570049038
840210030902380600005900284230196578000040300687500400108002090450870120009601805
560083901037609045010040060940300170080521496021900000096052700078406250050090630
305087401800491005000050700089700530003048076007365009100500082096034050758129640
000006100062059803598401200086905070004060015900307620420678501010500736075003082
810500406590020300004671980000960032652300040370042560140253097023000050060804210
700205809901078200280001370068920450540800600100056083813504900070002534005730008
068100527900500846705048039009407200170360400300285001080930675004051302500806000
026050734009403002310067050000906008980340006567010493103500067005004080098731240
862003540031504080500281006703850004625010003100006725079030068350049000016700309
009051472513472009004000500001060040076128935250003001860207394130504006900800100
841052006605090800090687140408260079069010004003074010120048960080000527500729080
100500802207806010950027306503008624601094730040305000000400000825071063019650287
008104600245060308610280409009300000060095001701426005500000123023671500094502786
109700052208900047407250030005400028820160070794080310900370065006821490302005700
005837002379046000008159603500000439760000051920504060450900187837001500106085300
900000784840791306730420000057003040000570860384206507008309075579160038020800600
060010320003206005729805601010368279298041060007000800300500198950687402082090000
038701002142356890560090003006009035073500080005600240759100000024870150380925600
160905800009007160830014750708401005050000200603528417000106970976000001205879046
260050309805073021100029800050064712432517900001000005780001064016745290020080003
059084027640090050700015906410000080067851092900402603234168500070040200001020864
901427060240010973007060002100670295400090680769052000002041000578906124004080039
012003980368529407000010200006001850907250301801340700620075108100604503084100600
253000400000640035080003020509807010008091573104325980005170040391084657000530190
500209403970004026240073100069010500850026391020305060700501904095040600084930205
003700210960104008410802039005008973301906500820503100730020800000307060194680327
842007310100300045005000802051000204426850090030942061094605038000284000007193426
302801570951007042080045319000974008060108930090500021200780090076319004010050760
037596008006000005800007961028075006469018000071020803704850602290100004683040519
150026093263980410000050002029371540470008030800500706082040300390600280010832054
007030189020609047491570000083060200502980473070203060030005790740196032810020004
700029301430051009081003705200086013800070650695032008078605094020390100160008037
610004790297318045800067200068409002729005060040600300430791000100043920905800410
210049060805600030600780040000807516108062300790000008072050680361970204584036901
000056931093001052500002680016008040234905170007030290360520410720019063000680027
430800000006007580781050036170026045860001029500489760612700400950203618008000902
349520780080703960067018000704009002000032470012457093000000107190870326400261009
183025049024619007079000152007250060030197024950340718300061000065004390001000080
086793251200500003305001800908037120027000400003842096030428567852000004060150002
107400023850092001400073950608507100024001870001804530215740069009206410700010005
000054002042610308537002406076200940020546800804070603293761084700008100008900207
034700092829056310000032040408075003162003709000120064280004001640097085003280406
100409500900001870670820031340502068015637000200000753009750012561240300023006405
102500306063807019070013400008056047030401005541008903300062050659184702020000091
280974361000002090193060070010080040476010829300749005007001000830097104051403987
001293560235046900000587100523000806780304019009608075008401092047902000900805400
036107458527380600000060200709850042053002097002093500310200065605409801200506700
709000058356097002284500697128700000003280000040009806600042103802650749491370000
080010023160708490407509080830900047000000360040170050694381002050007014271405836
050000780014937005902065430620090807100784050708006910280450000007008324061072590
080124037029803064410000080004510600256907013090040052060000820508291300930708501
003749200041000769920180400106905874500017003074008900000071380385002047702034006
329050840000230071047069002008302407531400000400605318064700180205001703003586090
003200047060981032251700009507003490306519008900007310008390004609048700035002981
400350001300706000600001054010067843807400192243080600005074206100600507786012439
060000280004362900032005600380107029900020300217904568798240000053719042400083700
042060870080407050170039602200004538804513200750008100507306419490000000008941705
007024300496010270000007614700563400605080093380009560530701020100036845960258000
708320045040006000023049786804900001500002678270815030000078004409103200617200853
720903040041000983905080670053401796009000800060807051017009060402706539596040007
083062501500009063016530700070103289200007006398250070809001425100624930032090000
008070960610090203040200050160529000090867321000300605081000009250783416400951782
042069700008204359709300600103706000860901273400800105084007530006085907501690400
384509270000007408000040003020008365005720189890051742950270010007080934608910500
000574960350600070700080020017952804009710650020300700978200546540067001260090387
001745980006928400008003270650319007092480003803057009020600708189502060060890100
700100328005768000014329756070600000520987463490200007600402509157803002040500001
030150007027980030601400289076504390203007060040301802002000008104209750095618403
800709036950026017030180090041208975000400008280597341003851600068900004000674003
050804290040502007728300150090000071083197506107205300210703068005040010806901035
086072405005138000001056030407205001009004007520317960674803109010509006002761040
062415000500932006093680000705029000201056047609374102376500004128040060004008301
493001528501200930020050017000830052830026009060009800050170304347095281009002760
000520680830940005000700003508430762270605390396078401081007029903850076000090830
350700000076402859004019360593201008720603591000800200630008005910300706005167902
986057000273001906014690000001900265097524000800103009302406008749005601100009542
000973600005684090906150048009205473023090816010800009000069780691008530700341060
003080700007342008840100093072093860400800320301600079730206584614050902250000017
012090638379680450000340000691074305040030010500019860920100006086027093700068041
105627090700103652036095071050300260001400735024076189600751900500004000000908507
063281000070504018851379206720005400005400062600830005007058000500023904280146507
200900750046872031790300800860010005410603098300087016025790000004538629903000047
140900000873501020500407631019078000407000918208194006020805703061049500005230190
200940736600730582073000090836109007140003600952400010029017068000320040308094205
000791065167805000290000178002050001450130829901206040703042900640018002500600413
004807015170600800092140036009062083408309620306008500003750004540006198201904007
741650298900800570800407000283509741010020806060301000320900160094270380070105009
005000007200037800703400200097050600864913702532006089000069478420105906600384501
060090142029001806000650003500000029436020078082540361093064000057238014248900007
047530960508760010006002780000981006869000241051620007005803620280006004094207038
210090347300084000007100650690218574801000090020960013189640730532870001060320000
200048096806020040940610802008200004092734168064009300100806450657401080080300607
000096372239005864000020000001057200700038451304602098403080120892000500017243680
671300950040605300002017804010453620200100570965070400007509243490700000023801096
340860000900000200005047060069013850532678010400290673290086034183704906054000007
302090005670210084500630072867001059005700416100956000098103507706520040200008091
051070628006024500023056001004963002608000910079081403097608000302095186060400307
846930172002100304001720000709603018605407003400200507298540706004009025050062040
003810400005700182007002390759300040801500673004178920092005714516900230070000509
305409702007010006620370094046090013200034070170602540580040030700001865901853020
040380010103000460059641087000100576568902004031064200074206859015497020006000001
851634072203970865060058310500483106080090400430160087090000201004027009620000008
048950070061007380300680052079062518052008004100094060905806703006400005024705601
034900870501807090809002501020058014010000705400360928103429657600573009700000203
087030100300080900196204000540308601700006005608925403005490016960513207030067540
008065904901800705024017080800300540002479068643050090207591036005030809096700050
093608401801090030050130608005700000079215384410060250087301060040520803032800140
769203584000500090205078010007081960108029070490050820874100250050702040010045037
430506000605074200007230640259180063308002001070050982503068094000429056940005800
405137029019520000008609315500701200100204508002006900250960100980072653640005700
308040005624050798150000000207504036465000000083671052000430527732090610500017089
450000007062701549090645008020010400503079062014802790801500924070030001940128300
730001068005308710010007200579600001804703500361090804403100902197832005080540100
034689002126300708000070030040003080380706050017854326061408070400030061203160840
019463500050070061600005973031080240200001007967300008490108720020940805178052300
046210590820070100010089072031006800008154329902007060200040015093502700084091206
906534800070160409038000105000700023357002000609385741065209308803070004200803607
001705680680031900945200710004609850702054136568010009053902000200046300076003500
004070009007401085608253714005007000001302857703900460852030040140008973009014520
010004508085210060400098070531000000829340751000851030008165007150400683290783005
064900030100008029930417580050090604796804010400270805629040108001089200080062903
207891060049600002030070000000500620000130057805724039471065098596348201080910500
003000016451368700600001300370005904920630080148000030030000809500783241817902563
050900761901267803300800924800004300000500070016000485103059246072006108690100537
681300740200061080005807620300009076450736910790008050047095100000084590529100804
503681792020000500009425301030700100074003006250064973007040210312070009490008637
102906875387010009000027001091370602200009004508640097004703000013504726760001043
860490023403850619952100070000070005306500200510028360090000706035700842704080931
675004000800009003000861205000175320562040800000002594348297051706038042259400030
930167205005080709024090100056731900003900610180040503001600850807015062502870090
004260305630000182208153000950007830003089021061032007320800019009301670087046003
026150039050603704040007260605702040200905671000400500472516008501000406308240107
803706124001040390094032000900000500308257009205908731062081903000603010137500806
000760239786309040093400600008107006150906420064080071600094850002605010549800062
060020078017605000840701356920007003050963040604200795080152907076039000095000832
045978031701630258600002009070401503020350004500200076019020060050106807067805012
402807001009004387700390050950723806070001509280009000090000730847035910123908460
570400803130007406040563001620100070907380210010204960005702039061900002302605087
200503198035180020861090000410036209070915380003028607000601802004072005726050030
290005083000007090040000215016203079709800506580900042060780351158034900372019400
802065370516307028030020050240000039980000007603098000160004285327580001050912703
008069471924810000100030089040690052052700014310450008203070000085020190060948523
043908056025130080800050302080019070710003529390605040430700065208300097900584030
725016948008570603600980020082051070060000001341060002054637109009248005070105200
001090438000060205000504761420010806360008917910675302102080070030120680870400120
064902018910450000070060549006820107700001086281690003640200830108706020020580601
237104006400800703856200014765309148300001000120780300078003250012078039540000800
360842000502031007491007382075028946640795003903100050700486201000070004034009000
903000060040063580506871304300090250260310978809057000650780030400030020730540816
460802000700001628089360104300059801010603007692008430120500740806934012050100300
800300126010005000436218709760801503092006870080590060001604900947002630020903017
892600001001940206040210085000076023006089004080321000008100540174805360205734190
003700210960104008410802039005008973301906500820503100730020800000307060194680327
397040002841630507000978001705000804280050013016403720008195206659304000003007400
400200386000430012000805794270010003080609070500374029801053467703100258600702001
089307021210685003030000860006150009308970054095004730003760008062010300801530642
080709040006430019924010076209070538015306007300250001602001050500643002490500163
907250048085931760020047900008060001304502680201798005803420006519070000002005079
900002574800090632273604010507001048194070365008009107010906053050403080000725090
000060740649100205078294060302405690001026038760080010910072800030050174057340020
405000601830461200007230908060740103043009807790012006271506084006004010080170560
030000708752300900006497520400610070091205430673940215000800100240109000519034082
040796185098251000510308009026805900401609000000124670032067500700502090160083004
000000495240080730009340218064003009013760804825094070450001362600452080002030047
904010682180407000020089041749051008002008090005906274090063507057090036630502009
603059000000307600000042030310925700256000100700061523908574206042816009000293845
050002190902615037036700500080950300560230740309070650290063000800521963610000280
305018040000623080208050931083006204540809160700040008000064003604082570027095416
090265000561003024700001659912058407040009502080402100034007960056984071800100005
103068749609030102070190600060280401301005820280000500530000010012859004896314200
802560009607019580090700016069200340005030908708945001901450023300026090076100804
050148670164090038800300400609701200700054916540006300015483060408000105200019043
800304106400891300913000850109007008546203017000019043080900001790602480054170069
078205031960107082005003400520789014001052609390000005002908100130470208680020093
040357802060084000758000943900501426025760000306200780894070051530892070000400308
001050723074900800083721040069003200400879316038600900806295107907300560002100090
002740809045090023809235417017054980986027040520008000001003200003070568050000371
070005021408603900051790680705046210603520078040007090860309040510208030200004865
002701349900000800173498500801670900736009102000810603007000001318907465009165700
036501020589000017024030508200098450358246701407003600600800070072360105910000830
080200951907083200026049080208751030004030172071400500040027809032005407709804300
040082600006570240259004108604093000900800402018420793460200807701058904002047050
200039007035247096097800430000000703472010000356004200708420005043905028529086074
600040307700139206932800400210008574800003000490527810560790138300001900109084700
026037100400209607971006203007090065000058304305004000068975002530082076700463508
080470006320800091640100800000000143001040968460081725870095010932608504516000380
006805409401920603005001000900316085600592007503780006752103908160058004004609001
000506001201000064340080500014205600902864100000090428478659312195020080000708945
345720980000009040690380102032900500180043709070016408021035670004167290703000010
304807600000205903927100408705008000200054869408029510032080005800530042501970380
021473900730890000604005783042567801563901004108004005007100368300050140400700500
709050630684390000003014970908476200170503089000901060090705300301842007540130020
618250703054000028307806109260010070075002080000095016090503061701000502580920437
501024069000760050936581240000150094000493680405000102254037008009008573780900020
070063009029800630063950208698002451007005000300486790002704060014609800036020914
829300046410026090706000258000002009002000830568109024384007602600210480251608003
013082057000001034724506800805304900001050040402710385000807163130605009647090500
802095000000071835017034269408120600071000098365080104180507002020048510050012006
148007300930800507057030498724105903503084026001002050000000600075610040206479805
000003052305201470004750983240137005700609230800400000078302509062078041900004728
000321060031600092006080010402800005680100749510493028075214086008965301009700004
300010895405280000780530201164928507800075060200000089002603918001800700948051300
029074150500090674406510000004360001350900400690450238048036900065709380002100740
010940805800205370035000000726390400080072039050400107508739010074020596190654080
100003706635801020700026038854792010000300074370060085406200507090057801580410060
090503740400712309753000002200130000600259170514000293000400506345600001960385407
016390580005001260042605070280043691004018000301900708528160907069800050000059016
007060395020700060165934200080003012070800400452617980700408020504076839098001007
240907180000003070873052906024706850009030402180520300407019020008270604012600730
972300015348100006500790083480950072020876350003040908804019520607000000295400001
492530600071402005600890201359206010210040098748913560003100400060004009004678000
860000270175280090009470058000013720607050034250048100046090380000027546502360907
600574300058103062097000045209408510806007020003206907100300270084720601730601050
007098010012706843480002005724900136060204000005103027031640098000009060679021304
000906700705300090300057816637812904090500067401609000206130500003090021910265370
050610030036859007080400059600008005017502900028941763900085420142300508800290300
730500001400381007125047308903206510004803700207415000609734102002009600001000945
068100527900500846705048039009407200170360400300285001080930675004051302500806000
025408190009503427013700000690107030374000910000934072501609040007020001086041759
743201680000805034065030010204906057070354200509000306450600100020109078980502063
496051700020000500751300920670094153043060879100005246060009007900078412807003090
108040603045200180000318504504632910702084050000007200950001030806420705423090801
945316000602570943000000650400001398068709010059803004096100080000085070871204539
380612500500804231240000090630040007954137682000006003005300760160780029720069005
398000070006080540410762980203000065080654000057030019060329754530470190000810630
100024380023950761085300000040009870230087104078046030010060900709413620802005403
014936200320100790080007061960700002402809500005042179653204008240000657000568003
004702810060040070800310400470080001001057940008034050702593186513608794086000520
096780201278164950001009870005020719932507080000690002104002005020350068850040100
650039004309871562010000080430085200200316845506000001005400607170620409064107300
948062375000900008056780010060518090200007580485090701631420807000003004804601023
068100527500800431301054069003508700980340200100729006030470958004035602700602000
250980300083210070700050829390062008060870204802001703108040930430600100600139402
004269178020070000078400003030142789201000630097683500900007340000916257710004096
801007023063280107020000096637005982405026701210000504000370648140052300078400005
001050723074900800083721040069003200400879316038600900806295107907300560002100090
080300200072019080340027169520401738710603000003200640050008406038046570069702800
170903068308600921046001753030806075007420036000030000013005684805140390004008012
004872065071549003050000709140080096580030201000701400705928030800300517463107900
180097630500830009493002800710906500905378164608000790049000006200659000050280971
901302056750060032300504007460983700137400580000005360003240078842600105600058040
492651080050008902007009450306097100071060008040012763900103000704006520018405639
470096002100300608089205307205701906010609030930020071801050009504987020007100854
032758900007000860018620307005070030700590120361802509429017600100089703070060201
040070035380609410065340800673018040009007083500093701150034208090085370807020050
000090040070480593400007006326870901500020600904160002105048070709036128002719465
070630902235400681190285073080000060620090000759062030000500306060903148003016725
304000200008932400750406983003020769100360500469805001801200600030741852205008007
307012580806039701201000400570081090082900307019070208928705003035196000064300900
024309150005026030391458060000081000100045890500700210760092041900004627050617903
050100602046350708108706400009613007507094020680000349360905000902001803005037964
030089025268030079090720030079602003180957206050000017300090058025008164807165000
416703050008000027002586430049000500201860790007935140890607210020041960104200300
973610400804759123012008007700004030006003080005127690031000805050281049000075216
802403160500769840094000005008006003905004786063587090080041907457020601010075400
629150400043029860708004000460000208372601540985400006090803050006047901807096020
216340090700010803090502160930000080508924371007830900601280009089001630050490018
802564000650000801000981060280003950105246087076805010960152000531409020027038000
567089020000005780803702096086500049070108005025930078638070050000603807701054630
053706000106005327007390601035964012062100700080200905308609504574001290000507008
900705010800900050702000690080032007000194238090687000548069371067850409109073580
807090534300507900905360008700040052690870041540120060009452603483000095006930010
072400500061035802050108460130692754005300086024080000907803605500070900043950108
005020631080056004671903800538062917700390008020800003397581406002670309800000070
504080600190203784080690002702930140415000000000541276078305401240806009050009807
976005104008904036300016700095160340012400008400092051530007409067049503040501060
510482300070000405406537000924001000108905000735824069840703000650090704307100528
300658204040379100609010300003960400804005000005483702908030607230040519010596803
780405002500120790000306458016000009000769320937200640805000034301907206002834017
000006920809257036200004580621900340740030100090418062186000200452700809930021004
091600070205307806870415300760948000009700000580200900923804051608070492400520603
513000280070530900006142053859260001002719500007000329340801690790604800600007045
014058020000276154275041900900087201042003670060004539000005090080762315500830400
806007510025100740040562030093206004467090120000403650084709060179020305000380407
240000100700392406530601078004050002305260901108904605010800500652430019090016320
049750031003196004506000907001600072035009100460821059304007005152980046000510203
020108000390002580050936002965280371000007829002300054580003017004809205207410068
804000602670000050100006900000170400740390586209504317400210893028639041903040260
002768009009000052743250061601020080308500204090813506405001028006085497087602000
800509400913874506406003008004050087107008659605917042500001203320780060000430005
120085007806040350040317026312006004908400015000008003030702160090834570080560439
900602001050010740413059206328060000000801963106037052809073625261580000000200018
069078004587023906000500703004802630250004001803017025400206098038005100605980047
005020001160874253820500400470985036500010908081006040290000600650790010010648592
670902413041007028009400756060000004000509037913700062100094600700016289006805341
007306024248000063900028000050012489400030210821040537762050300385000002194280070
000408106154200387809071000620003005590704008003082619006020051982135060010040023
705002030230100056090536720406081205809004000300095648040053180523000069001429003
013602009006083200000070430004207950370596842950804673628300090000000368007968500
009530800021890060580010490430900216860027340000460058078600034900040127014279000
001037600508204139603100004800700293030809500957603040315478062000500007709002058
040067003805120009020849050060002095002031070000970021218754906900016540056308012
204830091370000008900517034400009615610375040025400070703058409190042306040600100
895370421240859370370420098020017000418002709000000205000103604050068007103005902
089025416001060050365001200930204560200170000018000704040637190573800002100540378
904032785058046001020800400092401053810903204400500009140305090209007540006290310
700260003009000260000097001907402618800600072106783094210046735003805149500370800
460093005010800249270150003920307051001060394034018000050031062603005000102680537
000000860170208430806350007005083209690005000783020054041500728967000501258071390
070305806406008152508240000023801405005409307140050090060980020091502680052004970
120780500598060020400100090864093100200847306375210980901078230600005407700020009
629150400041027850708003000190000607876209340534700002080301060003075204407092030
100560009726090584500082001001057832672001000030049017008000073450028190309476200
794280061321647900680000000503010609008379200000800013256000804407920500809500127
070590140905400806104078300036084217200065000098700035300027081601840703780003060
027140003004070510013059480200803900041700208809620350096031805402907136030500000
090360275602090300730240090870039620003102950021800007017904002009027810280010740
409601000068509410030004296943215080017008502000060930080750069370040020096103704
058031000203574180400892065500067004000400712001000850190005270020709643370206590
401005203370021405006483009583694700000030508120000090730050914805000630610340850
706005001200630547150072090402017030070086104015090076640050082903100760020368400
905710028008900060710068530301040080240870095080096210154030872870024050000580100
970030005316029040000087936830700094507400800002893570029065087700048009085900302
328006450049508620000304080000953840650810302893000001030080910405039260980061700
001942508020070460478060001810290356097630040030800010089426100046083920003000084
100907268060005010928640007807300409019408300006702051301000702500079643670283000
700001900090067251231059700902145086586000400000670520308700005607890002009506874
530026409000900201942051007010209700659407832020080100176034900080190604090600013
070400503506780910421003706389640050067091048100208670810000007090170830050809060
407061200100500978590207001040716092201000706760805004005002017002150600914608305
980006057000530001615870403450710826007090000830420170094001708008364002201007340
070001908002507000300408076200070693910650482400902710725806349039000807800709050
704095326193028074020700091362014080050000410409280000075860243040350107001000900
095406020607052940100008603062009430009270005078063102043620089080940006950300210
403095062600020093921006405000000734792300016006500000039208601017649058860100920
401080030002051486508039100246870000000020064703610825000060948680507003324098007
070402601506001207801506030610243500000000013354809760060900100490020076032657809
060150709500043200783900015300001074074026900690407150830009046040080307950374800
793046182006312007402000635830609004965030020240085006109070200300060500600001473
096250401080604325004070000030500710027036950018047602002405180000829507865003040
043908056025130080800050302080019070710003529390605040430700065208300097900584030
562040107010065840080701200731602409058470010000100605806900031020800960490516700
010094006802750490509060203100300080723018060050026137904005028670082310080630040
100560009726090584500082001001057832672001000030049017008000073450028190309476200
038005200006213780027060093009326400480000620650908017000439871874000006390607002
057802000106049307900070215010087090500023801748900032670230900435108720000005043
568920041300408600020500097130706280706090510009035070850600130600351908903200700
650790084002546007701000065210067803360289050000305042000000479420073508107900026
010905004740080302530470901804007190390054600070201430403009510900500203150643700
349500060060701059070409208007250004452680093030090520013972045024810076080000900
002701050071500386405069700029130807003070200016208093264807105300012079100600020
070506900920710640601040780530002490208064007009305208306890570105020800700450109
062405000540870123300001406093002701000610030216047590030950002650020087028064015
820946073030007840005308916090571004000630090467892301084065020576000008012000005
073004906089012075450790108008023769030600012010870500390401280000930650060208004
608403900050070300402960871026741000540008702100009436000520190704306200295100043
006020000024718596090043728002080070147500903658007102710200804289056300400870000
073001820145000030862037490000800214608400509004019300286100953401060782709000100
007450029035090071940071008000080903790304105813065007300240706479530002200010304
763815402000960300059003106600001009030547000100089034306798500518400067297000043
050238041020004703413007090001640309760089015530020060145070906800010527070956000
012800054008450012057901008009670843705008200804190070980064027570200089040780300
120085007504030210090241065351002006206900073000003002070304580030817620010590734
080010023160708490407509080830900047000000360040170050694381002050007014271405836
160004000043600705008173649054260008800030270036807094480500007001706450075042980
003740560107596300650000094071080052800415600405003109510804030900300200036021845
005610820120030790360089010006075040849060037001043068570090000980401602600028359
908507462200080010340206009480053600500000890002198070100079036790620148826040007
034900870501807090809002501020058014010000705400360928103429657600573009700000203
084005370760904210050013400075090040026008507001576092390450680600230004047800023
605000290840692510200015030400001800731204950050370042074068329060039701309007000
010260000000530496905008012100870020096052871020094563680020130702910058531000009
759801340000070001401309705960712453500900000203004097090047268826000004040286500
501279300003040210270003504004130970300052061915004003409580702052300048008407600
459078602080050010200340708728035901006820007100060205003510020045600103610780094
080006002670310908504920670097680015108007069006501007003049506429100700005073104
001254900490810063058000014025630040930742150100000032009460070013908406074020805
205387641007940325040051097008020570009830060500170483950760204380090000720000008
183025049024619007079000152007250060030197024950340718300061000065004390001000080
680134092207069043030000005160900030070301900093086251820613070700025069306000108
954070238300052009070490050000009047290514600435008902003027800728901365060080020
107900064852003070000175283013040600074609312008000045040010020720390801901750036
205400106004102000091503482050908201140050809680230040520090004416025090000014528
020840371360710280107029000930068540600073920008090103800050400400007812091600735
076008104500607380290140756980060010457020608063700420600572801000010003704009260
701306509530720600800900704000500291305601040194078005486007002000409103910850076
456270010000060400208140765009307004034820106087050320703000248910684000005730690
063010059204695008050030620506021874800506090092003500005108043140309205309004007
608740109405109320900080040250304061107000530080651900096035017002017080730006490
045370190006510380019200005600400019021705040504091078002804050090057820158900037
985037000000068003631002890700609380863745002509203740008326501300001000176094000
204708060896003007005160402062005000500402130940680205089026701400837000627010308
078205031960107082005003400520789014001052609390000005002908100130470208680020093
400006070065048210910075064080602007290030501370580906803004790640023100020809640
103070006690501370500690408209050680037240105400809020040020031928104000050068249
326809140000002008890405027070090804618047203003260001430056089180004006500903410
036401070902853000001000832687092043093045286405038107018000620700214000050000709
071005000239847016854900723300579081900600354502000097000004805008053460460708000
007630009059800204608950701080010607195040300006289045800100076571468003900020508
500800162406201000019650408652074381304100906000560000025300004000425809841006023
043501002070400100210380594000050019035094260629038007300002675052603900460015800
054921300090675004006800051005408007479000583600007492901204008547306010080710040
042308000003209678897600300309004056400037000010920834974010063030405180500700429
894051067507300098060089040781500002000000510209003000438072950012465800600038421
830572460092060008400900230140706092085020043007304600500807320208035900304090805
925164703713020000060007102107956208006080931289000067001540000000003015302610079
090456078001007294080000630000064001948000026617830459020740000459010807073600542
904500307000004089637928004310607802702080050050402701060801205190065473270040000
908403207007089430036075081019040008000590012302860009090038020283000106740020853
901008020507260300080057416030172900756300100009006734370600040810740009600015273
000001950906054001815970063690010530043080100050493680501029006067040029020708310
309450008608900375010738690001073542703540006065180709000000903280300000930200867
900103042805702100042060307021806950300090006590021074204000631053214000010038405
067095420392146050010870693685720104003000002001683079000200000208004307730508040
600001740035704010104906085080560000703200108509078436850030901302890004900015023
060703020371052496020400700610008052000510007945230608750120864006080000280670130
700192084023000009908730520019620000402070938500084012600019270071240006205060140
506000108400086250012534900080410002001850390374090805000071486763900000108260039
000049203529006104007820596096185307000003010371264059005092068002600000680010920
100604783698200100070051020700965238035100400026300007203019054560082090009006072
000507001804203576157000020740091602081004007009082145002430009430905000908120354
706029031500618040910000605600300100354861900007050364009280007870430290260007403
287003910000709008190680075830200060601350200020860753050000801318925647400078000
930100000502034168040650209420300000050209341061480027215746093084000700000012054
030020601216039805004510009308960007002100598049705060490008156860301020001690003
900010537500090421001005080400306712106052000380179005000027050007541809815960204
020030905700460023310500060240000050903752081507641392002376510005084030006010240
040007900039015006280039417450802790300090061607051080000073600870020350563940102
900004607304907081087105200090821056002600070146070920009008310401302805530016700
070506900920710640601040780530002490208064007009305208306890570105020800700450109
200537060108000705057910032005070200412300907003295604706152040020000506509703028
003080700004627003970400085049012630600900520208300097360804172792050804480000059
980026004265471300140900006030002471800704600006135900650010207312540860000063005
053706000106005327007390601035964012062100700080200905308609504574001290000507008
048296005907080120005300908409062300302108600001003572090800260210430007580607409
237104006400800703856200014765309148300001000120780300078003250012078039540000800
004209070562007010007035280000006001640002098009178040300081467076504839400763052
090065020086302907407001530052104080809503704700080052073908005900000870108457290
004025301032400605095360004000750802209040706748610050580006409000090037917034508
970030005316029040000087936830700094507400800002893570029065087700048009085900302
175460329300502400200907500000090700014000892000271645007689050651703000938105060
000920705003510020200680103940102386021008090380409051002005009064091530709236010
072400500061035802050108460130692754005300086024080000907803605500070900043950108
000907480518040970940850600800230000402061830091080526020090000100670298789405061
800012690021690040906500012192756384500030100030004005460900008309845060008300459
005907800309100560048360071500204689480509007920070003050491026704003105190700040
013085090079260410060009730046308027037002600900601540028030950054920060001804072
240380910076095300030007605910853260302070000004009731451062000700030126600708450
120530986580600204900780000300460020852397461060000003005008700498170350001950048
892354700140260308730009040268400137910006050503180409000900003001570924009040001
267940810004010205100062400806009321073124980001600000600070530702596108480200090
050467800680009500094300716536900401012805960000630005060003102821096000300210658
090310804123009005040025103000890040950200368487036002205068439074050200030140006
857000040132804975690007800503000184000000060061503729086025007240609310719040200
200530600570098132038040500790004015001270300860310904985423700040006800020080459
001730000306000971074050800700610200528300164163284500010003750407520306635000082
725648030000070025083050470057020690309010200800796503006180054078000009031964082
972006013010537800003200064004763050105002437039005600390058200608001075020370906
008090024912034087300208001400000000780905236509126470164070893005460710200809000
807109253003075080520006090042900805050402900076801340034708019200000637015693000
024971065009500840510004700790082134038190000060300580340709008907006410100408027
000000250039081764706049013002050031873164025010020678380700040605018307000600102
008602000072053604530800712320740060600029403094008120109230050003910047260080390
007001800030267905002859734004078309010002400000640000320980107041325098905006243
640901287218670903000080000170063429900200000062405801490038702500046300807100504
538960120070280036060100005900070340786320010002509078193402800050730091007600450
600090018420501700015078043104703080309400067062109000296047300041352009573010000
070420506920036714645709030002004003006000000019380070504800062861205047207040859
705642001106597432000310056000900018290850304003401209070000005500130827900705043
700396502000540090090700400070000821502009003800207906469180375001674080007953164
100063950593800200004051078709000600030610520650492830972030060800706003006540782
040198070037050401028030650710045068005600910690810700079301502063002107050079030
032607098800209106061850207609704850708005000054190600190002005086970324007030080
059830460748590001000040590500068003823000610070913820000300150015704080982650370
002507491057049280910080000261094705090300602003016040700060024146003008009451307
052000960030020084701040532010057098005906470097080001079302040243590710508074009
035084692642010000790200004059007061063040025010658900970435006506100400024076050
425300000093200170008000420006102300087405000241039057019680502062594730004720806
197800620000607001603021700731052006400098507050106003200704105516003479374000060
007400002042800763500030804084375601306104580710020049608040030403580100200960078
340601905958300400761490002800034509000750630130002040293806054604070200580200003
925700036387206040604539000800000420031804097000921083003670019008090702792085000
201830750034009008508702301150020037802015940640978000000097000300061400905083672
078000046001432070024860305007120650052074100043008702480715920210089467009000000
703800001005920048409170026601039052500067004204008073006350280817090430300780009
072901405060400007904608102005000026180295074043086001600520700028300049410860250
459600180007004009003952740305001090004307800902048631246785010730000004000406278
794000600002569307500084201140056000609001835050073064001020970307490006960130082
946503002850000316000687009520074603691008050000906081400300020205709130170805904
350048060040030052608075409070304210020801006461700980030000078085627304706403500
000008623568270409203160000930400002080920735025701900074652300156090004000010576
827410690060800023400026800080000730096384002304052960170040209900271040602008510
500108600600475823842000070030219408160007052028500100409752300007800290086030710
720058900610700580040960073036017450080503160570004008100070040057289030360005729
005014620006209741140008935003820409009130050720900386568000002290600003310090860
708320045040006000023049786804900001500002678270815030000078004409103200617200853
080970010090408253046250980801305002630000179409607530708542090014700060000006704
605003940008604003140807065702030004000471382314002007030240750907018000401005839
804000600000207041571486209008004903306098002190062504000040105780103090419670028
360019478870403100040860520600030901197084002400690705084100306009020850530008010
007001800040586907008972534006027309030004600000360000460710203072695081901003756
054071002639054070001800050108435206002700580596128700400000029013907060900042810
806405170004381260103002904602907458908050700005000620480103090031060040009548300
009568130002001509516030008003250981940010005025380400037090010850027603090043207
070493006069058300483621005732065010090037560051000037006209000300500690900376250
143582069059000480000904003438607190290000306000493008000705930076010854915340000
800063217030080400462150008087040020050972604604008079570804301006010002210390045
007580090904106873038700020009000068026038050501679340805040010073051204002807035
020489000500003728010257390000835040057006810489172060000720081001000430806391205
400003000186090573002607000010975084870000360249800157358720096001060005764300820
012800054008450012057901008009670843705008200804190070980064027570200089040780300
802000400130248060400901728924005036010093075070806001280064090069080054003709602
031097000920035471500060803402516907309070058007900100068350709003600512105720000
002057040084290360106300920053009800041830792090076030360014280029060050010082603
009540006615708049080006710108050000306009578900283104891305000030890601002070983
090042803041370050000010040615290370028000690000806420060703500003489162982501034
000287605567000100820051940104009368030506001706803500610400079400102803082905400
040701008720508013508030062400390821391840000002010304280100500070453200905006147
300400206870362941642001350250740100009010765716950408000500010007089600003004509
019240008208070630070085209003006742021039800705420100002800065186594300040060901
561400830007058041300900720006030050820091306953070408009205184000103090000789263
104300050090805070670021483801500060359674020000010539010080305730059810508130200
724590036000780450150400020865370004000004365240015008300900007497130500006047193
009568130002001509516030008003250981940010005025380400037090010850027603090043207
328041070500090342007503006010370405603008020054210680109705204005060100076102908
045263890300008400601400703003694058420500070069002104800045012206807300014006507
800409007401070503067503904000135700132006058905800130089041075710950040004300091
000906700506300010200058964483279601010400079905601000809760100004010096360592840
054167900180439576000280103061802005023050010009710602030004201000620830000098754
900084036563029804400050090096008703800075009057901420039400205605890300200530960
500003901410090250083125400837240510000307640605001300360500090051600804004832160
028039650006154020904268070641007235075410900009520007090642500060900002410300700
060038104340107809105906237094503706010000900600010300276300091408090603901002508
209006704008470002034502806007028401482100900300045078970083100120750609800600027
018400027350020008070318094096080030700064905205031076500192860160075249820000000
189632547060009080300800020030000210051243809920086003490760132078300405200590000
000203170185000009703159064300020001078304506204096703847935600600840050001000948
600000720172693800004750360006910005840270906790300082320040007410806503500037240
109400052076081900008039601640708300050090064701340085264803597007005408080904000
054900200006084000070020609000200158605710924010090360308402710247030095501870432
857000040132804975690007800503000184000000060061503729086025007240609310719040200
020010970840902360719683400070805614062030000158067000090048006004396107607001009
006200701009480206321560004715346908002008063008100500807630415050070002064810300
090600000008257014251800673509320106300076000106900327900082031807030500403560089
260100054000402300481053902140905000029360745300008609574806103902700000000019427
170540008000003109362108045530207490006001300207039801015974200008000067790026510
780903005002805400059007086020756934397002500564009000003570002000201098278604103
001904703580673209739502408000490502000000106005026384357000000246050907090040625
071009000400302785250860940060503400145700328009084060607908053504201006900005104
070420506980015734645307080006004008001000000057180060504800023728903015309060847
700601023001309000600052091406528009830197004050400872084965010960003240300000965
850060729960502008200908100700604800600381574483000010040897306570006041096100200
140800526920051007000607049352769008091048000004305002010032080208500301439006075
504072003010004579780069002000203768872605400061700200020057304037900006058406907
800120500250086304047030802005001698786093020020608700004860057612000083070319006
068073010004020386010098274039006002482319765056000908847005020600082403003000090
017490230025310478048700961200073049730569082060000000000635800080007006576001024
060000904042970106710546080607128309000700860481060020030600402204835617170002000
082005901050020063100309820040590000530780209790260054805030406904856130603017000
039680700008507309700003650150030847400178005070056103901000032005810976607004501
460001392012940507905023400046739000703102000050400700000315820021000973830207065
863921750200500800004006901902865107080030602730100040300250086608410200409070305
030805001802000037490000005087094012265003079049000308670902050904008703520741896
394120000000064219610005408089603005201809046060200093000082070928007601043510082
160905800009007160830014750708401005050000200603528417000106970976000001205879046
000928546050670218006040930471390060000187004208000701007200400000869073189030652
140768523030024006208000090000300087673892005820010360400200001700685002352009678
320000407507020360946030005092158706080000942070000501704280619809610073001003054
019703050370050104005109702763024809100080320020301040407810063500690081601400005
200703084100009730700451206417596028803000640062000071600900857079100062080670010
070493006069058300483621005732065010090037560051000037006209000300500690900376250
089006507300975100750081003607009032045803019038000006020357698073690240006104000
065090021400560038809204070506030107090150804084076200601709082240680010008020605
938027064400569300501008092302604100004703605090200843070300008100970050649850030
015038007034670105006100908527801090000000084403967510100700056350016070068095041
020003000600024105714950328840560207105209000200007541402008053900030002051672089
000000608410000007038609510169724850507960021000100976005076130690205004370091205
000078206802690035056403080908235064360049001240816050504002003003104000000380542
000600405504083607763204900307069200900410763140070500025008090801006052400521076
047003001051807036060510480082731000603008702010020843008065120026004090034089670
054029708602070103003018200368295071020000680700046030240003500530902847007051300
149000708800146000500780142975260000001000509080591627410800396650900000090613204
746000201902316000300002006061003904079041600403650178000207419294080007137960000
004030000360570012028600000603459271907106804002003506001865329005304760030097005
092008401064200000001436829289304570100769003600000190900007000708643902403002617
572069413190300086000047200609780100050001800000536040900670024026900070038254691
107900064489005070000473819062040700015706243003000098070090020650230907201860035
024908570805300094319040006500070081700863002000109367967005010250681740148000000
082540970009680010705192340800321007070056000013078620038010064000009083601830095
006805409401920603005001000900316085600592007503780006752103908160058004004609001
700521008038407195501000200104902080003005720027603901670090012009206003310708609
572006100609531274103072090810029400206300917934050000008900050705000309001745002
350469008006380540042000390560903080200006903039045201020004610013250400405690802
281000004530200190400100372000814725140007009002630041905080006306090287004761903
900062000130087054076004982097000010020470809640839507063100095410705036009603100
200100640570039100680052700806204539090010000457096210123065870000700056705803020
105800609400600002760250143037146008006785004850923701000090820070460000089510430
040001300320904610810360740008007001206149530053800970901605403730008006002013807
100604900000728003307190642006870000072350490900241008508000009761982534090503070
050820410032904605410006200679043050020000940004695730043761000201500874500400360
063071840051020076700350100306010008007069400190043762005630094470190000039004517
602354701084000000070082643030800020007135896859020007420768310908010070003009508
001082060230500100504000290180764905759028010400910037045009301090051602812003009
600900010500604379010500026950060700760485291021709500178350942090800000240007680
001605030024109007580700491000817203712050680803002010000091078108076020297400056
908042376070800000026701904460008120802007409007423005741089053005010008080305240
052400093409051702060230080740902030590063200003004976020000010370140629018627300
120008643670015908900630100380247506000180300016903702004029001892000005030874200
050804290040502007728300150090000071083197506107205300210703068005040010806901035
045010967003675800807020050430500008908142376600080010506094700320700680009206501
090685407704102698800940152540006900023790500070400021010009300907000240065800719
105809034038600950006150800580290713900700020067041009602400307009562108840007005
100700080205094076076280054063002040400538607750006820600803001517009408300407560
040198070037050401028030650710045068005600910690810700079301502063002107050079030
209571680007600001016080079102006030760819054800200160600050300420160095930420810
000060791318579060079241030703856004540032879021400000007900085985700206032000000
640700830020948765057300000013096200078104950060020310700681000006000148182409603
080390142061004000394002705146080003502000000009271054017009500908530016450108927
100090067026087900908034015007040180360258009089700302000023098693070400840016570
704510860000028104001704002005846000463975018900030005800102006192400583040389001
096053008120089006005001974610905430950300100200108605069804720702006800040037509
657400180108050702320107450430006900802000600000320540504018307200703095780065204
004007103020590400578401960010080045607103289095740000700014806086905010401200097
081392540400050980906008300000705609630920050195060207572086103000510704310200005
002040608140800302360729004895204000007960051030008249214080930050030087080495020
160920530240608701000137200016392807308010400009000063031470682070083000902061004
800702010267130598004900600000029180618005020029380046082500437051047209040290000
941300065006080200078900013069802500082054000054610382400090008620040901890073624
050789063080104270790032040300598614000200397069403002905800420802040006000320950
104300050090805070670021483801500060359674020000010539010080305730059810508130200
500304970978506000000002800361025400009138065850069210020000539785003124400000687
601298050054013820302000097100002570020840031040037268097624300415009000203500700
030912040409305800720000395084690520000084039693500400017060000802001903900238174
600040300039600001017080604390001700850407030700328090060239000570814962920056413
000001950906054001815970063690010530043080100050493680501029006067040029020708310
062405000540870123300001406093002701000610030216047590030950002650020087028064015
030940100719008543850300296008450600005639014340187952481000300500000060903500080
902100830304892007050003620020037106603405000709200345037000050508074061040581970
000100300084903600230806491370004509042009170059300206068435712407091830000000960
506000000271060400003020065000200003030796048827304691700630124018072956642010030
270008316400329857000070920904507000017006245306084000093040500082760039040803170
400706900783500600200034751630000200800371560057602083500960142042107090901040300
200681350080000067561370002000052804425708601807030200002000048056824003048013720
009000003701932008302058197200700085098360712105029000007080034604503800850071620
000500621201086573050072008030600084900850367760304210087200030690418700010009840
540900060087014209619075400290700040100800620700501008800157304450306872003080506
000001605402396108619007003024070019093428750007010400086000501031765904040102007
049080270007095600260034910002350064006000800854967021090603000681579432700000096
970100523400200010300900860040097136003062008067403259029041685030050402080020301
