406002000753064801900007056301700205075081004600500018897305600030296080062470509
010609785500000026004257931250910067040300500936502008700405019895020074061090000
046000870001860524008742000410203065002590307503674200100406738670108090380000006
891600450060040810457028090020000780379200564604059021000510030900030040530406178
806397002090506004153284009009450827024008600078002905400620070962005000700840096
800602001672130409003090260020409008560308020108700354780060590005983006906001042
067312845500000060180000703209860107836700409040590086400037518008000600600289304
060003502925610000734502810312460908080901205009087040208000059000000083193854600
105860903392004080846009501701905406038601009460200810080007160207490000004308002
493001528702400930050030017000290084240085009080004300070120805869073241001006790
000008560950762108368090040170003405002950006506204703095026301040175082210000050
206000105071234000803500200004301028087400001005968003438107052012603409050042310
160008500300020067970536410026000130019362045030809070680450200540090086007601054
097065000000470915025090680004350196031904050580716402010000503002631049003580200
900800015056093007107504360309600708008375946705080000673901200004708690090040570
987102035100500698060039000510408060804316057300000801638200970040790500050680120
802403160500769840094000005008006003905004786063587090080041907457020601010075400
302080009001205400580039217420003806100820040073094150200108605018306000604070381
100005804048060375532784169000498600080600547416073208603040700890000000750010080
914300760020170930700092050600000073048537091397061420180759006072013500009040000
603170248720860005080020300042501003001030084078940021000308750037054800815002430
203891047500060030140500902970053080800024070014700256400906020701048095680070403
000750193159083040740900200204000030001320076036547012410072069698400720000690080
081000590045180700900265801076891230804020106002040900053012000020406319109300420
570200016206708040000106572100000065308005021657400038064823000705060284800504690
000160874640000500189475200900806003070910640264007190701650002020093451403001060
380050001102009876007182003700000002060290700215378649540020010900564320820010064
006834527207900408084200000632478015405009200000005604763541802500003041008700006
000009540306000010407001960070000620920060350600012084000170238213098476740326195
027806501050209060096005207765000480002340609040658700010504006600701905574900120
089007042610405870007082500703050000008743965904060230096010028071006304005378600
264510007500679023790842150806005040000000030009436085005098200902300508048057019
340070986009326014706008000187600500030850297200037060463709102508004630000063008
250148907094503821803000405142036058387005200065702304600000002009801070008620000
710400800605201070030075421057164082326900147000020000400017008298306715070002004
004906050620007098109850740002508037063091004908070021090100260340629870206005400
270000315300402876860301920950000108180936002023180600539040060000003209012000483
894051067507300098060089040781500002000000510209003000438072950012465800600038421
503010260090746510601003000410830070906000305700562901300627150007090820269005730
910203700000140600463070129600500004104796300305002961040007096720004530509628400
506000980780069003090187054263905078050078102100003006940052001600700049801490025
060090142029001806000650003500000029436020078082540361093064000057238014248900007
030194057100050900594070016029400108071029035400701020062040001310802704008903560
098107432200304907037200000009530601083400529105690000064720095901045003300010704
321504609070019005090600180730005861500137204012060000109003040050746918640090300
209000004687240395005800201000614039400953082000028040720400010000392057594100623
057190004309704015810060007243670900970805100105029736730000061001000289508016000
107090800503140207000000300369021470754086030200037096478010000030800901910365784
000017530279000000350698427080501274402009600760032090820905001007140982094800700
008601370032857016107300258894005630075043000320068000080000521200500467000710890
057802900800407625042060008090028004008004061463701280720009100006073450530046097
009003516031709000084120970008354000756210049003000185000930051012540038345070600
094060100300900705015837069003408007140500090076390254087150042009042001021700530
840210030902380600005900284230196578000040300687500400108002090450870120009601805
031080049590040608080956003804539160100200090069010730025070086008005001910328407
008500174104780032039204000002630407016007500307850029290040700401078095800902340
065213708701904632009000000940001026358026910000590003890005001070080309023769480
031028907900000503567001240079403150004965870006017430005039000008602391103000025
001905706837004500006017304070060103365190840100570002582700030600280400090306218
016000080382601750754893061670002045405309010030004092003000076061007520007456008
000200709890047003127093540904056320670402090002080604209370100410625030003000462
261450080080000750007823140035908007020500800870310594000080021018064930692035008
381000020020103840465020000800070302913650004072038050206007598030590200597086410
830700040064809037090004108000907460300645002546080370620008093957210604003590700
000084005391605740058090160504318000200006053807050416900507080070040029183960570
105809034038600950006150800580290713900700020067041009602400307009562108840007005
750690020931700000426180790264000907509060080003902040000540630605201478002076150
970830200003102075280007091617920450300050900500071028092040786800719540750080000
001372540587190260030006109703200004612007090008003721806700050320060810105900036
800405020070009001159700043927184060001000294306900100730890012400200506612547008
400980100015020000029301567067508409090200073030790625701052090940063001003179008
109030068208406100030012904904003705000940000325670419000001043016089500783054091
905006047004010580610500900007030019406002073003760425062070054049003061531604098
508290001470010395003507008000050180809670402217380006680139074701005009004008510
871459630064230507030700104406003029257010800308020015009002356000306000003070941
803002590750034100009501072120093060064100020070806941501607238407008009080350007
104090005537004098298305604700069830026003007000047910012006459609001003405930060
900024800607301000421568970200013705150680239308050104706800500590070008010005620
080479160060500090794600058547263981030004070009080600950307406600001020410906807
030256007400398120020010093270041059310005870096003040059080002100700008783562904
089064375510708029006005000640391250052006093003050040360079582075680000400010067
500198740940672835020530600480005301000923070270081006300049560790056003000007204
910750402020069508005120903089271305570003000102000780050012004246007100301506820
603040700805900340040200985078356004430091200510028600904072003702130009301680070
080300200072019080340027169520401738710603000003200640050008406038046570069702800
069005021350012690001409500090076003630028940810030076900640052176053080040090067
406020301500904007930071025390016284000403070814090003709302508085140730003050002
098530602200090830306820090002763950560008703103900008001070006804350009037180524
042305008006020930903408075298004750030070100001853490069030001085942307020100540
702030904080702003963000270205387600137906800008025000019000720304078190076009435
010780309350000100069123084094370650623908740000006090230094800506831927900000030
060038104120607803503409267017502409030000600400080700671300048308090501205001306
830000425295140687476258000603804002509620310004501000102080570000470000057300840
403090015509061240010405090802136004060054802390000150975012060206549780000000520
345600108928500006600489052000000000730205081402096007207050013003021809104368720
089076000402830560070100893700403058803700021504081030000360942930050100246018070
420300596010006043650489000040930710005810269981600000132060070004790300090140682
090700080705312960061040705030079410670401800402003097906200138000136000123004076
549723086100046729720100053004850610200000340618402900000004890460905031800001060
400002105915700320732005084080000050654209007100006249001023060846901000327008491
540900060018065309639041500350400090200800170800609005900187403420506817007020906
906204070003057042002080305008029510530600400029340008084501030095463180001872050
005324716030000004146980300304200001600009830809136407001003269293761040400090070
010905004740080302530470901804007190390054600070201430403009510900500203150643700
480007106020046738500100029000735004700820003200614975390402860140300007870950002
026037100400209607971006203007090065000058304305004000068975002530082076700463508
014003007900407350307901084051076400073000620008524013709830046040000530130642009
608459700007020805140007902409060050270501480050740210030085104060004028584910600
037546010060090005204070639796203084005780006400600103820007900600930408049120307
971034002000000807028657013540071689700000030810596700109040306207003401060715008
000070409740008020096300075031720908278900050569481030902634080000859300084017090
074050008800100053501894760300541890080000200945087601410725306058060020200010509
057300900028060007000709860439870200000130498082495706043000029091284673206050000
925700036814609020703125000200000740059803012000462058007310089002080301138097000
301080250050326100208400037506030000082090563030562410640973020109200346800040700
800270001001430750375080409050004080920013574084560100007108005402900810508307902
070685130000003000003791850040250691591000087062179305080502060006907528005840700
078205031960107082005003400520789014001052609390000005002908100130470208680020093
020935008043160900596078102309080720684000000050319046960703004005200600231040079
002574000160098270040001380609782430008013520210000090800040750704120900096807142
702140306501670294040009017000320401050904803300000009000590130920031670135762900
802569704943107005000000910436900800100405390050038140305700261204010003001352009
613580704700460893800020000300094200090000017584172630000218340068940002432000980
861943200900000010050108934087039600103072548006005300028791465070300080605004090
061452083894031052025008000039000040040000005078520369010005800950806427006743590
984020005030000819607900304093058061805090400270406598029040006056002900008760253
003200047060981032251700009507003490306519008900007310008390004609048700035002981
302900841000100320015203600904831700276050103031007050093500400008006539007390216
406002000753064801900007056301700205075081004600500018897305600030296080062470509
650703200009500040072908156537480900206059874000007010901605700705800031020074605
030250081502089060010630020490760852051340796026895140005020009040506210060008000
000000860876145923921003704048961070200000409319070685790002040100400030050307208
386104050400730108070050460600508790758691000001000586510063809000410602264080005
030006502479203100050801073500000347700385060913047200305028610120500809600109005
000040567659008043000615092000061004001480950086500370003094705005032609012056438
000000417304071020761092530406200000050000243103980765500149070907300102618005390
760304009805920004003050728074600215001070000280513407638045901000039002409060503
001398206805072140060001080003200900610050837984037060006400370300709401027003695
500070400610845007078900651750600840043207900006504703104009306025460070900301504
608102705120005803500098006350610902006204007280003401000300008035021009861570324
891726430000000079006039000120643790000075010003090506018007904950260387637900052
004805000820007409056430812391050287400010095600972000108500703000041960269703500
010249538243100090859030000000000014030025067002870359674010085000567400025900673
000008030934675208807300940270840051100050300065031029501003487790124003006500090
008057049690802375507000068062090010000000590900163804089001630021986407750200081
600574300058103062097000045209408510806007020003206907100300270084720601730601050
309010200000370065060000039476105390093720506521000400614090723900001054230047081
104962500059071002060000189975608310020304096003007020490785000030000957510039460
006753490030642005007019230000965042695204183070008600903020507700380000402500310
017030580040850067805674100170063040450000930396500801080400700704395000503708029
980300451015006000372000869093618245050240076604900100540700600000084097830009024
780093650040000003930108740010002035809010200273680094500009360060037510307561420
060104095040003000819027634026305817384010200000208003401009508000871040638002901
700600008609405730053000004234050000800042650900087420326790805098001072507230946
062100004800036057350094806200540790980070045570029080100853009438900510600002308
003204950065790843790000601589010036021600409007800512008900004906140275002050100
970100523400200010300900860040097136003062008067403259029041685030050402080020301
008503297503924810090870000059000074047300002362000950784235009000106028021098500
031009420005346891409521030900157000006030109803064052164002000208410000307085200
370500690159702408400931000003027900720803100001004003040379816008016020610205049
830405002620309070759261030305708000008900003000513809003054296500192007082600501
900370826000009054032405001061298705090746100420103698573060400000907083080504000
305010046000062508261584007700690834030008950850430002006007003578043000403826005
906854070002060345074100600050048207091002804408501900007006520249385000005200493
010538670580760400670000025060054302901003004054820960247000190105290708000417003
073001820652000070814052930000400198409800302008039700546300219301060587207000600
018592604049018300006000018600041059180070060904260180090350000800020537453087096
028596043570040980060080100897265400010000078006708095040803007302970064081004320
180540000509008342007092085704901528000070000256380091003106009695807200020050637
020360000700954000065802904583700190604108050170593480041275639207039000000001005
056321804002000013109680007018072460020830071907400020043109000001008536870203049
203819700160004039090200104020030506005926073386007002930600450672480000000301627
015249000047800201800001354501008467700560020260097030002400080980012506056903702
604900850930806174080504000040052910001008206269107003026089700300205098408010620
503001040214500068790000102006035204000482076402090003327954000900300720685207039
000802463321000008860793020710000540000107890952486030400638000100000689286901054
700090053910530027520170090005347209172000034004280060800705042051023076037400500
502030008000920175978650003057009006203405810600203409130006700060012500024097631
061400090473901805000027406105002604032670100040059203000010908310790042928540030
270496100300570062504000708600900300482005610003681054020300870147009023800257001
000000504180953076752064010016007300020090701079145802000500608068039027237018090
740051639265908070000607002823005907050012840001080056687020190000004008094876020
083704502029036400400010039046000128850140300001862900500600203017420005204905017
107008004005041032049026850000410503504007010791230068970080140050092080803670905
605400003074030690031006452000200060000004105486007239700300026560009348308562917
100000750467305908030978006000080205601203470925047300010060500076502804250830690
053600078000250309291730005630591704070020003014300906060072430307065800108003067
100065379690010008570409006006120700037000604041376850782690435000283900069000080
932604871560713049700900600890541030470090500201800904007000106005060400009170385
016904030005208901900160002190002680003489125052010794029000308081025000300091056
654807190290000305000952004000601740069020531718340000170280460906074013040060200
450000063090053000001479825175034690006591030983060401504026080020310006360740000
200084000974003050600097400002958360001072500009060807497835200125740980086120005
408635971070000002039071080007050490960718200302004807040083009895000043010496750
258901007640305000139700060001039854490178000060000079580216003300507406076040015
000301420040897150195000783000000000937018002284006915013002508576000094820605370
095263418320009607684107932050974260007028503260000004000800325002030100000090706
879130006402060003000007480583076120790002048020309060040050610057090034630248507
039006450000090200601234987015000320300900800400623010590367100742150008103480790
006009132380527006490006007200105060018600040560802913003051074649038021005200080
080094013970058040304710059008030004549680070102047068407020090050060180006501432
004872065071549003050000709140080096580030201000701400705928030800300517463107900
518036040609082103000900860307600408051320607090407500962150084000070006084209301
705000320080420100042397805000901050956802401320004970010700600037649012560010703
167020340905063008308907000200670950030452107756319820081594700000700600003280000
214653007070420560605010402709008005540002803180340096800206004007080309021004058
521400000703512408864970000008050007450607081000108950086001534010804706007360012
020986034013040700460310905072501009380009200140002600891720500054008371700150090
020030905300740086780500010270000040408275093905483721007954860006012050002060130
086503700310080026400210058570069000148300069000450173001845602862907410900000800
709001600508400070010798543080005960601084005054630208800103400493000800060849357
005740090492806103730192600050020086000015402200308051370084560009560014064900800
702085009804093007009070831083720094020050083046018070360009708200801046098560300
130405002850032716920010040000050024742080951503009087400800230260004078370020409
000003681810500002000781000902608014083079256000452839160047020094805167025000400
503479010042080095090500037100207503930015720075004100350600070410058062020930850
249605108008900750750802004500308017300451826180029540030007400400183000001006305
460703001007009038910024760301000800602915370009038510270381000036002147100007203
600000204450260030372080509930002008001070006827690400005341682004728395003900047
164000000579026104200041760002010490091875036603204817005062908010450000020907040
001000002750439800903820475105968024046003590009500100200040003030790208517302640
001062050602080071890105062000003800346028190920540036260900580083257009010800240
037004290004003700600000480009406308058391007300750009763082514800640932090035870
090310804123009005040025103000890040950200368487036002205068439074050200030140006
503071890007048053804300007308526941209007500010400008700913082902700010430050609
210834700400092508089000320340957080960010035008003470801006900090070063620589140
870360910590008002200075460062704590907056020050009870625800047049520600000041250
508306200100200385923050170859602731310008040000030852090703018001000420705401060
005740090273801406490652100020060037000037602700504081540086710009270064067400800
005000980024850301107439005003705400008091050579600813850060007706510290300208506
859610024207980630000200009026097805001008070570130402904701200710002943080309100
760098002002056704014300806098601000007209340103040689049860007000900028281570903
548692137106700024000080000807009600650320081010806092261000540034518206000204300
370500690159702408400931000003027900720803100001004003040379816008016020610205049
237050109000402605046031200370020060610045798005607001903510070700203006028700453
060020078017605000840701356920007003050963040604200795080152907076039000095000832
040815036800009000950046710070028390380000060001400580020634870107982403000751629
070490028014800050080006390007560081560100270008309645802604507640057839053000060
901427060240010973007060002100670295400090680769052000002041000578906124004080039
300827064006539027502600030703900810859100472014700300037290000200450003945306000
090020401140050702726800953002300100980000320573410098030004007050079236210605809
000703591973165204000849006006050000041070800809014607384097152500000008607580043
708006502001238490020900106630700025050080014807040903005860271076020340180304050
003740560107596300650000094071080052800415600405003109510804030900300200036021845
805329716037010200006700500783400091201900004000137805000091080014075060698200157
050609000000501240920430610084760020039040000276000053312890507690372004847006092
000758062070023950508609430012074000036005004407900301240801009709540010163090805
824050003005091408100380026490008732080147900650003004000010687748030050506872040
050789063030102890890035040500397216000500974072401008409800530607050001000270680
900705010800900050702000690080032007000194238090687000548069371067850409109073580
006482005000310800580970302750800600600057400248100070900728034004691250020543980
750030006300604210026870039500087600138400750007015304000003028205008063863129400
009410268040260000862070043038140000000920380621080794094052810200600030710034509
008012965000308704602090813274005690910000250850729000005080476307204080080071030
063020901400963200205004067789240536021030070000058020942070800006302704300490012
008050021005060089179030045006300800037020154200504063602905037804000096790246018
100934527305002000094600301700103050810509002046700139030006970950371006680090210
280974361000002090193060070010080040476010829300749005007001000830097104051403987
987510063036700800400386700293800450704052000050407090500003986070600020860045371
009300708683574201400200006395607410800120000200050873702800904004700180108946300
182600397607320000000710062570006020020035674490201080060100058709480100310507209
980720063600030270072015800008003057750290004403507902830401700024006108060302405
037100609048957120002006700405023090020608507089010036000239408894570360203000005
300827064006539027502600030703900810859100472014700300037290000200450003945306000
283970406540006200000430809400600308308704500650083901974360120000020000025107693
279000405460205008085430027520103879040900301030058006004607502090500783857000100
050087043020000107367210980070038400002906008003040706714869350236050800089423000
084000027030076108107489005890000013300592086702810500076038050000020870258047061
945130702820700504000250800302001400000083921198420030036090045409500070070346209
821073060005900078700680012498136720007000083003750090506091247900004000034027056
000425700940601000002000300205004167760210538831056090010560083006800951508193004
008065904901800705024017080800300540002479068643050090207591036005030809096700050
004506000000432608000198420002680040408000236610320007300261000296743051107809062
007000400605471029023508061050100000200807613871309042712000900500923174030705006
012400093695108020003629010320985106000004030946001058009040361764003000030890570
900608520208053907005090810080009002400076100607031400506300201002065340831024756
000004100617805049028039057700008462002410700964502030040907286586240003009080500
807509004960038072305206090208100700704680013000320908150963407680002030400850600
000904080079018060368007914190083005040700096057406201025809103700000050930645708
800950601903206504056007003080394160360020040091070025048702006002140750709060032
251080094403900000000614325510890043084027509700100200090000032007209801825431006
038705010000108005901304076495000168067480903800050047102509604379040500006010709
138479500200100004500200319901000038003891007085307940700012060810760095096500170
040306000503020076120074395015908720402700109008402050804093261200040008360280007
850203019640000250200567400900601540174905306500004900060700003310009064089436105
042037060008500047603408102204001039730846015060003080426089071007010800001670023
087030100300080900196204000540308601700006005608925403005490016960513207030067540
038470560020090074076028009765240108300180906100060400017954680604002790003700040
040026700867090205250803014406905087000010000908267453702040560094000300600759802
003028000089070012201049583005034800307061950140050067010205730836410290002090100
740900000060802540200340679000590203309087456014620000098065030637410000052730804
000048007475030082320709106504820670060170050780060210907012068100380005850090320
906450038008013905000000471100079002480625309029130786000586100005390020801002650
280517406176000005350000007712046090000001624045003008008175300507209841061008750
300920460008056201629070050082007600037085912500210080900800076273501009001740023
200357000600000853395804012800600075701030080052478106003910527006042000529003401
582436100000001250170009083017050960209047005050018072005874030308100729760003040
802000400130248060400901728924005036010093075070806001280064090069080054003709602
026000108850023070003198026008350600190760380307010902600930005709540263530200001
308010070500739281700048903106085420200067830053000010012070350405601700000953042
501006809796584210000010007810207930300048072260050004938070021040020796002491000
560107308000806500012543706020710003009382047000000009293461070045208060106075032
820070504405092730709043628001069000390007400247050000074080913152900847000010206
306750104040910037071003956120569003039140080060002010902030760050000308003675290
705041083041070050600902470530410000204506317070300605300700008069035724407068100
005800700123576098006090052060019500509600810012405960200900000030007089891243675
950710040716200539000560700194600075507004098000975100630007402040300080809421650
609005008031080059040296730003501876107308004085700002310074280000050047754802060
050009614800764092469200000092400800108306950500108240610003725020517006780002100
602850904590003026007096005073510080008607091016900037704302009100070263309065008
300010895405280000780530201164928507800075060200000089002603918001800700948051300
631700950050380010020005640872469135003050867060800004207090086309620501000007420
021405609384602005500701800158007006007908050209000180940806520015000908802159300
021405609938602001500903800685009002002506040403000570360201780054000103807394200
670891020080500946092600100009104053030060890458930002907350000040706230016020587
001390000003700018925081376056200034300654190209030050802500000610942583030800260
094000630001970240503416800108759060035200170200040058459032006080507413010080500
705000218801650097002781000573060080008205670020810053250079061080040920106508030
037596008006000009800004615089057006741069000065020907908210504620900001514070392
034900870901608030607004105040029051060000703100350948708193564300547009400000307
000063814186040200403210050638590020900806035002400960260380190310600002800102306
700064023008003160356092004040085906503006210602730400860020305070010600204659081
532904800190502400008701005003017040470320010210800060001293680800070359360458100
071390804050000200086257130560019307703460910100700005002500093830072061910604002
950600007320475809070090350700056014540010082089704005415060208803140576000089000
070413068810070050000805130067158903340900586900040020480701695090580002730060010
510396807000001000300482006900207003640500780127608000430825970000964030892170605
900253000007000289426708103200516490095002730041300500004100020062930875509607300
280703401009482007043000208308640570005020034027350100970065040534270619000900020
000072050070609003000480000007308602869214305321567049238940760690030000000826930
003010089010294530259030007931028750602400800504000002008000325095080601126045970
000040890070821364340965001000400006001586403400009250702014000094253080603790142
527863091189000763000017508905702310200050087004100002701206835432500000600300009
170300920028900675005728000063009000080050367702436850940203086230087001800004730
000102009910605084540897010000476900030080061006001842051028430009500120284713005
700903400940000306035146290280400601109370004400602870670500082012800703300724060
010709083072001600903052704290470060006000490057986301000597140129004805705010030
843001205506340010217000043008120370302000801004003000020450136030017082681039407
004907513900563248020104706759000364031005879006370050002000080100056937075000020
080967512021050090506002040100230608800006050365709420007094035908021760054003080
200063070049502603703400250004635801032001006608007034000754382085006000427300065
790840300642070000005296704100350640400682571506417903004508097050700400010904000
300805100640012079718090002070500613093786200006030907900100038587260490030950006
706000340800496700250370069025830691010025000680010203072081036040063017160700080
053027906094510002060030705940200650610045200200690480070450100509002304420370508
032460789640100300900320006304081907590070640007640030703056094009710503250004001
004080307810740900607105802206400100080609073940510206720304590359870600000900031
296703080000002490503908270409600000108024069600105847004800730781200054300479010
100230406896040002400607910270063009010400060064790238005006801680302000709014653
649105002170008395800097416000529081516873240008600507080000700200006153700040020
078203005602700081005068207700090306560804012029035070850907103040500009290340068
007400806108605940904278015002009700001750083070010200240063108716004002085127600
706103052038564719001000000089400070007810360160075908072041586690300027010620000
430002170006078034087013006150700042008305610023094005390800400070009250560237091
205390140013060052008105090647902805090038207800006900020000070756041380009573420
409570862007068905586230170003800057071953086008000001714300009302090040000604013
209106030105429870700050120050237041020081607000040003012798060500302018860004790
004000100892431560070580039056018973700340001018700200083160700007023015160070302
023045906010006032406920010509071008060050301140038205000007100674002059091564703
005107900798300104614028000902813745457000030800075092080700406006004000540630287
309720506070006928206059107400030075138567092000000003004680059905200381820010004
802564000650000801000981060280003950105246087076805010960152000531409020027038000
030000708752300900006497520400610070091205430673940215000800100240109000519034082
000083420903054000428070000031508046240090800089007053004931002310842090002765134
059108000041279835700000102036795000002004573507080960025407018004850020078003450
200830509904571280870600300000128003390756014108340007001283490000000038480915000
600900028420000001598160703800010054056090010300578960760040105904350206035627009
500320940079810060206070850002130085053008120810052009094003500705480390300097610
204053080070081203093040015650020039902500870040398500465170028007205096009060050
002800510685107003700904068100675930020090006936040870370080004009030781860712050
014800950800309274709005068082704036540030809000080017900670000403921085620053700
100539460926140083005000700804970105760050930500310600270003801600705390053890070
080090025126000004095704018730510800049308050051460037514607280073000000260041570
640835070800007034907006280309054020010903040270060359028000093093582060005049810
064180000000002016195406872830020600016873054400090307089045000700200905520360748
071450009630978012080000560062703105508609023700001006850067930320004600100035074
107400023050270010680091407700902305209030761035607000000789130316004079908060040
012003040000629051869001300358200000027140509091300682076534290080007060934800070
058140230100705400437020050540060019976504020812073005004091006305487000700602080
405280960106054307000070005753009006900701053001045089804037592007410630632008000
020003000600024105714950328840560207105209000200007541402008053900030002051672089
920000050350196040014257639000471386001500400703800190560710920170008063030600010
240000100700392406530601078004050002305260901108904605010800500652430019090016320
107400023050270010680091407700902305209030761035607000000789130316004079908060040
000080134000004009160092800900503782852409613070218940510036008038001500720840001
009400306370195004480002970003900060108036740504078103845700601000040850610853009
070010040310059076298000301007904132061732000400081690732040019806000000100327864
200030108078900650015468200190807000087250410050006837000680001720510386861004020
005210060207080539640750010400890170150007000370140658081604025930520700060070301
902807016610009350008600729300100842024730091861004000006082975090070100080040263
010003520006000301040850607087405260400702813093180000570008102800307950631029740
093002010152309046000510023860253091501007802004100007608091030000430109319800670
096007500207418000300906020000065490562840130010203605604781900078034200130600804
000000900007800023090316784750900006064571298910602530489100000601090045520480160
002908704984005602070024080023100090000053041451807306008460070207001960609502018
698021503002670008400090102009280050037500201520710039064800910080150600051046087
007350900380600400106048573710805604050000800908134705800500046071482300540060087
604010070905008160100694580008940653346005001050130400800400000530801047061709835
900060320100279654276405000640003002700042061010690005500301249001004070098706513
014060500682503714035140968478020309000000027090470100027018000840750000569230800
802560009607019580090700016069200340005030908708945001901450023300026090076100804
008060040001007865654238070837109400540002090000084357203700010710800630005913082
072045080004300070309201465206050004700120530910063028860900057400500093503782001
036107458527380600000060200709850042053002097002093500310200065605409801200506700
200076800504903071061050092920530000008400205140260739093080526600090007807642003
500720600000005023702683009085009072300012008901847365050130040603004801174950200
096250401080604325004070000030500710027036950018047602002405180000829507865003040
070830461040100000891560032507010046400025178160097000300040807714283090080050310
510080630608430201040005807000000069062003175407000028830754902020390006195020743
930060178001085460800703002364207001082000030507000624600800740470351086208070310
081000590045180700900265801076891230804020106002040900053012000020406319109300420
094100600350240910006095204740823560000010420521004700400609002905302840670001095
950673418806090003030008020007060905028309007190704206470006800081920360003045091
056041829000028630128600000600090000240856073083002496070060008805904067061207054
670028105003014020010950073128030040509007200060802001280403509790001364430005082
051000876679851400000603100006000380005389601183460009007502010510798263032000700
700100080492380061183546902630059047279008000500673290841060009357000800020030000
306001078700080001510697042230075816065008200800260004003020760647859100100700409
258901007640305000139700060001039854490178000060000079580216003300507406076040015
083015079745000321691032540002986703070000906956100204034050002867200005020000060
100800004604300520023050080709425318000030900835001742070000895406500270510279460
000904080079018060368007914190083005040700096057406201025809103700000050930645708
802317006059200300060090182980000420400072630207649010090708040028050700304901865
246301007080704090070008346050086023628040100300120608765810000030670810002400765
063070402804301006100042098070105800300824701581000230615003907700410605040706100
003609018000003504400051090050706123360510009200408657905360201602104900081925000
500012300201054800098060215024583790019400500070100460080795634046200050053600008
070210863250960100360040002500130609080079500910652080095300200106504098820796000
200537060108000705057910032005070200412300907003295604706152040020000506509703028
370500690894206703100973000009031400740602800008007005060785934005029060930104082
009126080068309005321075604010060740000002830006403010154930208082651003607004001
008104600614070305250830104003900000040082009509617008400000213095723800082401957
180000635034758190925103874450010900200090510301502006700601000000487209002035040
450039060000800143132047500504000820861724050000018076280006710740080905003475600
001745980006928400008003270650319007092480003803057009020600708189502060060890100
758621000900405670006780021510200036090104850002000197039847265200503709000060004
092003600037008240005290713000041900051962478046005000203016507074809160010500830
901302056750060032300504007460983700137400580000005360003240078842600105600058040
004050070006127050175030826590001034400003100710849502851096003040385617007000080
001597000647008250009400371000075600950820107378009042095046813403081020800050700
800090726005000080040708351000072100500040600084006203396587012752060839418039060
007400081058603940490078030301059704840730095005001300583012406020500803004087009
902170860010930275387205090500080942070400010024006700031807000090640080240319057
706930840015800007400520610602708391801290050003010400290000008100482069560170230
001009070036150009900734501300896240295341080860070100078025000450000902609410057
507420006904803752800500009398050170705904600000087095600240980259108007001006503
070139042904702180120000050049318070250007360300060019090070536716003004005896700
901720005007046018640100270019060830063091000050370691000950380508430106234010050
840502390000400000903618405400985000306020508108004902005209800639807214284006700
001908004400031085872005903748302001000506479690040020007204006056800102024609037
051403807080000005400800030000015490005680372624937518300128059079046120000079004
620900800090065420507820109860102054209048670040600080400290508052700340301406090
425001800090320051030059207060010008904280516508064002709042603340890105006007020
538000740246007000700468030107620000009140070020070001873091600410236897960784300
896700000351902760020308915000107293003520004209036570537800406402603000008200030
004008500260035704085017602730001000059870126002094370098146207040302001023000460
080009053700308124050200987002503009090001235507692000140930870600800090978025306
092104785040090031031800946803047600900503078410200350060480190209051060004600003
078543062032060080400800093003175006860000570015406309001930054540210600320600910
209106030706584290100020870070951068060048703000060009023617040600405082490002610
609304500500100670017062380861703405002400708050098003070946830006030207348200006
130750408540301729076000000304970082005000107702080040401508273803017904000034810
780304906300091700029006103908473625005210300073000009000608200456030890802940560
408360020020500670035170804256830040000090200309240567003908006097450302062010450
006098450080040006432067081093475600000903007547000398309824165250100809060050000
900024310410835706080600524640082003500107002078900000125078030000006285803050147
050843200700102359300790184800927000004581930075034000036010748290050613001000002
008009320340200706096573400027006510850092634900054000070310802500008100182047903
061452083842093051093008000035000010070000008018360527080006100920501836006837290
572069413160200075000017200906430100020001600000628090700980056053100080098356741
980300451025006000347000269013784692060910085208600100830200500000063027670008013
087650001100072548092400030024580309870360012030700006209106704310007900700890103
506013847000400090743095600985004070631750020200138050802006730450000169069500080
003000016629814700400003200360007504910450060542000090070000901100948672296701845
090002380623784015400090600806501403009030001310970520748300006000067040960805137
000501094941083005705600031420107069037905000009008713803702040074016908500009027
312000904857930106604215000503000678070620000086053210030590001200400580045300792
600000204450260030372080509930002008001070006827690400005341682004728395003900047
070012000020000487945867102706504398432090001000130020100240809504009210290380006
972050840056040000080201650729005160013060524400000039608500012240600375500120906
406001903003470200280590046800750009145030768700018004001045692528009000090027051
086790003593610700000453089030541206200870030710000000670030402350100807941280360
950001008021890600300042159240078001109320065800100072490010580682900004000483096
900800070078069002160027985295730614000100090301690008406503820709200560800016040
070490028014800050080006390007560081560100270008309645802604507640057839053000060
073100080060008970085097230498703000026504890017600400739000010801030752050870349
300100900128607503005304081583000200910872306000043190060038705031050462057201000
005130689290800405006000002052403000084270000160985240029050178001620300038791026
306001008915827630804093210000380579007900302290005400439078056058006003000039800
125700089096508000480001350003170026000300905068204070050007091602405030739812504
007205040009710562500406781005374100630058074000900030204031000906807053058029017
100009680240003159070000002700352890480091705092704301027000908950130046600928500
608007100730861502090003708062300057507619034040500600016005479409036005070104020
876530019300901687090060000908204061260050094007610002050483006603020040480006375
000004278084700190000928453460509702592801364001000500070245800800107600120380040
017005009000961070459003861070106908380200700190078402902657083568300007000090640
690174520840500310005080004109802053504000600700956401058761209301405867006000000
759801340000070001401309705960712453500900000203004097090047268826000004040286500
091600070506704309240953100750869000008200000620500700964105032805020917100390406
270008316800937245000020780708602000064003921102094000087040100051260037020701560
035084692642010000790200004059007061063040025010658900970435006506100400024076050
034620051809053064005000730070165002900080040053204187100032005500806913390001028
705000821600720035030405709569804217070050980018000540100003602307089100006200378
203870054074035601500900300849600710305047890000308040690001530050023009430560028
004600090070820503856703120467510302002400000009072645005938406748260901003000200
090006547764509801002870000047601050020900074503702089470005090609017400030098716
402501673053080294000020018000062089020053000670940052090805140510200806037406905
032068000796023108458071000001050082005300679600289004589100720007835900014702000
086321050320007600174860092840503209200004073053000480000009820018402937502730000
080390040064010309013604570030702900079080050520063784390240800040005097106809032
908042376070800000026701904460008120802007409007423005741089053005010008080305240
370800000890275403010040768630000090107906305009732081205010030960023804700690150
000600405504083607763204900307069200900410763140070500025008090801006052400521076
438100056060457003017080209650001072020500010074320905245710630380004007796800000
200064037370100048064703100612579004403006079000008201107005000008031756046907013
607108000300640270105030608000000862709800004860401097904570020573206400206084753
706201935000709682000000714080100470357004020401070803298003007603598000500627098
070685130000003000005124870080310257592000014037542608020407060009201483003950700
098530602200090830306820090002763950560008703103900008001070006804350009037180524
001480732742603000009100506000800400495271068107040095300504920204010650906730080
070405060906700104504096028090207840850300007047680510280903071700041030403500980
010042000504038016380605020265300008047089650800450070400590860950000237631820040
509140006000253409002690500694071205853900061070860300907002158005700642020000970
705612038002089700398050002007103020200540380400208590001837240900400060804065073
460007829300020010207498050000354200902001540154060370803970000720643985500000037
631000900805310060700009830567208100900071003000956728450190280200085004180740590
006790004001400076794102580015007040309240065007580130003600400902874350408300607
004005189328900600519004300830009200400003068270658093082396004640500030903702010
028091000531840679000300102974500801050160930003980020215478300700005210006200057
860000270532170090001620035000097560209050083350081900083010450000065318905840706
040500000005000641960472003180750400096830120034006000859647312617020904420100500
010039060064800000309050400870614003406308071030527048748061300100243006003780014
561400830007058041300900720006030050820091306953070408009205184000103090000789263
000001857314008002507269010039000240006190370405326900703685020051900730200010069
070001908009204000600908043100040589290680471700105630457809316023000807800507090
300907004570620810000485000025368901006100082189740056007590060050070198200036705
930060178001085460800703002364207001082000030507000624600800740470351086208070310
351070004204300000008004057000690001013042076420751908132460090745120003060507140
100690024904028000060010038407000603600730200025160047840270060756900380291386400
000004900361009050492560080037400008650008079918675000583106297109003640000952003
293004050508001004001000893135007008902408730487395200004809301006023079010706002
260510097097800032800902006910205403700001089430760005089054720042100300070028064
320008050907120306000359020500070430600985001278400069730540000185296703090030605
004908153002400800819037200401003082098752061700080005063810500080300629905076010
760093240005000760490687300089050070603809521007026003370165092508002600020030054
001080325358027040040630007002940570410008602075061004020090010037852009094010253
008065904901800705024017080800300540002479068643050090207591036005030809096700050
051263407602700500704158600070020934000010260009406018483672000000580302010040876
042305008006020930903408075298004750030070100001853490069030001085942307020100540
000200008741005032382061090908026040603147280000059306804072000076598403205400007
013908520020056730000312890000105608069047200054623010000004102281039060045201009
300905024920084060045070830160203958030510400402800006003028640706459080204000097
800001230360050970029734001700020083903147506102800090095300740007400002408572609
003900210206108000701452000004563082612800070008210600809720401107304500035601720
948631502000080004501007309609023105430510068100800003810006050790052806200308091
102703500000450108009100000501800970024607310397041206940070031730010000210384697
090026048103048560408700900806409032019000006004612809080064013030071290741090005
036200589405068007080035001054017026002000073709342100078059310520680700001003860
027001690900806704064072500040008000198064075070105438052403060030059047480007302
090260000560041982207900604056409320020800405041032006000098053932154800680000049
015027409002063005003154028021040390064090751070605284200479013048031000000080040
007280139009065020182030600004502306520008070076041052465800000790406513000709804
200000890087900106904006002730021065501067000628500300870210643063058070490673001
005070000000005709000614258540000300682193547173048090820056473006481020050700810
600375100001020056452600309847130560000007030390280740014560200073001690060702403
000030500139045070260071438910508027003097004870004609001056900096183002308000165
804007213000802659092010400500028147000104390007309062470030080385400021020780530
160879340548632019937004026016000502205013068400000900000090653320460107001080000
140723050320801040800000231780235106600000300950086470030014700071398564096000010
980100023470039050010850609600401530304002870120370004800504397530700400740063200
000150406412700000057034291540020100000019520720000009074360010283941760005078934
075004020090200457140587600006900540980035700054078103060102005508069304410003270
200940736600730582073000090836109007140003600952400010029017068000320040308094205
005002030807500120620738409000920700964075200502040693046209018200603070103007902
004050070006127050175030826590001034400003100710849502851096003040385617007000080
980070105102390004700085029097630502200800006608209340070520060021064703504003098
200509008418070950006480327082004570000000830154830209040052080760008090823900715
600981000049000083805023697400805209008047006351600740196270300030010060080064971
000826035503104708098705014752900080800260457046587201607000000900018572005009000
309056120105700049020103800200605403093810750504900600041589036802300004030007018
072600004590720360006930720020009007830240009905017243740502806210060005009108402
105890030060340519903001600214508096050019720007020050420905801581760040000004260
710025306090740050032080740150090204060070031407531008040309800971852060006000925
014003007900407350307901084051076400073000620008524013709830046040000530130642009
108050003000903100736210859900802061300100085861075040600508204502001600403720508
697038540520947060483506710800079035056010407000200901000094000070682054340750000
003021409050000200004763008500390001390684725600152394000470032417030050230010840
025039001003000987690148300034086070560407800008090146040501008701920035052060704
726005098040609001900027065307040580402750600500062740204083006003094027150200830
084091730200500100310470205801025047605807000070040518708064950100300400490750801
008200094230546800407090025195604738800103060006080040700809210560031087081060400
010004508085210060400098070531000000829340751000851030008165007150400683290783005
023900401068401730900073006017065090000210560695700103156830902000050308802104070
068004150005091730013870002072008013001937205089500070056000300230150807100283504
140723050320801040800000231780235106600000300950086470030014700071398564096000010
508904102030007084900013506417205803800100000625700490204000008309651207000482059
106504908902306400400010207010057640005401070647090501760040082001030700530782190
018270000500003702072809135103708600986400270000906508001590040035080901460302807
034600850800351046056400001365102089900060004002980105608005403003890072740036008
070010300820075496530690002208049603450703080007001045700000004600134800143027569
041653078080700069036200500608072014397005002000960703460020835010006097503894000
840060300003287604260004180010032040504000201702149063908013070006008915420790030
021080305706134208008020006005702140200048050674050803507010932103295084800070000
892640015070580400004001670207054960940800701006730002408300007030206084120078036
031500482094380005085000900460100809010040376058076201846031500009750030573608000
003010089010294530259030007931028750602400800504000002008000325095080601126045970
900010607700908020403627805326750018150002900000361570509000106230100754041000209
072009003048537610500400709260003078004070021780952060000305000820796145659000807
750600490920507006006039750207014600500800104048360920804093561010780240602400000
806102000147500089503807460039050008071084502408023006705318000300069870080470003
012500060046170258050062009809210074160840900020700086485601397001037800200900600
030098402208540130041006900150703009382054617000002050060201540403600091017409060
500092017716403200020001304001820409207904036095006100109058603304109720060300050
081076000090325080630000729402067008073400102010239500020614005540783210108000470
896700000273804650010306789000403978004270003708061520187600405302509000009100030
090030604026059387710048000075060940930020800060971502349000028000382409680704100
015080072009245300800317059000170506976503801050090720694851007000009000530760904
036501020589000017024030508200098450358246701407003600600800070072360105910000830
167020340905063008308907000200670950030452107756319820081594700000700600003280000
872605091000029600036007802741582360093400020000006704005208907209054030460010280
004907501301800009980061307000008034438019200057203108090120050012390746043700002
084091730200500100310470205801025047605807000070040518708064950100300400490750801
002030967698700300037901400203078590000103076081600040075014080310206709020590034
538000740294006000100854090301560000006140030080020001453071800810493675670285300
840956100269008004715400080054000269970245800080690470008760003601089700097000018
076003001500010003083924576807300194061005000090148760730200000000001657614579208
605000904000462500304907860092130706701084009530096000203600495100300078940508603
089304120100702809503008004070019083230005490095036200007620950608040012012580600
405900060100620390906401702740000905059748006008109403000007020672814509013090840
214653007070190230903020105807006003640009801130740052400301008001070509026005014
230709500000360271675400090083054009502100307009207085850902704307046908004800050
094070018201896400658413207540009870006005002012080006067050389825001060030060005
240900000000324017000061900030215708005009236928630150002450679700006320560092480
590010673406700205207305004005000302604000900020986007801230706002050039359674108
200173049673040018100005030018030900060801473904062100020050896857010320006428000
270008316400367829000020540504601000097004165102035000046010700023570091010902630
305018040000623080208050931083006204540809160700040008000064003604082570027095416
020000957309270000056918034000704609604002100973860540035406090098000305007359408
408023601076005028050000370810000569630580047020409013940356702700012095080970000
706103052038564719001000000089400070007810360160075908072041586690300027010620000
008004030701059000046738021304925078157843269900070000005090800023501490610080002
620870349030009807970240000217064938300701200040030700704008501080096002102450083
500940016193002480026815009052300704007259060961407003209004001630020947000000830
506000743013608025900340160342009817001782004008100006000097302230856470004000650
400053960015640023603800004006970405189530600700200039007300296391426058060009000
153098007020060500009102483070004308086305004041820056017240830002901005098007140
150742003340610090000389005000896070507004268861027034000901327730208409000470000
625048000904070805070000041107200458280500100000781920092610080450007692836409010
500072060970308051021090048450007813002405600067930005010020070284759036090600502
209030040473098061056421370000906030790004506005072100908000610501063920627000053
102906875387010009000027001091370602200009004508640097004703000013504726760001043
208067549090032070670080002007620800800790054423800706005210467042576003709000100
009600000526043709031705800005436000760010095200509031010360587304080926080950140
080006002670310908504920670097680015108007069006501007003049506429100700005073104
450010320023605010008203670000006400504301069369024087032150746940002801070038000
530026409000900201942051007010209700659407832020080100176034900080190604090600013
840210030902380600005900284230196578000040300687500400108002090450870120009601805
730200408020403657000097312008620934040059020902348765801002000203004170007000206
004001030003800294500064708002600047901703060367548920030005472205430080498070003
460100059735000010129300004082961405570003092000020063850000620207045930690218007
700380100590612700010479302300597000270030501905201030002000013830146005107920046
046000870001860524008742000410203065002590307503674200100406738670108090380000006
000034075307006902518092040200640157460010090801309004002905030004063720739020506
005837002283019000004652108100000369350000084860903010520700893436008700908021400
865137009491850637302090100056000703003060850780300260907006018514200070600900500
190674800407009651060001090900030010712490380008016940834162570600050400500700063
100027580402360070056008304908042605007900200043086097605873019091200000004010852
017460200893000400200305000032046059904051070165030040051670923670020000328090617
073400000014006035090783241020040950507931002906008073069802317000070806738069000
050080406780960000600350090000715903178490050090026007035102708420508319810039500
613580704700460893800020000300094200090000017584172630000218340068940002432000980
096200100800045703054170862009450670160937024047026000402060037000012480083004001
400009810908400020107823450090208070800006245624017030500162700006090083749300102
568200014471508900920740005890027041705904260000600809280400190630072008004800020
001293560945078100000541700324000805750302016006904073007805041093107000500409300
390764008460580731058231964030800070006900482280006050810020640600405890047000000
005420306000100900431695720080000240006280579200971683060042097140000002070806435
000600850507280349300079106030720095900153780780406031092310008850062070070005900
701040503285013460030725009300051980402690030809372046008000650500064308163000000
005020831802007650910865724504731068601502497000094015189000040000040080020900003
290780403003024760570900100407295831002410070910000200041852307800309010709000580
007001800030259701001687953002065104050008600000140000370590206029713085405006397
006009132380527006490006007200105060018600040560802913003051074649038021005200080
090600000008257014251800673509320106300076000106900327900082031807030500403560089
068004150005091730013870002072008013001937205089500070056000300230150807100283504
930005600608903207400706530540090300003604901790021805320108000100009728074560103
000003079437206001850401602540030800760020904900764305014050003070902106605017240
007050002546003009030179546000500600351060080902837415605348921003600700820700300
678051000405097000030204760384010007002003089090026453243569801000400530706038090
360019478740506900090740160900050307178034009500970601089300704007020890410007050
030260500205437008806000723408023195309500002500809030610700950004396001082050307
001090438000030702000408195230080501590001643140653209804010020020340810710800950
180050923007384050063010070001200590256400000008567142035100087410875309070020400
629307481070201690580900320250076130090002040810493062005030200040025970002040050
972300015348100006500790083480950072020876350003040908804019520607000000295400001
016902570049503600005060092098050000000708964427190380004039056502010009960480207
056041829000028630128600000600090000240856073083002496070060008805904067061207054
793650081524080967000209500006100042081020670207408100640700010010806700870500496
020704103976350400013009050590643000041002039702900004389020607204000385150000942
006020000039148765010076298002090050391600807758001609120500304983014500600780000
920713405064900080005400309801207004502680731600005800057800040030004018089321570
039000020050000796200409008085900340092170865076805910520031470041207600003504081
260050700905307862700260900302508100604100503050073409407006301020005048506481200
200030600007810500136250847360085712570003400008601300002000070800597236753102080
008009052750124803390080070507902304024050700010470029070061000005290086261800937
204650910085000670163008000002160780800300090091582400547806020010205864020910350
020500007190270506706180402305791604001600070072030015400010009017904368530802040
034000107005308000609175834086010503207853609003090002001904760700081040468030201
000150406412700000057034291540020100000019520720000009074360010283941760005078934
060309108807000635403800200300607812102000064586400970908746020630280000000593406
105809034038600950006150800580290713900700020067041009602400307009562108840007005
012003980368529407000010200006001850907250301801340700620075108100604503084100600
700000020906312475042059080804563010200000560059107034060930052003670008597080306
642700395000402000708390460203170050050034607409050103126803070900017236500020800
010249538938500020425030000000000062060095074007360951659080013000921600081600749
009050427007430906640090058180074000005801040704020861463289170000010690970040280
205006748003984500860000190630405000041628900582090604056749000910260400007001069
890420605600983100104705380000056721251879400030102098000607050500234860000008003
100030200485601937030450060392000780070590602040287300728046090010800420004910073
370105009029040710800709650060903005057060438102804900704002006005017084203490501
380041095905820060060003280570936002000208030238000619800060001650109328709302050
000716009971052308052000047300507006069000470580649230090200814046080000025174690
090560703583700006700130902050380104408050630930607020000800000874005061065413879
100047500248095317900100006350080061014060080600713950060021075420050190091470002
000279805008056070009048032810705026070604000040020000080401503691037248435980067
005020001160874253820500400470985036500010908081006040290000600650790010010648592
541820006087560421002400580230106059160308074000002063703004900000005630956030708
580610740309570806007030200038200609426795008000060470690004027054027061200950080
230619540800320000090458002073000004402003870008002315640805900080274650725190080
600070935904006180570390004000251473300840006027039850009000010000915302063782540
300290070069400010028063500000570400914602700270041039003720905490358067650010302
724590036000780450150400020865370004000004365240015008300900007497130500006047193
830420190900007084014095060002503600061902450509080032603008000028169573005004820
140060835090001020006800900080127364760940000010356090409602003052403170031705640
600190820071405009402008170923740058000003040708560013260074501004900702017802400
600430020523078194010500080050893240840000319079210000067340001201907436030080900
600405700034079020209600458802500006960304072007160980083206190090010260120903800
007050060280900137064137080028010003030800214041329005006502041170003900450690708
631247059084591030070800040100905267390620405020104090000050000060000073453789620
206904850870002300050001762480036009769508203123740080500060007002090005697120008
089025416004010050156008200470203960200870000098000703040132690912500004600790182
320061587509200004701435900840096200013570408902000603030850102100023045200600009
039400020740908000060725040000640275074203091900010364406372089083100607090006402
709258304000000200231490075650709001940501630008004520014072960026015040800003102
023009805069054302080310090301480269098726100002000008250908031906201507800030900
030090800409205006270061459004620015006007004587410063903000600800956107701043502
067095420321486070090210836246750308003000002008623094000800000102004603730502080
423098607090006032600370400864000710300451260200860009080003904130080520940725100
205006748003984500860000190630405000041628900582090604056749000910260400007001069
006920004980405017140003906803610540070804001401009078000508102217000080098142760
080403005040270036379050140067100000230095614050306078026940307700000400810537209
800010750061075008207480610000030876108692000436050102600300587513708024080520000
160309000079102006200070918090000000018423769630701280087014050300050070451630892
070001032009470806264350009942003061050009300006514207083025670605100903090830005
084000607901763200002048035208607459009005060506019800693004120000806000027091546
009046050506020904408109720357084260900512870200000090640800017005437000870060549
300800000481200795205010004900578300000060500658301947519702063706003258802605000
105627090200903154089015027020100830008700916013056742800261500700008000000304209
290780403003024760570900100407295831002410070910000200041852307800309010709000580
950030200400002009203946518065310020034297085700000401080160700607029103501400802
073089402081604730040732000009540006738920000654300290092070004005400920007291580
675004000100005004000761305000183950961050400000009217517938042209016073386400090
130062400005093600020078300360800154200000830081046792052617900013980040079030560
080624073206095410493701005900256840528010706001870092000007650060508000704160000
027830906008010300301904082730006008046201035080043609870109260050000800019328057
400980100018030000039106847027304908060500021050810763601093070390048006002651009
500607324070094010030580096040700200700960480000248003397820000400009832812403967
370846010041302987000000403003780029400069300096031040204910000080625130105470092
001780003056403091097005480040016000018507034630040157060230078980070310073908200
026513004081070036004090710450020100070340609069701405205037908000150240847002050
509060820080250040260089035005673402074900010023004067700032090030090270192706350
042053100006008320308720640090180573103007009605930800000064701401005080867390402
090640357040500106006000089030080241120396875085000603007104902910037060453060700
900200045354086002021000003010048326039051780468070050703400008605109407102807060
030045070072968000564732108301000050000057081720090360056200003013400509297510046
905800462600072100201094080027400093004928005059007820002789350090100078783050001
907000018308259004400801209003520047092107680870300005005910806080405090639080401
590400000401530907038070104046005291070000840825104703704906312902300006010000579
726400015014506020380000490050170800070690203260350007608210074502007680140800902
100305074405008902280064030090007508002801300648502091576089410003070000020150687
200653140846200503100004007005719486610300720907002000762008031400037002500026804
500870903719000026040002175275910060060308710830026594600280000080465000402039007
369012070020000109000005320795340200281907050034521807946080005803059602100400900
100900003208730910059206084970000032502347060600092405801069357705803600006001090
437060890000340006560097402004052170305908260610700080200470300740080529108520007
054270003012050090709381000503192086000840000281706940100060032036420018028013009
502600017801320056003019040410000208078235104006084700300002501054070020607951480
015249000047800201800001354501008467700560020260097030002400080980012506056903702
974025006100490502005300104836004019700010308400832050390060405001950703068740900
052036000031790420700004361025309004047205106800010059584902003000650840076800092
201600530008021400069430120300290005025080040804706392402009050107042060090510284
369012070020000109000005320795340200281907050034521807946080005803059602100400900
000307800063000029098012075300801004089053210000000538031945762524170080006230051
008501007604092008107006429016300200280410530003069801390684710000020680862003900
219050306500130200873462500098300054004006972600594030030981760001670003060003009
074290530690305412200400000940028756010007004750049300467802100020063840080700260
170400003005002600046837951800015097064320005501040036930260540650900312400503000
021405609384602005500701800158007006007908050209000180940806520015000908802159300
004601782680040019002050643873000120926000035501200900730500060210406350060038207
002040015005008630163000089918460270006230000034090561027504096481600357000003820
319500072004900510507230946800403007003102694600095028000029005006304081035800069
023056791706009580159307460218645370000000025097103000070832050000060000460791030
500067001001002708749081630456173209803204516000000000960000007087406195010739004
021609534000050002580002010158300296432905180090001050305094008000530041809016305
009400306370195004480002970003900060108036740504078103845700601000040850610853009
074036150081050070500470380400019823203080600160240700009007010002560037735190204
300658204080723100506040300008910700709006000005874609403060902690080537050392406
000402630045069127629037040067300085500000096090685700908200401056910802700540900
000820590708000006040657310800001940104032065605090700582009070903275000401386259
001080600678004901003167240254000703080045120300278090062400075049806310030702009
078400913100302500043910006350079000080253107019000325400701800930806451820004060
000740001201690054340015090057000063000050007934867015705031400089070032013082579
007400806802306910106852037001007600008530091020010700310068502679005004085743100
609000070002040139400071006081020307790150600060793508907315064008067021046000753
061008407430072109007401030879046020010205904040100380720600003100020005305714692
000510090584692037210000608007041026045000001102785309021806905053007060600904210
590100284820400000070289305000900600369508070085047932032004510050001023608352009
094100600350240910006095204740823560000010420521004700400609002905302840670001095
160070090975030240000915078590760800080049003640001759016304080359608407000007530
003490678169803200048256309010087493004019000930500007080104005090030006320908740
601025403520341080400000150000090020205867009938002746104000075807516200300074860
501024069000180040348679520000730095000951670709000103187092006005003712260400050
052010308000853410831040600009180240070509801185300900010498023003200080728005094
090210400538004260040630570005002010073580604901470850700056008059040120310029045
090102508106005740705403900510239670609004305030050800947008156800607000002501407
703010568800650000659872000500000610146705800298060030081506072900087400405201306
900320180051800062268015734892000007040007001010609003720100540109540070435068009
809502600062304095010070380054801970608740500900030804206108730083200061007063050
500038420800204059740009081437002105908341002026070834090007500005100040674500908
020093500975624108030000609219730405004002807600059010503280701840007000700905283
046300280512000000000900540403020008068090473179830025820679030704500862601240700
950320140806947020300000690078419536005008010034600080703200401061870052500160800
109700052208900047407250030005400028820160070794080310900370065006821490302005700
354096781000080400097043002009800104700064050423705806902658300000300045635070920
050794010041800390609001047004000020570940063093167085837009050906320070000608931
625038970009200005040095302987020030150067009000019587498601053000083640016002090
004007002900832174702509000690400701000706349040090006201974605070065000450183927
070002340504900100013745096006403200730090018045820603308204761607000000050367902
006284091158379426290105730000000157460000302030007600709000010600490273000712960
060001800008964010914007362000003670670100500153786420080030250726410903090078040
420390700370810602060002590004900170793401208010087009108070324602530010007024060
020030905300740086780500010270000040408275093905483721007954860006012050002060130
063020800054170930980064200048009612592706003010402095605801009030007164420000500
000040890070821364340965001000400006001586403400009250702014000094253080603790142
705000821600720035030405709569804217070050980018000540100003602307089100006200378
000321060031600092006080010402800005680100749510493028075214086008965301009700004
063070402804301006100042098070105800300824701581000230615003907700410605040706100
641390580000410367370008000004706921950200006206083040165030000000605418420109603
700530108000200000130000057070469530361052749000170800010600400624081075853794206
910346072204050390080070050790063021106005980030089600460518030350000008800630415
503807904072090003001053820239704001010900002006102439390516008085040370020300095
054032090370009015800754006145027683798006500000518940980000050500083160400600072
000601059093450016165090030300078020502160384806003900037900068950710240600084007
316700008070608140040390056085006400003840670760013509098430205250089304030060800
050002038800540709143908020600004085534800000200657143405300290902015000001409857
103078605056020809072005304960013057705902130001000900600030792000167083307009501
209571680007600001016080079102006030760819054800200160600050300420160095930420810
010706500567300841009085020604903012102408005300001408740819050056030104001060903
564098730200170064001006800000010678800650003710809045029083506187504000650920080
078543062032060080400800093003175006860000570015406309001930054540210600320600910
471020356635000092000630000196070045007019630080502179012704960563000084000080501
000003050580972413937501006700000040009780300308016000293108760075600092804297035
081076000090325080630000729402067008073400102010239500020614005540783210108000470
406500010950400820008291064073900080805710346004036070540070038000058400189320057
602038100400910867910006003007049302289367510040000090750600008806073005300205671
104090005537004098298305604700069830026003007000047910012006459609001003405930060
780093650040000003930108740010002035809010200273680094500009360060037510307561420
987102035100500698060039000510408060804316057300000801638200970040790500050680120
410058006200009740906043250040831072700900804158002003091006020804500139300194005
407650890006009700290810460070230104104970020602100970820004630503701009040360580
708529340004700600015006208689050704003074090001690820032040067506080012040265003
005000490030040760600003128387020610010076032460081900040895370073200586051607200
130086000076240801040715906507460018081530204000821005769002003850000009400098560
015003700607058031300000405506091800032086109001072056059004602104025903083610007
091080054600351800503900017060709102930012060410060903150203786020100400740506030
006805409905120806003006000600273048800619002307580001438701905560092003002308004
072045080004300070309201465206050004700120530910063028860900057400500093503782001
040865007005201004186000290590140702600008050728530601251680400030002576067000028
090310804123009005040025103000890040950200368487036002205068439074050200030140006
004690038936008045020540600008120953250960000109300062741056329000070006085230100
295700000081300970003850040042090008936007020008003196014572360600008410309461057
840502390000400000903618405400985000306020508108004902005209800639807214284006700
200030600007810500136250847360085712570003400008601300002000070800597236753102080
601400380800630107230710040028901570147200890000803400003100700906087210702560930
009001300301690852405830100013250480940180023002900001104708005730025918020010060
064918502000070010271500309408000093097403861600189000002605008046031925085040100
504000672026470019070628000060050290745206108200830700198560027407080050000047081
031708090008000731097153004069340520000079060753006049970810300206900400080460912
530070049900534207140900008000005104715342096460007500070453962290001000650080031
500400030429500081300892470850009320010036807036058900680014702102007040003920160
305010046000052301261438007100860734050007810730190002003006008819043000506981003
001963702023007800507008049010704680039500020078201504100305078382609010700002906
900400076702005310041637080609210758005300109410058000000503800278100435350780600
509040600742986530801000000413005806695008702000409300920870050380051279107003060
320014005091280634060050800473098006080076040005400978936040050050031469007960200
206904850810005400050002369470019002925807104681420070300040008007090006198250003
891726430000000079006039000120643790000075010003090506018007904950260387637900052
208093400010050900307420685803940510900506837560007000130000709405170360700365008
503091700084570210019802400000300802407089050008705043000904160040027598901658020
104090006005021907907530042800014025002300070651082490200600034730048510049170008
053706481018000500400158700507602903100573860046000200634890072005304690800060040
001062050602080071890105062000003800346028190920540036260900580083257009010800240
000960001090380705603175400807600042340520608006000913730050890002800350985407120
051730409023590060009001057306002940000407602284309010002670190490013500160005280
401002038803647090006010407685321000040058003009760815390000520502089070704005901
967140300000726809200395640603001002405907060109060704030610008546809201000570006
780903005002805400059007086020756934397002500564009000003570002000201098278604103
304095706206107048000008932841063007002804000530020684020300000713580400065012870
900800070078069002160027985295730614000100090301690008406503820709200560800016040
408030769096004300300962080083009005040508603560270094730891500604307910800000230
678051000405097000030204760384010007002003089090026453243569801000400530706038090
098054600600021580013070409082400030100800702304215960865140207030700850020580300
350010208001327095260050040800471569194500007600200030036702010700900306908130052
700280063308709001102040087000008010936107850081530790610075009003000070027693145
000936150591000600380501940000068429964020800708410030615290080800604091009100760
798640015350017080000800027006429073109070560403500800230180750907254030800000240
180540000509008342007092085704901528000070000256380091003106009695807200020050637
061870203700090500408203760000006910249187035130020070000300120872041350310702800
901008020507260300080057416030172900756300100009006734370600040810740009600015273
040201500907004261215309748050700000826915300704620180402097850370580006000400000
239067005140080672078010349400150807000309200010008954760800421820670503000001060
091547382740000001305120600400275013008931740070000205016800437000706500020304109
200710530410050080035408102321080705000570300750102098062047809900060210508920060
046005003130004607005361904510680090090402800280100365400010700370040016950736208
001702950795360002008100460180076005030010600076039128813057290040023581050040000
300056000045130209096200538053781006900024051460000802029305107004870600037010980
300406050261370409400009206980050071046813092030700600029001004013047820500260013
120780500598060020400100090864093100200847306375210980901078230600005407700020009
009568130002001509516030008003250981940010005025380400037090010850027603090043207
695100087000806190081290006013900502907041300050720910034670029200010605069480030
009010708081900460064387002052871000073500801100003576807009135300720090940035080
100300890806940052079120004005803700490206380307050209650700010718500420000614570
003080702624750903070203010045802060001500874068304005302467100407020609100008027
085000003400300520000400010234070905078295364056843170740902001001006497069710200
038005200006213780027060093009326400480000620650908017000439871874000006390607002
080400300327901540005730980091500000508097034003802195030608400854019063002004059
370280546659410000000053071193004005040000030720531000964020710237100050008096423
036001049089045016020960500072638100310000004060074823690000058800357000207890431
726058104400607200005090806930700002047020605002841709200009360109230007603104920
008039005901570680507040901756408003083901057000050806079210060460005710010097302
000500740050900000000208305580000430760035800394020106145709623073152084800360571
008050091023480576590076000081030964050697800309800700007500009006728140845010620
002305407430070201057021863820056100301094600509030048000680504005013986018040000
008596004109007020047020369680019503004050290905203080070080150006075030251360908
034900870501807090809002501020058014010000705400360928103429657600573009700000203
518290060000301750703500021300470205007000309451932600234708106070040500090603870
000809740670103058598004003080490500740508601015700304439000860000046020201985407
420100036370600190600394200280730960097068300060001408730216840802070000006003752
057098603609205041310740509900514068140009307506003104090060015005901002000050076
670001509100050067905070402009008700016097280820600195080060324094030678063700051
006805409401920603005001000900316085600592007503780006752103908160058004004609001
200010570087420090100007002604231705508700019031098064873004006910072438000100950
000080246416205030208604100750800000604971523090500807003002601065310070120068350
302008561040510000059206308030000406601784235028065000063421800280000193700039020
002100000030687902690254708009305804008040290247060051816070043924036100070410000
050000007080720654967514003800470000105860479076030805700300048640007502503248060
000603170010570038307840052030900780086437091709000345942350010070010400163004500
930750006016804500705631080400079600300506012561003700023047800094210060107060024
470531609200900150910020700103408206687200040000076083804719362300805000760000810
000400600457060002620571348914350706000026001502040830308005204140239007070080903
382500614000021700704830020970010000045069371030740806007080109493172508060900040
089205030005801670013400052560309027900002061230670500006720905092008740850906010
090050020470160890680207013043009076509041008200306049120030004030005960054672380
103068749609030102070190600060280401301005820280000500530000010012859004896314200
305008090780560043090130805450000060170025309020786104804390510030801006210007408
365280704700590201010006800401057038000600105657108002893705420106329587000000000
790630258800020469006000000264093805050280630000065027049002183500308790378000540
860594203370000405004702080015023946240960050009070800523080064080200530090357008
003079500248301967090040010130586004950030086007004302006017039379400021080023005
001706489060049030200381000308005004650438907074690350013064570000913000400250190
000013090003070806809520470706201300038790641941030057190400038674000120380007004
047950001098001704516000203900035040705040128062178030009504000053026400120803570
001745980005926100006001450150692004074150009902074001020500603368209040010460200
600981000049000083805023697400805209008047006351600740196270300030010060080064971
807429506090500200320070098049607820600052047201004600004005060753200084060348015
000400590249068013510079800925036008063900120000850609600704051401605087750200900
050698400080007530764030180947021305500043718800700000000079254472006003305204070
900200307304670180670083009702460900050900800093720654200010400869047021040890706
820700930004050070037128540042089003309002180008301609096035807200806400081090302
010075008005814006678000541892540013100308400050900087940102730501030890003059060
010500204400203010298601703561080000000306580803025961020864300084900125730100006
062800000035007692007296308290300705300024081170085006000402160741008520023510004
700205490450170003902384500603702000041893050870640230100520364067008010300000085
132705096080019007700300102840602000500874019970000428208003064400120900307408201
005701000070493250003852967004000829738109506500640073450380710087000095260000400
071080592020590006504026001902000007316905084000642019039108405400259003065000908
085600290100800006204005000903008120812009000607142938538091462491006780700000510
743201680000805034065030010204906057070354200509000306450600100020109078980502063
000072061802910007147063005079008102080000034020057609000609413230780096906504078
170009045893540600000130970010470590050610480748003060400095826267384000005000704
502000000080093670700845009000681004958432167001700080315920046009000823800374501
084290507500300006306085029790004052010509600065708301900140065250903740607050010
301080250050326100208400037506030000082090563030562410640973020109200346800040700
895060030021300807360008500002097600970406258680030710100520906709680120000970305
020840371360710280107029000930068540600073920008090103800050400400007812091600735
040520800900086401080340060271600980408902016009015042315008000862457000704003508
630902010040071693710300008007103824060027900123080006072608059050700102081035060
038002406590600020020531078700305210080010060315206780403807190050009007870150042
001800069080609051693450800900310270720060080038502604456090708000740500370105046
001037600508204139603100004800700293030809500957603040315478062000500007709002058
