500306049409051600076400520105704360700063950032080100200039006800647095964000780
867500400105684307004201500001090785030068210078005600053846102400000053782050006
004209070562007010007035280000006001640002098009178040300081467076504839400763052
706508031091702406020004090100903600350000809062815340630200104209480003400306980
700521008038407195501000200104902080003005720027603901670090012009206003310708609
031500482094380005085000900460100809010040376058076201846031500009750030573608000
407650890006009700290810460070230104104970020602100970820004630503701009040360580
010004508064570030900021040358000000296150384000386020003265009520400613680713002
050789063030102890890035040500397216000500974072401008409800530607050001000270680
900427056286050340700030900500000104307940025069215700694302001000600270802590460
706201935000907426000000718030500840682004090401090602163009007204168000500372064
670954301039010067010300002207030000104789036800006175080643529320500700940800010
040900612506027934009046587123090806970060050065008000301070060092680340084012000
260057019508900070009480305305000040602034751800561900400198230900703080783000094
070960082030802054682045937290504800841600300053281000408019000360400010000306240
900080204600710390814230050000090803189070465340865000050140906700603041461900002
040201500907004261215309748050700000826915300704620180402097850370580006000400000
508300462700250003340860009930046070460020530001073094073609005150000086600415320
071984302305007098200030004834059001007400586500108040000700809489310600063890015
302008561040510000059206308030000406601784235028065000063421800280000193700039020
058140230100807900927060080710090052239501040485076009004012003302954000500708020
008900102250701008790260043473190820015403709000800030040082017680317050107000280
017490230094650187053200694500071029780349016030000000000184900020006001178005063
004601782680040019002050643873000120926000035501200900730500060210406350060038207
100604783698200100070051020700965238035100400026300007203019054560082090009006072
207065040100070530045901762000030495903040200000192803430029657000400081580013904
240380910076095300030007605910853260302070000004009731451062000700030126600708450
070390820803057000409008637200439510148700092090800006002903160736001089004280700
217369840050010600040008730000030208105842970832005010601703084704106390003200060
000700069390008750670051203000000907032167000785000016007019500850036172403572698
094000006703506900106800003867341529240600007019050468058473000002010075071205004
582030604700050000906742508010086945804010062090420780300594027100003050405061030
003000460009048300841637502917056000408001607000072819004905726782164900500000004
070240060310506090605070328050008132204031600190025040030012086420360905061800200
005040178009027400734018090090284510570069000240000986013000829952831700000402001
074100502095062314600054000013426850208500036009030001430010007007040095950678140
400503100860400900032096754017068032040200000320740695680050047790002016200674009
900700364160000802004062190802591000309074520070308040286050039053409000091030785
036400012014823560020001004070500090601382050085009623203058006150060238900037100
003790060047630502890020703059003200380260157010804030400010906031080470068547020
120307950064080073700065001643108700000036048801400630085090300006502800097013562
450000007090457120106029504980002300600348059230500608503900712709004800001275400
492316050000020610810070029584060003020703586007950100950182067201600090070400031
069023187081009050030805090175040029000951076890200010040100500018094030250086941
800005704095010080407628190013040059504001073900753010070032000350004927240809031
309720506020005173107063809900030018765189034000000005008640091206300457410050002
680030107970040032300176080800001203740082010209307860107500090098763501030900046
100007689000800501086135000394621070865370910070058463010000000532786000049510020
800409007401070503067503904000135700132006058905800130089041075710950040004300091
920300586360800007000090004142905000608071352730200491470020063003000845506143020
020503709805700000090080635958007304147639852000004090370248006600070048500901270
003025008040890200000716543368542017501900436479360002934080020000000000107209360
210703840308564021064008500182345000030870250040906310800000760020007090706152080
069014050000760091100900600010003900092076010300100506784351260625497108001680405
281050700000170823043086005809043510004507089507001400056038201300400960910702050
809257341053600700070090000090146002006083900108020650002805407500031209604902185
153900460000206070620405803010608700564000380008143250000572600275060908430090520
207004010400700903150692408070106504310009060086203107625318709000060081801007050
004007002900534786607908000540800209000406157090050003105269304060081000270345618
830050106120403080007089230010094023980006504073501009300070490700910050291305608
085000003400800120000400050738050902054293687069718430520901008001002564047580200
002698001516043879094010236450062100780035002009000403630009710100004095007150020
040198070037050401028030650710045068005600910690810700079301502063002107050079030
190040806745009032086315009804100090530096210900500003072630005600200074050974620
045978031701630258600002009070401503020350004500200076019020060050106807067805012
023045906010006032406920010509071008060050301140038205000007100674002059091564703
501047306200631570703000400007890102915370000020400937038200705670154803400700001
078001420600482050420000013040763180700005204165208097250000670090100502307526008
600057231803900054002140000745630002060271040080490300420319600930500407058004920
096200100400076908081950726003540670970621084064037000507090063000065410049008007
005168097980702600106000250007405132502071000810020970061034009208006703050017480
403095062500010093291003805000000786638100024002600000056204309019536048320900650
625048000901020405040000082508300217230800600000256890092680070350001928817902040
820390006306800794500760200048016057005000940901547008079080030450003009100659472
478501600023080000059247813807009300306000978095308164900050030701004095502700001
700600008309502170016000002695030000800076430400085260278460903064009027903720614
450000007062701549090645008020010400503079062014802790801500924070030001940128300
073400000014006035090783241020040950507931002906008073069802317000070806738069000
231850094080004013050903020017200305000740089945380060500476031163090072400002050
200600507390517064650002090703904600902000340004361072006240710429003006100890420
850041026460020500100609840908105730035070910200403005080236109516080073300007060
208504361005020070940670002094000803507239106300048005050917204013000900420305607
800029410739410080020080079540031008200006941061802007300100060475068102010094035
602007804018632007007080210865203900070091025900060048086904003200008460049306180
030270004400000000010406283308124795125093000947080000670002851000307409204510376
370846010065201983000000604007430052500027300031065040906780000020314560103650027
019003025500109807072605003048006510160250009300801706003007650486502001001908034
594100600381060725007000000079200501000091200105807060016080392032619807008723410
003045000478006510900702463090654130056200940034800020509008076301060090007329850
930001500501420603007530140605708031018200970002190800820350719100900080079012005
605070023094260100007140980500002600043086290026701540380950700050028314062010800
095006200042089510030250049403568020001000460026043085580007302069835100007900806
060020081403708009920630057005400002274310590030082740841200000000160874706049210
794280061321647900680000000503010609008379200000800013256000804407920500809500127
508306200900500318413090650157804936360005020000060475030409062002000580801602040
500190208120005400096302510659083001740010386000760050480031025035608170001050800
867145003020806017100000068089000040350470029002619830000304900730902184294001300
054167900290584173000290405012809004037010080009320701040002807000940310000031546
980100023470039050010850609600401530304002870120370004800504397530700400740063200
260100054000402300481053902140905000029360745300008609574806103902700000000019427
037596008006000005800007961028075006469018000071020803704850602290100004683040519
007009160105807923049360070726900340084603790013020586658090000002508000300006250
034071020800002079207380046740008530300004000610253794072030401400815267086400000
610000000024035901008760045800020704073090100200106030387000612450617300106382457
020405006805206947106300020200003709057008260093527080060004802002031004984702015
043908056025130080800050302080019070710003529390605040430700065208300097900584030
790054028064072590008010700037001480025480900001530207070025819300700050589140070
005340820900518460004009050069084012040200086238006574150930048473860005000000031
080009053500306247060500918002803009010005324609124000370250490100400030945031702
001860590798005100005000478050090710410658903009040005160300050982514000573006241
056908104007540098890200600903420507005090400402680930720804360000102840548060700
604109000001500943790403026347912080000040230820030710460007050058264390070800460
007009160105807923049360070726900340084603790013020586658090000002508000300006250
300650009519002003070309584000500130123006470054123090001060007960430021205091340
025030006007509042603021580730906050108750209900002073070008000560294738309070021
020000085089523076510680020130260049008700002760340051370800000054192367200007018
589016000630020000002500000064035009320791605195680273840157930000000487903042100
500002400409086015206105307642039108007400003050620970130090802020060701708213500
002180006073906280098072010716095003005304007030001008809610530500239040001548069
800045601000086750506009003685000070042010005071008000063852917210794530059630208
007089100648100090090340768070800020081052076209704013925478601010500204800001050
605182003100040608740090250500004006207650930036920105000069810861073049950400060
000052306070001008032009754040093020268410509090500841056934102917260003300008900
237104006400800703856200014765309148300001000120780300078003250012078039540000800
730000001006742308480309607241630700057020463000074200003007094094083506078490100
903000008067183904040906201156007849300490065004608000080704090079325080501000427
034967050010053670005481000046500203987326005520109067460015009000834020000690700
006013902230469801018000600824075063000600008670304509100540007097100285580702010
091005040006280310240907068402030105100408073307102080028040601030671820604020007
105234780300001050480006130009608503003900040614370890001507408578020900040109370
065090021400560038809204070506030107090150804084076200601709082240680010008020605
001800069080609051693450800900310270720060080038502604456090708000740500370105046
320014005091280634060050800473098006080076040005400978936040050050031469007960200
634578102500000000710290064365907401000321856200460037040006370050040010876100005
263000748700034600009672030810295460005008900092300850134580009570020016000710084
200903010810004075065081420400307251701400000920810064600002507008509600572640103
400003001802504307350607024017049008520100409080306170105700080700901245096480010
049100008083000419156489007004070092900302870800005060607230140401006783538700900
070805300580610724120034060000160932000490010001500480347080059900350608800941073
000008623568270409203160000930400002080920735025701900074652300156090004000010576
000791065167805000290000178002050001450130829901206040703042900640018002500600413
304950007018076593090080600870029054400537108605108070703005019000803705000094806
000600053605318900319400087024500098093720500060901402400030879900107060736890040
501030080604200971800914005000060049908002750467598300100420567749053020050800090
051604900024019800790825041047908003038001597065270418002300060070006204613000000
108090736020043050506780200001006807600024000392108564260000070900367482073410005
006070349005060870078020000040010560752083914610450203591000600004136090007095421
609405730001380006043009015964001058005940600007560094076154280150006400090700061
900273504700054916008019007647091003830426009295030460000060008080300602002980140
100305074405008902280064030090007508002801300648502091576089410003070000020150687
060204700720091086801300420050000014210946800049810072406120537130400000002053108
359401007400700853700350010000000700573024106240179380030207560610000000920568431
001008645007300100600100370000560297050942801962001450005600000876000912410287536
306710589704030020008026700063408157070050004410602300032109006980007035040503910
690020004080901673034056090460508012810030400007014085200060130048109020056280940
153900460000206070620405803010608700564000380008143250000572600275060908430090520
000410908196050040804092503450036180280040300003570420061009204740005800008124075
601042009083900014009015620926403107000260890830500002702058000068700240300024781
005210060207080539640750010400890170150007000370140658081604025930520700060070301
004900006029006840863700002000000284906508731380007059007295008201863470600170920
001300600063185049250476308002060083080204096000908100020607004310002760008543921
050010700971203460020590108013078654800302000507600203109004520042030019700129040
621780004374605109050014000165002470000071603800040010080103020712450396090067800
987146350065082719000700608000079160090601800170028934000804201850200090042010080
007840100100900002540310769790600250436005010080001306072084601009123400814060503
249000500830200040716409320981003000503190680074082000307800060460935071092040830
308000016160953000005806793004508060750090830083760059670001945040025300031079002
149002580000030904060804271007500819006300005010720436251000300694200150730450602
470530000100472060509108003205804397007906001090007054000691008018243076630005209
830020540040305700020470030381064079004200015295010064002100400000602193413059082
030064105165827349042000068600040582380200091251009000500490803400310056890006000
048007200000800730061009048073214895002960400400035620056003082090086350830092107
829043100403071508000060032500087010070100084148390025907058041600010300051930806
006840297097306005024007003015060708609718500008030019073680901960570820500004070
005003620209406030360920540070300480534890002080740190450019306000530210123080050
021405609384602005500701800158007006007908050209000180940806520015000908802159300
601400380800630107230710040028901570147200890000803400003100700906087210702560930
060010504710052803003860920896170000425090610007605409004781236070030040080240090
082613970030200560190700030000580310763009052805360090270030080600901043041870620
100000439970103080204859007027910563403080000600027801040508006781006304500430028
000087460000263950260400000900328746740619500000574009300890170090745003507132600
025079031000061902193080006200694005364050190050010604030540019502036040840100560
160002350004009800230680010005070028972801003010006970091037080307508091086190237
078900026602087001100360058013456970050000040420709015089005107040670009760103084
769203584000500090205078010007081960108029070490050820874100250050702040010045037
059007006082490701001052809074005012003920460096041003900104605430006098160089300
960700501050000407720015080247068309639140870180009264070600000508421000306050042
701908000062170804084206107426387905000400600058000002640701520800092400015060379
024908570805300094319040006500070081700863002000109367967005010250681740148000000
001359000956470301740020908675942080004600070038005609510034290062097004000060730
069023187081009050030805090175040029000951076890200010040100500018094030250086941
043628000705103264200000830002356040539280076060000023008015307301062480407800600
500002741723410005080750200050607020340500010209043587070061350910804000608005194
042891050109437082083600100090056000000082074021009000368014095275960031910503000
090870206278000401000300907762043895140258700583907104000080300900025600806701500
345600108289100005700859043000000000810704029504021006607010054003065701108497360
304860250085074091001200030000500080173980420850430109600045912419003000007108046
746000201508173000100006007075002108091087600602450973000804396814030002963720000
143006509200048001060501470005169800689200147001004005002007936096312004034005200
862090500400061870050420639100650703900000050000902004680035017370806425010709386
093760280004003506076280003600392840018400050042100069760039020200600135035820090
680035017301009000750086340908721000027903680003560200106002004870000100294317560
001043087400179205957000100806405312310080000002031048603054720009027056705800003
007060000501804702064073581040318200080007630793500014070430050450001326310650040
012070398000309050398502060030740906680090500049605073403050080906834025001007409
810500406590020300004671980000960032652300040370042560140253097023000050060804210
218300509374509800905418207000285190000031082020004350000003470046050000593147020
650723801000090005134860027900070200071206480000910753000080104408607090523009678
006040095805902600910058720004237160261090030300060208007006042430710080058023970
300650009519002003070309584000500130123006470054123090001060007960430021205091340
390801057805300019106095400000050094030076020902408000203007941519604702700120063
260054000407320186300107004570401608800972041140005370705246000024000867003000405
760040308148000957350701460600920004014056070093174600020837091001092700000410800
000960001090380705603175400807600042340520608006000913730050890002800350985407120
020100046540300000901246875004037108073901600052004730089763512260010900005800400
904032700672580409135409806548003000026004001001700542813090000000810290069307008
400027036203680409650003070100508094029700100580910063830051047010309608940070020
200710530410050080035408102321080705000570300750102098062047809900060210508920060
050000072600513090398420051080054020045076010903200547406000180800135064510048700
106908023530400971200531004023000108000814007780090045812643009070100380300007406
207801409060230057054009001085006100316400098000518630103005080040680013608120905
004053029570491380930000001708060003010807092309204508051079264043080010007102005
005380040002045893843900020400036712750009006036401050080200001520160309309708064
892354700310670409460009080174500863520003040609480502000800004001930258006040007
087001596530602010100089002861004050005907680090850024658003047900405000004708265
050609000000501240920430610084760020039040000276000053312890507690372004847006092
080390142061004000394002705146080003502000000009271054017009500908530016450108927
010002040000100203058300600040506702582713060037009051794861325125900480000045100
001072560000040001060350000010520970097068423080039615356200804079083256802000107
950410820037002000020705643045806702070000305093157400300908006702500034509304081
007038050501006740093710006009500200020009015056172498035260100610807534000001682
700168524050000800648032100006451390417090058300800400500089740063710000074600931
857000002031027849020100050500930086380745001910006073165800900290310760740650000
456283000710069003239157406060025700925706800000890000093078200080500009540012308
180092400093580710502617309010403000204900163300260005005000670401730008009045231
108062904350087621460050078000270160216543009703800502045708006000004005801020007
900024310310985602080100795640097003800402001072300000428073050000001836103050427
068203109004060300739004620090700063072000904803946201317852406906430010005600000
700390605504006001063000082658070309001603007030010864825130006310507298400260100
906004208841079003023500409078001090402900107500720364090032006030107005007645930
020130980639800010005490320462058091903204060000060034018700602597620040000083079
942730610005810300300600057094072501500008000807501294006940825403207109280006000
010249538938500020425030000000000062060095074007360951659080013000921600081600749
602000005000106000071952400007540600160329857953680020708090501540800279210005308
020570980007910254159800000316090040005160300090430168000740000074350816531080097
398000070006080540410762980203000065080654000057030019060329754530470190000810630
300018002009040016165903408050080601241306890008102700902004187407230500500807003
030010090097000153150320400020070638006000971780936524002647305800050049070800216
600890705257001984040750000700045803804070012025180400182467300060500170003900240
082070316000006072010000450436217005070908160800645720109750008500800097728469000
810205974090800000270013056001000089389172400700089203130690547050004301940350000
576401003002905008189000045005004037800706504420300016003810459004679380000043760
000037045000000706470650001017006908056008034948300607704023009835160472192800500
756930280080005091030408070260790405190050038300810700010002907629040053004389060
796003145034006902002074003320768419080500320400302006008405090150600204043200050
103029654004385009905000080098006507506073942030504000060040015750600400049158720
709258304000000200231490075650709001940501630008004520014072960026015040800003102
034062501006803002082594607258601740309408006060050308003100074000386020020047003
004070810060190320123006705980524073400630108035000900049307501700850009308001260
100907268060005010928640007807300409019408300006702051301000702500079643670283000
800001230360050970029734001700020083903147506102800090095300740007400002408572609
300405908098630542204008730900060851070080200005912470806009105509201080702056000
500017398704053000108060074319046007460028051000001063985270106000639080073000049
513000280070530900006142053859260001002719500007000329340801690790604800600007045
168030072790010634402500900501900060009725040040100200800607325206381000973050806
003700060912340080670000204790405600000037491000001075409560710036874050857912300
014936200320100790080007061960700002402809500005042179653204008240000657000568003
830700040064809037090004108000907460300645002546080370620008093957210604003590700
054200918000084005281530004035892046000300091968040020003070060020613089416008350
908035270273418090000000084096100540732046000000089726050801067001063800687004102
321507648000020930590640000009058003834700059600430027056280091980006500040075206
071204500004010609603089120400090357107850402506402000005007240340520010702108930
197800620000607001603021700731052006400098507050106003200704105516003479374000060
581037240000005073970820050205309400000008306738402190100043568350000902096251000
305087401400569003000010600084900120009021075002658009900700038043092060257836910
070438000208905047460000589500706030839002706006301820090600408652870190300059600
081632590700500403320070001570203019900050236230908000650397140840020070090040302
002307600765000439389450020006040093170509246924003581200070000598012004000035900
042700013009610240370024600060000052053281069290530070410390086007400001920170034
006805409905120806003006000600273048800619002307580001438701905560092003002308004
038506029067392001002810000680005290240169300970020605019047560024051980000980000
281590630000100052054702100428309000090010823030807940840005001065901270010603098
001205903058000000027961485079152346105004092400800000004326010003019064216000709
651074800389006005400005001930701000004908057872040916510430789090180064008050020
090018070803070201172350008086900015700003906900000742307684500650700004049531807
023070805160408709090002046050081973008795004900004081780940600230107408040026100
000000135210079000063058270050000063098610450000830001846590307032046918109083046
205907400400830762630020008800079340940380150073004800750290604024000900300148075
006020000024718596090043728002080070147500903658007102710200804289056300400870000
987100425541020003200050179300096800060040097120075046000607000010930508693582004
700029080590070621801406003002600950300017006679042108000890502056704810918005070
019040300083910560500308701370204800620800030090160275040050103052001600106482907
300162849009405071014800350500391600108600930006040007801753460403006000062004503
000004073536709208087230900109308467060000300043196800008041032310062704604070009
341876025000000073807302010408005307006910208209703004982637040100500602500008039
890420605500987200702503810000094537357812900060305028000209050400138790000006002
000001260601570830482906010270098350358617492000000000800209107125704900009100506
810027503307009080004350710502980301000073900973500028700490800231000497008732060
720600009904072006600804257209580713000017000167003502400050028502309071071028900
007201469090073100124090003076805041040100305031024070012009004003710500908046217
210090347300084000007100650690218574801000090020960013189640730532870001060320000
010690432603108700054003008240030016309451080001060940800004001100087650475016820
005701000070493250003852967004000829738109506500640073450380710087000095260000400
009301760005620000736005812812049006907203481040168097000504300070012009050900170
200600003000073428378254960046932800003400002801005094100090546000506109659040087
072045080004300070309201465206050004700120530910063028860900057400500093503782001
905010008003070549470539010217090480096854027000007300609703250041280060500001870
823700090709065218105020470006900002307200060952130800508010026004082731201607000
976408053080309004003700908007800320538200670200637800020003190010906080869074530
310075400860390015040080067604001002280907540900046081023009874400713020096008003
200300614308060000164070000031700509726500140045000372403915720010024980690830050
005740090492806103730192600050020086000015402200308051370084560009560014064900800
384296501005070036600010900200703480870042600540100720738954062000001807109020004
138040590907520083000083001096172008300004016041006205014209807700010600250760034
000469032208053060000218407600500903420000518000301726930100600000894375870605290
280030109105098300600021850031005070426803090000910423500704906049060700067150280
072106048410000000030874291090052386765080012203961405051390004320040107000000600
006304500059170248014020070597648103060200800003010460108460005030001084605830702
008095014020301685130000729300000250590680000487150006861907040709400103240010807
300800502902145300085030940000901084196704230024600100019508023600310059053009010
017905026040610800890004057400176905103000048065038010600200079730051004250069380
070139042904702180120000050049318070250007360300060019090070536716003004005896700
401906027763218490080057001894000000100080054600740208078002506206005180519000702
002305407430070201057021863820056100301094600509030048000680504005013986018040000
600047032439182705270600000907036500000529000506004920054290106790360048000400359
641390580000410367370008000004706921950200006206083040165030000000605418420109603
304000200008932400750406983003020769100360500469805001801200600030741852205008007
120800569008000001600501800065019408910403206043005007451300972302170680006952000
046300280728000000000800460609080002073020815281530096130768050507900128804210600
523007186700238050800500200930700028065083410400012500650000340000326095397140800
520008036008603090306270510009047120002061940174002003903125000000700359785009061
408360020020500670035170804256830040000090200309240567003908006097450302062010450
308176025090024103210000008034901060170060009900407351480605702003000500709342810
815360000000004018409810653030506020104078360026030085591420806602103000000080291
038004005600283090079600438062900000007050860840136972501040286403809001006520009
500200734000010820623070950082154307340080510060907402000503108750800603800096205
005701000070843520004529617002000753497105802800670091730210940069000078540000200
960081325283004600050063940812000500046198702070420000425370800008006209007012400
030409810900500074146078090460053902820090430009204600600010709018907500094605120
086900253305160008092850040209516007567008020400709365801030900050000810900280530
093001005010730829082590700060000000841970036300862154920350601004608500650100302
850060729960502008200908100700604800600381574483000010040897306570006041096100200
908140030074082005516030002149806003702391004683020970031060050060018009000253010
607081050059203004083090106201850043530102090804306500002004085068007001305018207
302609501800701049100080300549060800620800150081352904967000018405000630038416000
206790501090400628084062000940620800600504710015300064100905370050037090379006405
100420060200080007350061480601590870502700000479810520903004050710208693805039040
943100520071059408085402010007604800328005009004093271030967100000530000059041086
495070286003900001070482030060297310350000002901306708608029100009034807042010093
690020004080901673034056090460508012810030400007014085200060130048109020056280940
407536009050040638160900050205009010870023045090405780030017290604000070709254803
900038651050100082003050700406500978895740006000986100060804529200315000578260003
645019283102000075000325000700001300309478152018002090090103500401007039803054601
006035200019086057380090401500820643401009800820054010672908504058200070000067980
600705100850040976207690080400020308005910647186074000008000051531867009700150860
031080056085236174740050020620005001304100000057364008079803000002670345063500780
071005000938764025254900736300197082100600473706000019000009804009016350860503000
005436000021870694608000075200000456063054009450762001000289560570003940986500003
908500060200004801706182903601459300580006049090800506070040605002915038859003004
760050032002040800540623710270104500890000001006985327029076084150400260004012070
008700020042069530039204076253600917090570000060093208105080090384920760000307084
017800200002070450400120789200600074050234018003907625028400100000781042104092063
380050001102009876007182003700000002060290700215378649540020010900564320820010064
680901300530480170010070058964835210005007890001009006000190085158064903790020400
010000007008302059005017468040095726509761080700420001000030040092500613453106972
470390002820540139001002050000000090980416320152073840700120903513809070200700508
001360045370150290520007030030009516015406000092031407000095802768010900250048170
600500201009103680810000000007210050000496800980735104702951438008362719301800060
102000300035270608800346501086010200300069085504802069009053800750020903603980450
021469075705012903009000600004086130080034500213005406070040019198023700400071250
000008009196005783027310050004963008085021007009807234500784302908502600000106840
524900613710500840380402759007090280000700060402150937935870020000639000000240301
040500703105007894708640000800003907924070080073002415000021530580300241310804609
195000034670010050328004671060005100001782960200036407000008042583200710700360598
080132796032000400009008503270001608601845230043027059058704060000200905027050810
801206704000400931000301268417009803592000017300010509050040176064107005103605400
370500690419206805500791000007053100130407500004002003090624318001085060860109052
005621070420008910180004052240097065000040200879062301508300724090400000304276580
038506029029843001004120000260005190470392600890060203017038960086014750000650000
002000418940710030105846009210600003800074126076105800600050302520481000097060581
008009050059076182230105040810020096043061020020708304360814070504000060700052438
045978031701630258600002009070401503020350004500200076019020060050106807067805012
796003145034006902002074003320768419080500320400302006008405090150600204043200050
108050407004720005750401280010260309360084702470100050041000500097813604003640970
930004060021637894007090500010020038080370150352806900064082379805700000003901405
800954710000801002046072009428039007713000040069040020300087061674210090201095074
306800049108203006020760031004007008890540062503980104402050687000408900789026005
456283000710069003239157406060025700925706800000890000093078200080500009540012308
010940805300506910095000000943150700070069034050300109501637090068090352430285070
014597386037002410009031000046129500000040172108000604095078060362014057800060040
900800015056093007107504360309600708008375946705080000673901200004708690090040570
003700006701405820205908307470053068008070002630840905517380294004007680800094000
007001800030267905002859734004078309010002400000640000320980107041325098905006243
006241053200080091135060020960037502723050809000026010372495186009008200008010004
800920175070001006921670400530040810090700600206198057009432061004000080652809043
609532007070010659001096830010043005900600023823050746100005070207009060564107308
018050649200476083643108020074610802001380070500720310400060000060040237052907060
005130689190400307006000004069508000012960000850341960023090751004610200081273096
078900026602087001100360058013456970050000040420709015089005107040670009760103084
820403900001207538000180472004700050000040013580916000005600380648371290732005046
001004090500000100004100570807501030460020780903867025748310259100200048256409307
613280450200456803850301002000030296005800000169020508000548720481070305002610900
590100284820400000070289305000900600369508070085047932032004510050001023608352009
921560070308000546500370090103000782080032005250109403019003857760800100030917004
027560900409300265300290004090047521205900000801620390560189032718402050000000408
267940810004010205100062400806009321073124980001600000600070530702596108480200090
046210590820070100010089072031006800008154329902007060200040015093502700084091206
210049060805600030600780040000807516108062300790000008072050680361970204584036901
078203005602700081005068207700090306560804012029035070850907103040500009290340068
700004500030502678006087204200000980607851302583049167000410050070928400019705003
836021540040507006090468001000010400284790163609042070500070690000600350068203714
700804360800625170006710090063007000490382016000900732010408650070260401084501907
046005003130004607005361904510680090090402800280100365400010700370040016950736208
820003040001040805590861270038020014670154300010900027750280401106005902009016050
605098001000000809408007025046081053580904170179030004967105038004070500351000497
560000890904800025281050403040195267000782934729034510006000749000410006470000100
600409080849030007007620390080700000425000879970802053500207038763080020218053046
003000506580002043004063027072615000645308079300907602450030008009400765860209401
207105063900000410604930700309080526860009104050700839103590080006000201748016305
080000090007153008530906702905010370826305941713460800378604050000800030469000280
190674800407009651060001090900030010712490380008016940834162570600050400500700063
800090457750430082920570306000060108310045070070800524580924060400000295092657000
950600007320475809070090350700056014540010082089704005415060208803140576000089000
000506720564000018170438600207640531050087000096003207603800095019065002700920063
740932000002000703503000942405003170186094025007500469004057801379018000851060007
006705080709800012803410607280060340400100068605284070368549700000070930074300806
096053008120089006005001974610905430950300100200108605069804720702006800040037509
005800700123576098006090052060019500509600810012405960200900000030007089891243675
382004060507080200000207358476009830238460000000000400090501002045892713801673540
540986300760300948900070002310240089890013005005007430030520070450760203209400150
003207450200086030649010702406020971708139064500070000300061295002003000865902017
813700029050903060700042510620001045045680090001520037090138270074009300230006051
097000428053407106200918000086090501025301067300760080600109752970802000502600019
041059700075302009000704385620098000407120600518640203139005860200081000780006510
800509400913874506406003008004050087107008659605917042500001203320780060000430005
091850200830714050740690018100000406000068123086031705960270830300000504508006902
052000960060020045309040128040097056008503410095080002087406090234950670906072004
100005460630401500507068301006010040005674010214090675490007056800009700750246109
921408076004000103050712004410890007030040690690073801168920000000050768073604019
200817000193506047800394106400080509326905000985401062010750094500169000009008010
239067005140090627068010934300970802000206500080003769850600471420850306000004050
605408700938007600072019805100580067843760000007004320304000106700040089286971003
600090000085062940907450316506204001030916254014000090402670109370800065009540030
001056079093021500560090012719245608005100920200030100030580700078610053052070401
902000060060219705070005294098371652735020040216950070503040006120090483000080020
005324716030000004146980300304200001600009830809136407001003269293761040400090070
782049051300057420001002700190600082807403016006201070613020890040930160070506040
014082750087059102500030008048507620270963010100000075800005340732108500400306280
005000480891600052302581600006800004420910067008060235080153740007008500034796028
072043000000150078159080234085600041400837600207004089540070800008305416910460500
785023196160985007003070050000800700507019062036000409358204601000167083071500900
184000050000153894509780010090001020417096580200370041605007130000030260923615400
260510097097800032800902006910205403700001089430760005089054720042100300070028064
930067485007030020580401300006020038058973200203050907005780602020340001674500890
758621000900405670006780021510200036090104850002000197039847265200503709000060004
380007650070500843000830100900702015815003270047165090500000930798301004400650782
720600009904072006600804257209580713000017000167003502400050028502309071071028900
340092651085104000001500807008050002910428006520700984002340769104987300039000008
402790100075080032800301750007008049084216375306007000000450816591003007608170090
800062090060073040043518260128754900037009024459006178084005602010620000200000053
700380000600900182009510703090248300368705210472000058200459870080021409004030026
270000315500701846610405720430000102980142003025970600842050030000008407061000258
240005700058070036697130580000701805812506970060008020021604000386907002904010058
834090000697002581125760903082076004350120007700980302000800405003609010510203009
050193784000000000041708629630809472090002060104576000500001347803000291419300056
302910047007000000590748263109070080030052670076480310005800004803290706920560038
590010673406700205207305004005000302604000900020986007801230706002050039359674108
040000256106300079597268034438700500602001000709605480000016920200973000904080317
901000674038000205420010083300046097106009028702001006800003751010070069579160342
089006507300975100750081003607009032045803019038000006020357698073690240006104000
010905648708060500564081030930800457040050060850437192000040915029010000075093080
080002040420019836019460200008201007706800520201607304054026093100900602960035400
091600070506704309240953100750869000008200000620500700964105032805020917100390406
019463500080010093300008761056070820400001006293600007520806370060530208837092600
060103028240000060081652740073004286820375004400020050104007032002430870038061005
729130068006092100010006502190004835080573001054001700001320654035609080260400300
073000090042896013080340025400160207030004051127930006068003049004081572205409000
087001596530602010100089002861004050005907680090850024658003047900405000004708265
548007300003059080090310245070935008082070600910006437830562904260040573050003000
001300600072461083630785201007090064080603079000807300020906008960008410008234596
650100493104009008700000561596028014873000600402530089007905840040207000201064057
860000270532170090001620035000097560209050083350081900083010450000065318905840706
570912004198035206304600500051847003807090102903126700002060000000784009400250680
040082709076409230902500800004305108059000000083294657037821964401006082600900000
629150400043029860708004000460000208372601540985400006090803050006047901807096020
304712698008500240201004000780901050465008002000420867037200009006890104809150306
060103028240000060081652740073004286820375004400020050104007032002430870038061005
006950437003406205001300008080070690130560702604092050450638000062705840318000570
601307852570000000002159306016094708035001900040083025354968007008000043100402509
700029301430051009081003705200086013800070650695032008078605094020390100160008037
005029001087350946410060500050900000070035410693140857741500608000284005520010304
840210030902380600005900284230196578000040300687500400108002090450870120009601805
356021407010470680004090001107908504940760208080004900001300746462007800030649002
306750104070630059051002673730265001012890060080004090103020740040000502008473910
069703000002400801034082679007208053485907000300040798008059104091604380043001020
071583600603049002405060380524000931010400070007310045150034700006028450800600123
200903010810004075065081420400307251701400000920810064600002507008509600572640103
040030061836000004901000700490061382620309017308270650009453270000718900000692130
806102000453700021107605940049060005038097102601058009704523000900074510080910004
200340598090085200583907600405763902037800010862490007349000020728500009000209030
040026700968040503570308046309804071000030000207159364806070410025000900700485602
709060285000240000325980164290500618563800000800026053000790430086002570037650001
513700000000600759906524031001000500059867103620051984162075090090100260380290000
070200039000458071125007608080060020240109360510023890062800700001075082708032406
000000608130000007087609230819276350205480019000500862004025980520908003690034105
857000002094082735010500040400720058170358004380009027538200400720930580940860000
520008036008603090306270510009047120002061940174002003903125000000700359785009061
010528000054096018068407950600080004901700865483600170807060401090034680140009020
305008090780560043090130805450000060170025309020786104804390510030801006210007408
042050970500796203793104005000010500000385416401269708109540300305600100260930000
083017940010920008290400307741200853000084009830501400008042031102800790074096080
478030002309140678000720009043860907085490020006007083904002860000904705857306090
083460007070309006496070103500000029000650714731900005358792040017006002602001978
096780201758214630004006570003070924975402080000830005601003007020140096430050800
860302794045107302070900000480601029600700030530204067354020971008470050006510003
081207004023800100957040002162450708094610005830700400306580907008030051549000280
706201935000907426000000718030500840682004090401090602163009007204168000500372064
300907004570620810000485000025368901006100082189740056007590060050070198200036705
510482300080000409402693000127006000906807000845319062360904000250030604704200153
650790084002546007701000065210067803360289050000305042000000479420073508107900026
020510080503840009840009725060170902037000140015426800080000090790201560150394270
570912004198035206304600500051847003807090102903126700002060000000784009400250680
300827064007943082208500070104200850789600241025100900012350000800490005956708000
500743800002000453340208001003079140400135728710460539605007900000506200107980005
001036002080527910472000503049603058108074006030050091914085627300700080007109300
216930074903274561045000392308009040000800003427000986534700018072006400001000025
603245007000080005750001004029518060007000200005027498586194072301070546270650009
070000004056010002290730005804590026567041090900368540680072401709050068010006759
243910008080200009510080042126049853000062497904805000360028004400001305052090680
203870054074035601500900300849600710305047890000308040690001530050023009430560028
750960083860000907200007456010620000609408002400003091900871345100540020047392108
004000020010000836685123700058000000192700340060948002537094281000582673806007450
003410020846902007090500634137000050009073408060295073000054080305800240684021705
760508100802010503005930087001003270038120006027605390070301804510809700086070015
057190004309704015810060007243670900970805100105029736730000061001000289508016000
084030920076250481010004005107542030800003090040790150000985200450306807238470060
047320006030070402206410709502037008470090061001604057800060095013958020059040870
629150400041027850708003000190000607876209340534700002080301060003075204407092030
000349265903060000456200073390700020570806490004052037005090640080423059249005300
607300201095410306300620070080500060053096800104730592001050608539060100800174930
407806020090020600206037458904270500750610204002500803520060040009142005340080962
740803205080610304306050008052309687007000000608725410205930701800260903013004006
215700940730400005000591320060070201002910803851023400006340502094006710507089004
629150400041027850708003000190000607876209340534700002080301060003075204407092030
805001740046037082020084100061790308073840900080010406708002694904168000002009051
021000650064951023090608040450830200670090035002405086206509378180260500030700060
067950030910800006008032791891470052600305087005010040506109274100003860780504000
940200680100900304508314900086009210010008700370521408030107500750060802690052103
109600300040009100056300279538094021061000090294000850983210064015968700000403018
907284001010000806380190024000079018103648270879000060540000100001860045708451032
720403580809526107300000060062070943007064800085901600510042700000109008294007351
906000702012789600003602094205130009364970208000006073007001040009427851541060020
032068000796023108458071000001050082005300679600289004589100720007835900014702000
072961084130500269896420000018090630025000008309008002900604000053109800647802103
053048007029750860800003540000020650206080714518674000965800401000406305034012080
480003715005870290023501000078006042200030061061452008030000107052187630047065009
190027830800100502204508010608002070002871050301050428080214065020005901516009040
067050031050840096000031005008170649070006300936028000005314002004002153312965704
839200007406080952005694080000802070002051049070000016200430690681009704943106028
480605079100092030305800064010003096609048513530069000040327608856904027200000001
604279003978300200000800497007010000100438075835007614009060508501780340082590060
005621070420008910180004052240097065000040200879062301508300724090400000304276580
635942178000801300201000090428506001056390780000010604800429000042053819069000203
040970063327860495000302000400609002062013850903728106035197004609200000070086900
507210040030074615406500009780690000300020186201403507004057030003800052958302701
804000600000207041571486209008004903306098002190062504000040105780103090419670028
105300007400720851082041006200903064950802070073100089500207638806030700307610040
087453910003620080295070004300700806026001400000200175102065709060047231074002058
002574000160098270040001380609782430008013520210000090800040750704120900096807142
081005630059010407432060105540000308120804509890153004218500900305209071000081000
008102530006000024725394006837200060000908703104073058081056000073820640200001875
040700085002390416506080703807600009004070060009803572960510234200468090470009650
058000040009760081102843096814630905200470803700050002007026054020090730341580009
000920705007460080600180904160708253074002010380506079005004007046071530701859040
670028105002014030080970046726030050809002600050709002340206907960003824210007063
025030006007509042603021580730906050108750209900002073070008000560294738309070021
002905047507023006036010950610204008005800004048590213200300701870002039069147020
002067098406530270870040060003005640605703800180026059060080035530679004210004086
008691052009050403257030060380109506015026390900005100600247830002510600573000210
003100400010496730476300029600200000307804206082609543804001970001780050720043601
980715360070006018401032975006040800000000631023160007040058106150024003638001540
902058740008030060003094018324960057170805439000073620000046072205087196000010500
512308069000950802809006050005007130063281075081030600600810043258043091004005080
035020040401380050060540318000003605509062430386054100108230060600000800903678521
953004080080630420002087309430050107090041638870960000304890200009016004510400963
801206704000400931000301268417009803592000017300010509050040176064107005103605400
379800000000354207054070368040009000800043906937680421190430702403507000700008534
345600108197400003200319054000000000580104076401063002802040039004056807706938420
608459700007020805140007902409060050270501480050740210030085104060004028584910600
040325078802901056509000300006532007900106030358007021093048005080013709064050203
209071800016290407700050290080000000605814072901507684504783120802049063100000040
900548300401620098035000026090406081004209003126005740007054000340100875250037160
000300052480257006253001480034719060007003840609400071305170098190030720700094500
270048005840060290065072004700801400008096570006200180092713600600080920184620053
003000080950000700204358106617840320495210867000690015020400908831700050709082001
380056742200478900547000816012703008803290107096015023008009000634080000905000380
013007628000210400284605090805920000600150287042006309006079014098001560450062900
070560201501487009069000470693100007040230100005906348480750903056023014007004002
906502431804090206100760958001040000409670315580021040690407080007810063310000004
070180600004002097986703201020076000760300402540098176602004708090820360430607009
200340598090085200583907600405763902037800010862490007349000020728500009000209030
085609400004085069062003508057926003600001904091300607309060075206098341008107000
600158203435209081080704605003016000700495800850300000368901050047500016090607320
000072050070609003000480000007308602869214305321567049238940760690030000000826930
206904850810005400050002369470019002925807104681420070300040008007090006198250003
500700138921008060030561004094185270208003459050020000000007006079056802362019740
289617040060020180400580092802070035001050900004092000008061354326945801045000260
081060003579020400400175009020056304740030610903001527800410906610590042000680170
003750001807014602041080509000605793406200000395108046030800905720531004018009307
894051067507300098060089040781500002000000510209003000438072950012465800600038421
724590036000780450150400020865370004000004365240015008300900007497130500006047193
900587020073200000002601800786129345020700061019356070604970180150000039007003604
007023490430080250906540080003704015705300040014095720500076138160430500302100060
019860000064030000380917006000000521038140067057200803600359204800400675425670310
040913502050800000972500381010400000030701956789250130590002710060198205021070090
004001030003800294500064708002600047901703060367548920030005472205430080498070003
410506072507001680200038500080459010704600805350800064075002030043075296006084007
890200540347060082000184070073450020504706390100020450058371069000040005632090014
007409201009006007410070908100000673600137825738005100270680540003521780005090302
001082060230500100504000290180764905759028010400910037045009301090051602812003009
603058007010390000007602403835209040900840025740561800420700961300006584000080372
300492500054000023601508407476003250500964710008005040749350000000700934013809605
901004786860370000200069501400010863106002050093586200370190605520640100600020309
520007400094080061180090072261008937058720604907013008012004805439050000805002003
070103284321040500500206003038605720705300041060904005900001300010408907853709402
060125030002830054053604092030900240000001065640003819400017586006502001010468903
009004170571026800080107560020910007103065420750200016006850034900402680847600200
053600078000250309291730005630591704070020003014300906060072430307065800108003067
218300509697502100304918602000634710000081024070009360000007830036020000849163050
107540836600001070034000000348760500000024380020380904470250610200403795513076008
600080002080250106294670035407008093108930407002760010806010009500047301071096280
000009078739025601018046030090080007820010096370954802963570120080400760100063009
039406857700030600460907030300060709096270000078390265854700910600859420900001008
809002000130600820245078900900300408503004690604917230406780150002500309308001740
217058903003900008060210570430090802070030609805162300701340280609780431080001000
005832000062051800800004203090000082520049176136270549054027938000096010700400605
800059107019072000073100289007921054901508730085000600000080976798605023360094000
920005060763410920000620073040900602502106089690250004089070240050802090270094510
700532910001000502020149870063050400054006037000010608596324001007800004482970365
605400003084070210072008459000100030000004108416002975200500091530009862908213547
008057049690802375507000068062090010000000590900163804089001630021986407750200081
839200007406080952005694080000802070002051049070000016200430690681009704943106028
750600490920507006006039750207014600500800104048360920804093561010780240602400000
081072034030510078690003020870004100906120050010709846000800209708095403469201700
068020900903100062100679053039410086406208010020300409090831500207005630085060190
098057000703060218001208759000000307876090125932005860089000070000829431004570980
603040700102600850050200463071526004920038500860014300507069008406350007209180040
657932148009000000010570093560349217700800030304020500206010050040790860085063071
068500703003679102700030064926103847070080600180706930002000309410360050037095010
000080134000004009160092800900503782852409613070218940510036008038001500720840001
310800049206504081005709030538020690060390850020608010643975120001240903070000060
002574000160098270040001380609782430008013520210000090800040750704120900096807142
560020000002705168701830042453001700079302085000057930905003010000610054614570093
200580974068094150590700680380260500126050030075010260001000400057102308042030706
005100804403205007290804603030007200026508009910032578067029100100080740042750096
100940085598003100004801207050007648013468009086090030020704000605109803907080412
080509013259600740000482056096004070703900480010350020360000097870290164000708532
002768009009000052743250061601020080308500204090813506405001028006085497087602000
060094010590106720710020649035247806006008030078300050600053102059680370301002900
420305091760040035100920008082619300670003010001700682806030947200890003095071006
105809034038600950006150800580290713900700020067041009602400307009562108840007005
097050430000980000514230689470325890026010005300700240650103024039040068002809100
008300941000090570790050620300672090867030410950180000084010257035006189009820360
050843200700906814600170593500321000006497180091068000065010438870030961003000002
923000050180900460046531029017894600568023900000065070000480702002319084090057010
070400900430060718016090042624018007180030420050000080040009163060173290391642005
045008039060200705087506241300475806008361900406982510004000060600029407750040100
010905648708060500564081030930800457040050060850437192000040915029010000075093080
905213678601004039200060401007006004528040006000051827002007040734095102000082763
052000960070050043308070152080047095004105630026080004015302070239710580607098001
105800609900100002840970513068295004009341008310687205000020980080760000092410350
000700030789052641630801007070140800806009002405087316008900064500018290941603080
072608095005009407984037060000092506500704908698051700040070850706085109801020600
790840300642070000005296704100350640400682571506417903004508097050700400010904000
070000000603950240501248637806413092309700410007020060038500026900370804460180900
200359670190876302073000008357062004024107905960085007086000100739510026002600000
300400650085307120204160003400072500021604078970080032840750301053200090060803240
004000120013298000702451380070023460030089010206704953548070630061000207920036000
572090361069017450003625780231000047080904006006001538300000600150700890008050274
080701429102009605940002108800095312000608947429103000098310060006004003700050891
500304970978506000000002800361025400009138065850069210020000539785003124400000687
903004205014900078070031406100523764507096820020080900080050009340010587609700130
109703256560020000002058019804075620006031047207800005301597468708006500090400003
040796185098531000650408003026904300304102000000653470085047600100805020460019007
897156043002040900050900801008007009710069480260804037000670320574280100603400708
583200061216008074749010800937684000060050709050020083328105096004802050000403200
004056317080047020167003400840509702271068030000070801002081006018905074059020180
802065370516307028030020050240000039980000007603098000160004285327580001050912703
170040089694830020200601037000900500010006893000304071746120000501763940930005716
037596008006000005800007961028075006469018000071020803704850602290100004683040519
200000890047600103305004007130069078408071000579800600950320746024057080780416009
426830170070460050100200804002014000957020410010509726001058900708106032540900081
700090000840521079029003865060010003201709058074806092000350080380004217697180004
060070038825091007700406905204003009106927384900005200340050871000708602678210000
009004102281670390400290008805907006002008715076503400604039020903042861700006900
450928736080000004070005080005060103149002805863500070530186907690050041017300650
431008070600095213200031800340280691002040300190056400700560938580910020023070060
001708402004103060800009317007290100402680970580300024278030041605000708140807096
030105479704098300690070050802509040000780010375006892043021085000043106126050004
207065040100070530045901762000030495903040200000192803430029657000400081580013904
001942508020070460478060001810290356097630040030800010089426100046083920003000084
726005098040609001900027065307040580402750600500062740204083006003094027150200830
002900070970103245104270800020091004781400030003058126350010062819602007000037910
003097215070002360000600970050026400000750082642380597026179803080003750907040026
530807629000903004890026375048700231050610000900030000089064712025309068070201500
010094006802750490509060203100300080723018060050026137904005028670082310080630040
508900216090168045406200000360500801829017530000039600705486120040050360680001007
580910000204605719010700503600300002045092867801076300490561270150200906700009400
070401005086070214405603800907008001002067059601250703090830070768014032020090508
680090010052170690090620804045300089008004000710582346030209701071806450506700900
617008094300090106400162030120080703003270609076340800040000902731829400060057310
621780004934501702070023000859007320000018907200090060060904070795830146080076200
237104006400800703856200014765309148300001000120780300078003250012078039540000800
804700609060095708017640050025380496489200005000950070008002361040536000673010520
704520090501609007060003245605092073040750810802001900090085004207900108403017509
302984175980100023500030000206590700890367041030000069000009050650043802173052490
619030040270061008000047621486302079000014580031009060005720806320106057160400030
010482976009003008872005010003201000026000183190638507937100005040350090050097432
082140690090786025005900000030008019976201804010390570849517062601009050000002980
605890301700600080200000000570324090803009040924106007100908400497263805308541720
692073008018025600500000100000519862000080705080062390051947006003051087279608051
026740500500900102890250076069510320205390010300600940008126054714030260600070001
075082304000600002820400706062040079004001060197526030903067800010834097740159600
906730008004009730301840095009067081718304060020010940800000150095601820032985070
580710039401930802009400100012809500700301028048007603624093700003074001050020394
002908704984005602070024080023100090000053041451807306008460070207001960609502018
072608095005009407984037060000092506500704908698051700040070850706085109801020600
700100080492380061183546902630059047279008000500673290841060009357000800020030000
001745980005926100006001450150692004074150009902074001020500603368209040010460200
604517003009403000057892601060009830875601024932784000006300009790100002010975008
004500609295638710100900005050140020903065148601090300062057001089016073500300460
014300508000090073378210049002000491007020086063040702800752910250400037740080265
007405001205070834049800752582746300391200000476009008900030000004582960003194007
001048090769120304040007052000594000510000908923081465806402013005600029130870006
002000179037215000408976200503020000780130500009057438064501027805742006270008900
520006030040309058630705240405030702007640005260507480070150904980073506150900070
090005830305041609074390500802050060930407250007012903003000148428136705050074000
057300900028060007000709860439870200000130498082495706043000029091284673206050000
590800046070240800480065091769530100308702465000001300137050920046920007000108604
034016075907304080800902300409703000001090407005400230602030598093508706570640023
000200008741005032382061090908026040603147280000059306804072000076598403205400007
420000983000010600360900041730590010216340509004270806100060307053700098087035264
059080007842976135001235004020159000006000000503702008904007800200004761637018249
006749205045006030890532461400968070050007903902103640500074126004085000700600050
010047896000103250604850003480035720900710065760492310050070000200001047347520900
509040600861573940207000000983005204172009306000301700320810070790034165604007020
045370190006510380019200005600400019021705040504091078002804050090057820158900037
460930857910580000007200013000050009631490085095018430500020090189305206300160570
902075068041002005005046019008009106120060090590421083057004601210650040004807052
000982543502060900893004006174800359906507080000049200030095600061270890209010034
405280960301076804000010005513008006900605017007021083204097638009860750768002000
900150407700080301561307002870401600420005138009208070057903006104506793600070005
160002350004009800230680010005070028972801003010006970091037080307508091086190237
206910748840725030000008510908100004004096300310054906407080160690470020080302097
670028105003014020010950073128030040509007200060802001280403509790001364430005082
180000600730060408405008009600893275000152000050470901521730800340001527807025140
030010090097000153150320400020070638006000971780936524002647305800050049070800216
149002580000030904060804271007500819006300005010720436251000300694200150730450602
080479160060500090794600058547263981030004070009080600950307406600001020410906807
026740500500900102890250076069510320205390010300600940008126054714030260600070001
530806017462103908000090060054002081190450603300701400873600540900024000006507139
120800569003000001900401200049015602350608107061004003296700815407580320008126000
008095014050701986310000725900000850540870000831950007785309040106400503420010608
008094000203075906506008017905780043604900720030200560050869230360017095009030601
062415000500932006093680000705029000201056047609374102376500004128040060004008301
000049687369570400047200009700092056596704021200001700050060970680900105970485060
000020310023900650196354008050060807217038506008570003401690002002100985035702060
486000950000610872207589600060805030040200500029031086390150400054703090170940065
027000608590087400018000000061900385854003129900500706045809063003124000079356014
031500460057410890480300501710600082046800005000900006002730658875296100004150079
790840300642070000005296704100350640400682571506417903004508097050700400010904000
821073060005900078700680012498136720007000083003750090506091247900004000034027056
648001093100030004007426508280003105504100020001245069820007430490012086010860002
027140003004070510013059480200803900041700208809620350096031805402907136030500000
519700420600005030007649180038106004052490673090030800903062051000301200271050360
680351472170420860004070090800504000016980037532716900900040351040105020000000749
905040003800500910700093850050470320427319008300050740080704030060930007273681095
800600070400700236100209580080164095014970028693852147000020413320018000040006050
205036900040090316009401508304907862006503091000680035500024189402008670007300050
872605091000029600036007802741582360093400020000006704005208907209054030460010280
300020600007400308461398502002910030100050800745830169203040700006273004074080253
870092140004381700612470008095047836060000271730800050006704000029508417040000680
067000100032869407008027096024976530075408260090000004400750900759380012080001705
050479000790005001006321700027046380503807000184032076679204800030008094008063507
839200007506070928004986030000104080003097015060000049700630150691008302345701096
976000450541060802000704691005400030134890020807035109069500017410006380708203000
206408300574390002081705004453007001700001400108502000602053800935804006007269503
180703942072010003500028070360104020008035096720800104800542007600300250253007409
029074150500090674406510000004360001350900400690450238048036900065709380002100740
000920705007460080600180904160708253074002010380506079005004007046071530701859040
071905002029068305008040706834290060000603078760800023980370004503400687007086009
582370601004651000600002500003500014425016700800430205206003059158740320009005180
102703500000450108009100000501800970024607310397041206940070031730010000210384697
030006502479203100050801073500000347700385060913047200305028610120500809600109005
095682004007045890010903256020510408501420009080000021802736900156204087003000040
590047080200089700076010429000001235412530607903720000720800004040970563069104800
039070510021003007056009023018700040695080102000065389000037051587940030160520790
004006073063201504095730002608405217000600050452170900506049820000002709249810300
469108005000003407708000009953806000874301250601050900002705094106280570507604810
093265800408701629760000010200613790306002541000000200524187060600000080817306402
870020059031587000600009781300800467400203000186074205019406070500702916703100040
004830050002046103837001204685074002700009500090308647010900835009605470578410000
698021503002670008400090102009280050037500201520710039064800910080150600051046087
001603529054009067390270000700030090009708456568091200620950710080302045410800030
090640357040500106006000089030080241120396875085000603007104902910037060453060700
080401000510000842004002615129000080800005401450800709061530294945120360030049057
000060791318579060079241030703856004540032879021400000007900085985700206032000000
026513004081070036004090710450020100070340609069701405205037908000150240847002050
060310900040597020750600341090053608185409000600070504513940782904820003000701009
200940736900610485064000020645803007790001600312400050036074098000180070807059104
007089100648100090090340768070800020081052076209704013925478601010500204800001050
750032600096400128140698030800910050913065007024800016401720003070041209000006071
060038104120607803503409267017502409030000600400080700671300048308090501205001306
230000050049035200075240390020913486406082010800406925700300040050100609960700831
049100008038000249562948001004030086600204590800001070906370820405009317387400900
007012035541089060030004801460200100800146350075030604090001008618090270004823906
431650000000900453205370601074293518020100900150080004540020170706031240900460800
602080705850670901009340060008230659060054078591800000080020097026700080307598210
105800609900100002840970513068295004009341008310687205000020980080760000092410350
000105700085790613791300002008400970906037004470950806060570020327600190050013407
057001049384205060610807030078402103902100506100050402421000350095308604063010000
321504609070019005090600180730005861500137204012060000109003040050746918640090300
000000860876145923921003704048961070200000409319070685790002040100400030050307208
000400530085010700317500084908040153524090608103008049800070410059134000701820390
416703050008000027002586430049000500201860790007935140890607210020041960104200300
076240003001003720230000100690108245520039080048006370305962407402000930760000852
509320000108049530070005492065017800284060709731004265002978004450030000000052670
001359000956470301740020908675942080004600070038005609510034290062097004000060730
759000384800390020360000510000009460640017932920030750406702090507080206031006875
000003052803109460004260398570632004400508930300900000085306701036081029200005683
627003100030701090019865003004009830053687000900004016390506400500018079081902365
890401602010250709205009013080902300004705260602300000020194836009036027068020190
284100360090207504050408900740003006610042839030609040000806102901370608568020070
090006580405000316730050409570603240603200075900715000040527038800361094360809000
720016300691483720030200096950000860006508002002639000040860000213094058860050471
100600937004009521297100846030920014006005300012300700021080493509031208080206005
007205040009710562500406781005374100630058074000900030204031000906807053058029017
400693170690500400102080950070038000846209315200005890001802040724016530005300620
046800900031045076002601403028400097600308120104520300007209630500103042213700800
006200000021065409900080060478032916230070054605000320067950203580700601302400578
000430900459218000380570142513002009000940023002360071830090204097804050020053098
045263890300008400601400703003694058420500070069002104800045012206807300014006507
080006002670310908504920670097680015108007069006501007003049506429100700005073104
080706392925483000060021850000865120238000005050300908706038200002019537513000080
800000090706098400090076385900630801568700243021050906030960020680007130002403569
007300405008520900253064870090740360004030080836209047100802603600090018382610004
370150490041090805008034001035940600704060913060210500500001204010070300483526109
107900064852003070000175283013040600074609312008000045040010020720390801901750036
750006039010000048240958670604007010020040083537100426090061000865072100071004862
301607928090003010780102003012806009609040102050019074564038290008500030030920065
008400031002900687030827940007638104806174059000000870200001590070080460405306712
007098560053020498189050003518207936002000080900015042094000057001079004075034810
090010037081357926503060000300904670064700058702680009149072803800106700020003410
089620007050900610316708294963005070078000043241030000025370480600100750807504020
650070380000406075007583164178364000523098040040201030300607200002900006765000493
507061040106820759200500300920700006800490100750630498082150074410070080600084910
760508100802010503005930087001003270038120006027605390070301804510809700086070015
000000250039081764706049013002050031873164025010020678380700040605018307000600102
470096002100300608089205307205701906010609030930020071801050009504987020007100854
146905300009734086700000054034020760820070490005493010390057600060001009410360527
070050360930107004052006180503800602067030040008605910300960708709510436684703000
370500690159702408400931000003027900720803100001004003040379816008016020610205049
050080000136792845200500017093650024048123609600000500070305200360210450025060031
102000070795813000483267090051600907906000210047008056000705104310020705078301609
010740009709000008485120306007092530002506807530410902960070185001600704070901023
050479000790005001006321700027046380503807000184032076679204800030008094008063507
006005201820063050501072803405609008180004906060701034258007049300090085600458300
830049125001080300702036004148007032320005060000324081504090700907653048003001650
060309108807000635403800200300607812102000064586400970908746020630280000000593406
001043092027900410408520070740380500610409728080600040856094130100870904070100006
906004208813072004027600103038007040705200609600140837080053006070406001004891720
800072095510900204420051700901508042200310076650700010365140908040205630002030001
680053090003671850070090260040100005200068070016040902090030716307419008002786349
051083920000710300738002016043001608180200030070834092800309250010020040592108760
120530986580600204900780000300460020852397461060000003005008700498170350001950048
028791003700800519103040080080000070070168392269304800004006020632007045800412930
000287100720901030109354007007815960002030475095472010470520001203008750001703000
040100605051064003360705180007010006006497830428300907004638509280000700690201308
080009500590310807102850304800000000206074983039168240021036000400080679078490032
061030804500104062042760900014903207050001690039620100400016009183509400006040518
900010607700908020403627805326750018150002900000361570509000106230100754041000209
807300952200008674946250100490000507050479203370500019703945820580000000000083740
080390142061004000394002705146080003502000000009271054017009500908530016450108927
041832060052700108007010094080470509015200040079180603028000300093028470060351082
370082005415760802090510607050200180109075240200106009000301904024008301000497520
923000050760200490058917063019756300647021900000089070000190802002564039090072010
160000079307918256005460000014080023600043005073602901700300814081020307406871000
000040108405908260820160000700804036080293705309070821070351080690027513031000002
020050070057049062180072405062081537741030000000207140278003610000708953590604000
800259731007108920129000000501400000090600470704925618085090163072513009003004200
009500400018049360604381900145600708096802000030405190200030670000708219957100034
960030027204970605007240080050097203872003900090160058029784001605010870001600304
004702810060040070800310400470080001001057940008034050702593186513608794086000520
005020831908003460340876925603284059504601278000097043289000010000040080030700002
705642001106597432000310056000900018290850304003401209070000005500130827900705043
407325890385901462910846053020000106700000040106008927009703000000050678871060030
020840371360710280107029000930068540600073920008090103800050400400007812091600735
000060791318579060079241030703856004540032879021400000007900085985700206032000000
019374008000561390046008705863057000194032057050080100930006042485090001620705000
007691240082004690040278513300000800820160374704805009008020065209500400003010982
540902703200617094019000060850200049320800150900754300490360870035078900070009405
090560703583700006700130902050380104408050630930607020000800000874005061065413879
001023489000901750005876310910057034030219560050000001007060198060090075129080640
200008700503160948460059300329500407004087013010320009140290005082605130700001092
300492500054000023601508407476003250500964710008005040749350000000700934013809605
700030046290046708460705301040570832315000600807900010109000003530600180674310025
300907004570620810000485000025368901006100082189740056007590060050070198200036705
209030040837015029054829170000302080720001406001064900102000360908073510375000098
605182003100040608740090250500004006207650930036920105000069810861073049950400060
685012379790600204000079000079001000504280791006940830010720063307005000450063917
960700501040000608820036040698025407314690280250008963070900000509842000406070092
090310804123009005040025103000890040950200368487036002205068439074050200030140006
900104206601008400324096000563907820208643097400805013000400780000301000850762301
070200350021007090036594017600050100710983624240006900090605740057309802102008009
800509400463712809901003002005070024104006785207154063500001307320640010000930006
806405170004271580701008402607302914502040600009000720290703040063010050008524300
005260090008931056690407000200090010060310240007000369900672804340180605706503921
940605000670009028008000604080057009791260340200490067320010000519830402860902153
000014070000729103701005020935006081820190435107058090070000248580403900604082057
356970081000600034802501700508420106100060450604150800001897045485006072003040600
470005100081760423009401070002603050396050207800940630028010005605297084030500710
702140306501670294040009017000320401050904803300000009000590130920031670135762900
670010084451800307038746000000008792000697001007254600320400079745902013000305240
508904102060003079900075804325609708100800000846700920409000007601527403000498051
104090006005021907907530042800014025002300070651082490200600034730048510049170008
090020070106073900207089451601040539005007060084965010043052100810700045500310207
080050063920130507403706002260907300300000628015623004748062139000800006092370080
201900403005061090903720510800006030650870100702410685340102008128007069000630201
079050400300170086860039075106320890090008062420690700914703008680910347000004009
093571206510230000006000531130000805409013060008795310360480120941302087000060050
000508007248730056057624839020073040009006315013400700530947600700362504900000070
040971030160030407037004510004150728651708900700040100018090602020810350073502090
050010349740030802009280075561023007080150020407000501075891260004002153612000008
000195207700302908012470630009030080000050100060827409897046020601200000425713896
000600053605318900319400087024500098093720500060901402400030879900107060736890040
460900050900510740270048190124005069600020075007694200000250980549830020802009507
046073918903600207070105604204310805090700002050862493000027041007901080005400029
005701900070098531106030800348129057500007210017503490003950106000072309904006020
934020600002003074078000902056004087040081090019062400421350060795016340600079021
608200350130564700005008602580396041960000508300105007076059120003007890019603005
935001040000605000060004257086472190704508020002160080801246509053819400409300060
090007803357860090600310740800430650241680037003900400005208300420700189708190020
059402103002306904140957600937800010020090387060073240290735001000060432300008005
700480290504320018028007400086095104002008300407013809043501902609800503200930080
090020070106073900207089451601040539005007060084965010043052100810700045500310207
706235140008760230053000700370050000060070519405926380630040002987012063000603801
089107043051000820204085016900058760526091080807000009002000675738004291100900408
200903010810004075065081420400307251701400000920810064600002507008509600572640103
900070002807039165103806040710008053490067081030250070369082700580094306000600098
604012075008759461105486900000143208001020657002060140006070309009000516003605700
167020340905063008308907000200670950030452107756319820081594700000700600003280000
460705300781430600930010840258961030196000250000528000029007480003840900010003576
930408706050200008140760032014680093096350004005040021803096245520074309060003000
400085732300074800578060100790030521600057900250091600146800005030046209005710068
780016090000070103004800067960182304000050208805437010070005031510390746038760920
125700089063901000490002730001870045000100308049205060050007012602509070317428506
709300000030100278015724093006980001500007806481032950100040309902073500340091760
013082057000001034724506800805304900001050040402710385000807163130605009647090500
048950070061007380300680052079062518052008004100094060905806703006400005024705601
469580030080026105050300960874602059020703004005008071500000810006847590398160020
809026470600004821230010605005389700082061030003002106596040300041093208028105000
000008104804610030631500702510092600086450291200801000368070510492100000175900403
013640009540037210070090380084056102162970030000008607020003075907025061601709003
050740100043960058092080406376000000020693781080207064435826910060070800010009640
200010000400078690891540327702305916106000400080164070503090700970602158010450009
002089000300102657514300209208903510071020308900608002890204060107030004006701835
210006800589230176076105490062410000408760003930800700647320500105608300000547000
030876501018000006704105039000053064147600053056409700090561400681007305005900610
700903200090810700841007369050031400680402970024009053030160020218000096070298130
607230500045060920090405610004910072706308040930002806079503201002090405103620700
467030209109007004003946571730400690918502030600703100040609025002070016076050040
000063084709180320384070100073000250006752030052038960017096040900800012640301509
005040197810720036704091200080109074450837029907000051503000002000572960672010500
400520938826009510030018000340005079600971040710800250100052007264190380007080021
605390017000200068478601200090006805510832700860940000080007054041560980256480003
005400300039820701001593842900245100350708209010369080140007900590002600200084013
600283047480710063903000002004170600700090051819630204000340805165020039048051700
918450702240010305035820910087030456050640807600500100590280070403060000800390041
904051000820090510030407869370040906206089005500310240010970003608034790093005420
500070023207809050803150097309408215104090008008503040000980070780305900915700384
020406000638529041100008600351000864006350200002801503560042089203985070090070120
640700830020948765057300000013096200078104950060020310700681000006000148182409603
067321804040809062000005003035906008604500030800437609008760915900204306006100427
700104860058607130600208007870325001596001080001009504140006928280900046000082310
710006003060250870908031046041903007020004009370065482004300068207600910106597300
400980100015020000029301567067508409090200073030790625701052090940063001003179008
010082960039746500605100480960421050048007030001308600300004215400210300152690070
021374000937100080054090013089761240405003000210008300063219070790400630108037009
821000547463870102050010000974031025300090401215700630000187003508009016107006080
930750006016804500705631080400079600300506012561003700023047800094210060107060024
620400700035760029007502304000305402073041090284006501360004010040607053750103940
000400530071050200835200049602090175314070906907001084500040890029865000108730650
906028074400500300810049205031605089040080012680400037364800021197000050528100700
310270090509001402200509170000946008745082609068000043600107004051000960430698520
728004630030700980006813700200008310073062845104509000612390078009047023300080500
000503260260198005003002017700059084380460070514000300008006051632015048105780023
001008645007300100600100370000560297050942801962001450005600000876000912410287536
004938670307000108850106400020700380590004000078361259705492806902010040600080902
000083104480000720139724600700900530003208010524301908807130046050062070240090350
070180096095700040063904508030509402047060050082340067356408029000007605720053010
