902830100004060000300400620030000002140970800020048501700109030203004708090003005
241586700967030000800009601028054060010000049590000238030890000000070005005600000
740690003109208000008405090034009000900000030200360000016000384002103069490006007
035806090040090007100004308010008200006000800902507140024700901001409503800001000
700065308600000005095004070009670542284000700000092000850749601017000820000001000
038000092100690438094030006210006074000703160060180300400500080000840057000000200
507001340900035867306207059000010690009700030000002008000100026700050900005009073
360005000020380605050900010000601804210048000086000107102006009000590071590010080
390004518000819047000300000040020000100086009005093081050900160810600054004170000
109070204084100950000200016035620108010500400090010002740000005001080009900403080
000030000063007805000490000006970001000082347007103089021840030090320050530700008
014953000000000904937024060000400800000007600568200400002005346409000005050108720
630400000508003000070250348000090817100047006700001000050030061090070503403060790
029361708000000004675400300002000100031080007068072400804210006350000020000700043
581000900400080005039010487394068012020000700050004000002007000843900000015802004
080601530400302080003000600100030800690510070308760290004190000700023005900470000
602703845480602097000009200704930006000200001800070000070120908000008700230090004
051800230200590800040001000394210057000050401007060000702900100080030025060082900
780000015914000203250000480097620040000004000005301009002007001570002000108036520
000890547045307001000504030390006810001080906060109470600008700520000000087000009
027890400480306107000000003070000001810062504060410300040030015090045000500100708
840520010021300095350006000000007500004002179600400208005000006068200950000608740
000009080090040706480307500040006005060010240230480900900500003108004600600890470
030790540964030871070600930840070005000006400206040000400000250627000100010000708
003000089195060240020130050000408002900020070502600900204003007800000325300780600
003608100025007040000200003580900200300700480000400390050076809037824510800003000
045873901690004003000200085800000100709146000000080649970308000300007890000600500
014080007000000060802009400296057000370406090000903006601070000007390084400068270
800050709307000208002078045020000070031007806005000002100906007200700300070230681
090000008305801090080509601020006000000058103518007900000000206140790000037605410
070010000002079013090200007804703060036000091250004030327050800900480002540900000
400070305250631497710000006000040058009712603000300200030800060062409000074000000
050046010076000009018592003005000090082007054040800000800473020500100406004200107
910020007000097620070000804000709000509040030021503000007930040190078063052004900
405000306200060700700490002009054871050300009840001000980007210100200500002036008
000900602009021438003006759472000100390010070005004000608040090051300040030062000
080015900056073024040200070000500007532140080070980400000000798810004002009300500
008043000007290000005108730004000160056401072030050000021904683009830040000510000
309074280704200036862500900546300000000806400020000000085409100000005020403100600
350074900090052086200100453800700019000010060004500002009007630602035000040600090
506207000000460500003508007069300870047000105800002060930800706100600000002100943
402080030000006052036504900900705004040000690160490300608000007000040003074108209
003008051020000906005673400300400890150087004000060310000100008086009023530004009
040005103020810090050006008000670005506300070409050306104502930700000040060407800
029030060700001003350020078008000001000000026000073840602357014000002007407809650
703050091208017036091000000900000460430890005000200309170030602004100000006020043
000076083903000020480201700010509004040002800208007009000004000894720010051690002
008700052000580000569002700602050100350970006407000005003600208870009504205000060
502063900000942000309000000497050603010870050600090027704000530800000704035020001
030061700000420100612000405000300960206010047970206000009070000048603010060800504
015007804003061020020300050050970401000000500071804060064780310039005040000006090
051000004300009200200500000400001052062954387000627009703002040000090003815700020
030100008017000630900307000005000310003906802002050000026501900040090263789000105
720000000600400300038006001300980600002001009900620107807362510003010000150074003
375000400000450763600013200002500007060002000050960180700106840531000006006200070
203000000176200400800075100000050610002107053510063007320500790740020080060000500
409850060706040050501709420007610200208004000004083905003500000900006084060000100
080060000030504000004209056700000009240690015010050604427030000500000000863405192
020634500000000400390050610009800006000500240431209070010085000006070320870400901
350027910001300768900001035600090507009205006025706103003002050000000009016000000
400070080180304009057020410000190048009003000700060305600400900075000804000035261
090000080020009506050306791100097060004510007072000800030900608000742059500003100
190000260250007004000020975049851000630970000012000000500780030070306082000040190
274080000080053076000000400860900040002760001100004702003098007750026000609040830
200000800001075300750380190000020970108590040609000500010903760560018000003000081
800400000030702000002003906000000807090018200006937001028004015010600700675120048
009000020000800500600792803046201908832900056001600200100306085523000600000000090
452000000608000000000800265500000047809007003700082196960008700030001684000640032
807105000090000380062000150006400718001050060084019520003002400000530600009700802
000100400509020617014530000800450069000090200946080100120040006400060000080910502
080600023720098060015000708100000050300002400098001000930006805002009046004357200
060280700031957604572601089040000015000090003006500902405070000090405000020000008
312060000004002300089000005860274050000009072097583010103050007056020000700040001
098000070500000100000420000003050640050340007070200030731894000042060800865132700
000007003000420076967000000070106002040700068635008790700900630100605280000070059
100308400000000819628001000895730640006000000000609507010007050000010008387045096
004023760380004200007860000042007816001005009030000000098300005010006927670000180
019768000607004090200950400920000000170000200500082974090000106000470025040605009
000013706063090051000005003030000240650040310408000000206009137009470000805021900
070590046000800030200376090040003170107200008000700309003060020002930087009420500
708200091030070046246000078000000800407006903009020610003609780090081405000000100
000470002005106000006000510230004900950000800401059023010000289890021370000903050
020015308893600510000008007010000700600720800070900201050106000000050070962840105
000030260821000530000150080000005009050901006180006720510063400046000100397004600
090004132060037094023000007902400300000806410008391000200000600000000973006009251
293086004018000635060000000020000400070310560806000721000800050007639040000025017
200000703700060490640000002000182054000007800800409201501006020060800540400070316
040000050057426030090001074700050800900003702028097040060074385000008090403900000
005604132010000800042370000700410203064032009200000040500240360607108400400000000
010050000005000480724800900460080050058001000000045001902508106073010090006209034
671408200200001040050700000009004075000013020002009400706100390900320784000980010
204000080730000109008123040060008500001560403095040806503090004642000000070030008
040570001051290008020100000100040006060700000402005073003000465614059020000007319
020001578000002600340007090710000409034500002800000015403108006007006154160400000
200003019009641028600008005790030100000060037065000900950012400030400800006380070
000509002040003860009064005000608093007231008600000207020090070010452086000010304
307040002500600109000239007409000200730050068082400790003020000945307000008005300
130970680697800050008000071000000527060097108710008300805063000000002030001080004
095480070410070000608021300120007960807159000009000107001000002346002700000004090
043020008900701020070030605001350907430000060000072800004000070826047009000603084
053098020004610000620700009006009008010065004005000261000347010400081600180020500
000810057514000000700520041030002008900700200070060503109003020000205009200179804
000138020000094861000720395000000000070003009509600083003960018206041900100800030
750600080302000000648000000000734026400000010000800943520009008069371054104500060
000100920203000005170000300000004039600370001031965002000026050058700006760039408
300810702000320000720450319010000460534000020000240530003002000460000100901500280
000800530070150002058032000809005060040003000160098070982070000007600100016020387
060050983210860407000740020040080060305600008020000170752006800080004002090008006
307690004908410300004070805000007003506103000732060008800709200040006070000051009
009050004000309010010008920034570080190000450080000030600180397950437000800600001
200001050007400000034502917002005060503900200060208035840006002300004506020803000
004002910060034700508607204640581302000003400000060050000005071200106500051040000
920000800546080092000002451030500200250800600800304009000701000072006180605008040
080170009405000002009003008900000521000230000241097000003009006700610805060305197
000300470046080300509700061075000090600295703003070008000008002861420030052100000
800091700104700000327806001000007349900504026001000500518460007009002000000050603
080006000426305000137020005300600008700290000000180300815960400004001800060470950
900206080507000302210043000805170903041309700000060000080097635000000400006001809
905802010003000089801693000089200400070004800000018000018020047290040030050100902
194203580200040007370950004007805000010090605953400000030780000048000090000610050
300001008004600300521070040400018709200746000860900400040067800108090050000500097
001050000003604071950001002700800456560409000300100200096007103400006020100920060
060190008370000040189420600043000800890000070500608200008051060020000507604700031
001000006090560041063070009706045103980130200015000800058096010030000000040700608
000006000050100020861050903503008200012560004007000051090000802000025439208470005
008730090015020730700009042002603004376041000000085000000300401001090207640800009
003007402006000938000009007000056003060300004001904805040500209507200086632700040
000000800050070020001034507690802175108060030070310008020096004430700009000000756
790041603000006040840003009350000010000082007209037460400608050061300700000700290
009400062000002000258000417803005000010700000507630049780003600432000951000104080
000080004400002810000007206370951400208000009190820763980006000500000600060248500
700400620460007050200108709007002493000500016000000587370000000100000934002034075
000013060009000203380200000020079800806000009970620501130590002060000190298000075
002000000008070402760402501871000006400107090000056710030710900200004008105030640
780050100600701000000368700460005300000900001219037045000000608006040530301896000
080012745031470206000050810075000000200049080048000569000090052090030600002007030
500000900008010040000090057001036504067009001800741600300000700002960438079300105
000300040074006003890500076210005000006920158005040020057109602060400001002008090
700006120020005096160003857500804370040009060090100500070400005400500080900002704
475600810006701000280049700032000060108005090900006000000008640054063900003900028
804000509050098037079510000206100700700005400541003900607000300030700002900304070
000700050108000009570008020700940061600000290950120700205300040430209010819500000
670100092000006000004302008019003000730000015050000200307090086901825730005600029
400000003030010060809503072003700024500020090607408030300100005270005600900042310
470500000900186040105200003308401250009600000000008007000803000007914026840005301
050609000100020070702801560000963107000000630600000029417008300820000010560190040
400003102170060000620009034006030871002978000050400000000601947000045608004800010
500000017130040098000701000481050000075098002600000003214803009753009004008020700
537800200901050400048007005000000000004986003000740109079601004410000078602400900
701259006000370014080100050804000027207004180010800003000030240420000069006090300
069008100010076850870010020000590760001007080756104900100000008080200040627800000
000000800308000024000300165027605413000000608106037050010083207700209000490050006
048001005270560080360829040090100030003070018000000500104607000030240156600010000
060741080003600409058092060000807300500930002030005900740003090000009010001284005
017005000800200370200076018070590031084620000030000204005060007760009502000450003
000000025000100830000820741208074310904006500007903402070000000049760253500000008
004080500098020030602453900000000870980000453005098200000030007800069300400270098
420000006050637004006080503340006091805304600000000005600201300030040100017800209
000006000050700090319020406503007900082940007007000043090000105000039264401560009
001302450530000710020109000302800070005000300000635280000200007276501800100003504
900260300100000009706034001645703000000006007007025086000308020570000800832570004
610580039300010005700003218080600000032040057000057001001000972805000000003074580
071530800006007300300000059007010002450600910010209008200904037035001690009700000
002070000904100000758900614079050040305001007801000030096010000080240905000605108
380420900906500800000600710500300100801050460090106200409035620600700008000009300
826790504040102098095800200700006150000000040050309020080607000070038002060000780
600001708580200103940730000409007001000000076073106950006800010300005007104000805
007090004200000060830746210903604150002530007100000040001050693006903000040100005
800502004095604800064001000009407206607000009382000047030045000500310062000700300
080012745031470206000050810075000000200049080048000569000090052090030600002007030
013040800000023009908006307036900008002080070400230090000060004075401630064500080
000000980800070035607805120900007806000048010318906000709360000001700060003504090
009050710100000063206018040753064000020805000000001007010496285000100094800030001
000013706093070021000002005030000480410090530905000000309001658007480000108039200
690407000031000728000032000209008501100270000003005060500700043010800900970043180
400023706060905020000640300000502867005010030802470900000701040041000570200000680
050901003200703084000200010000300069769450831003800000810029005030000006002004098
007100000090400600063502401050001080670025104030080050006250940300000510502809000
350074900010092056900600378800500017000080030003100004002006180605031000030900060
400000350023409000060053080014030008000908014207046905602004090070390200040800000
071605034205087000000000052418072509000000020003809400309004007007008200040750010
000541000801000300060030197046092500500400071007300060350167008090003005010000630
504200063001000700867040090009005800600900047723060001380001605006030219900000000
400020107009003460025460000104009020008007030000604890200740309500000008940032070
508300060060000097700012003002003008104826709900107000806050940205900006407000000
006310007300800005802070034000601079680400000703900640900003416000200503004109000
000193000007080006300060000600348009090000007805729014006900020100572068720000105
020001007150090028083000006007184003000627049460900172000005030031000005000000781
610040073700635000005010024047096201000000390000001000036500182250000040400000935
048000000709005104100400006204038675390000010080100090020600000060207530903040062
106450000000809504405270080000005703200340000309680450072000830000000940930508000
030005009060900800907308500700080493083500006001004700805600300010053004079000260
000004350000873000730001090500000400020007563087056100003128905900000032200039700
869000000450007080000860090090380070247650001005012009006000540930020000008146900
170095800580700009090040070700006480006200307400000692367000900040600100210403000
300008200800070309601932758090010500508000007003009000087045610005600000200301800
230070000000050060608340729020008007010097602009020000860004093102560070003009006
080010000509742108000000690208007006400301985030406701652000000003070209007000400
709100800030708009200009041000206400940000030052407190421000008000802604070010050
300490608690080000080300500038057190070003000060020807140000900000060001850719460
027003004514820600000010050076458000000090067359070420035609001062000800008000000
059006010010000003300850026030500600805690130700003800004060070000030461163405000
081093020096007018000000000070860300560042109802050740008030004600000800230100605
000907000400120000010500702200080407053071060104096030000010090980650174000000526
900708000308500006274010090096430007407000610082000000001003064000062853650000001
600500201002600930040000000001900020000063000230170409805496070006752184000800090
350240090000075000000300080100050643407180009035060170208000910504000000093820050
370021040900004000000080193040500008506208039080007600100800367035070000600012080
085040090000631854004000012008006031000327060320010000090000625540060089000980000
590270040360000000040610000009508200610402085080090000070045328050300010020906050
054001002360050010000400000603827105007500620020160800000000070096302050400085360
050106794401000000700905010000607153009054080537000000006000470370080002000769005
390200086050000007080014030005082043623051700000067002567048009009006000004020000
809001004600000750000624980050010007493070002178040300000000049001095070040000136
705042030020010900800703400907001025080054703103000049000300270039000008600400001
008100200400357080000820017000200050070040002924005001200060079800432000563900008
060005140053040060000908375200076001000430800500009032900600500624007000005200607
000500000397600415420013608500906074210070000000008003700800059053009000900457000
310027800064000150070000042500900003090005280840003000400090000009008020682041579
400070080710804009086050470000120094004007000600080207200700100047000905000048732
971082040080037000006100008210004000004870100000000496100006027008093510000718030
803007604960010850000830010205003000000005760000400230020000086001389072030650100
080701000300400200907003146008006013013200000090308052000002800604080030805904001
000276001003040000652000097005604700040090605970050040569030072030805900000020003
006000050040390070380006201164800000803009400029004180205480000600030002401060500
640500030502000140000478500107054003300080070080020600006700380050031026810006000
620034970104600200037001006200008107896010000070000005080000000569100430710090008
008000350403785100005020070702006081600000020800970600340850200009000038007140006
400023706090705080000680300000407138009030060801250900000902070076000420500000610
503100028004020956200000040007600010100500390000403007005000800001935460420706500
200600508910485020400700009000003760052074000000806051004000175570008900300500080
030490670020000030008031002800309054090000006043100780000700020002916043381000900
006005028009800000001000700090100482002008006860200500025067800007302005348501007
700005000000009030403786500076021000842907360000000079107002006260090000080670024
386004200907200180010000040104050839200871004000039001000306900860005000000000653
070100068806050032001268000007502040000380050200010870008400005590026010000000684
000400380035080047020360000002000690100000000800746050084650070759208401001904000
000700000001840030803600470502314867100060002000000049070026090046508000900003206
090008520006752043000604807030000205002519070000020109400000602050040008079306000
000300006000064700780950304000007230960813005030040000600000047309400021008021093
039400020260008000010300050000800635005106074000050801701034089003900007040005302
004500723500376008300410005901600800040800006026900000050108000160000087080064030
015082900000690001270130800901008054007400102840050009720800000030007400090040030
601000058002540970007090000060070203300009640208064000954003800000050160006027004
051263407009000000304987500080020903000070020000109005407658000000090006060010748
807040000402100005060002090085620004000854001206000030000090043039400702704006809
900620470700010090630007080150000020000050014048370006009002840013700009070069030
100304068000600004470280900600500312903120050020006079014000087050760000008010000
000050008910702000063900572040000080237000001590020400000260010006091025180470003
003060008000010347000003501200040000300079050709008006920085003004120095600930402
000076048006000005400050706600507002041009007070041053304000500090800300805134009
560700198174800200090060004000000009708009042609403080000500000050970000047301065
039600005000090072750300694400000860003009001690200750320000008000906037940080006
059807260600009800040300015000000000000618000060005098037026189805904720000700050
537800200901050400048007005000000000004986003000740109079601004410000078602400900
397620000260004000001097623070008100006952380000103050008000961000300008120000500
960108420107060300000040070201006708604700010000400030016803007008090063090600050
067300148050017963009060007076100000528070000000004206100700054043501000700009000
004010900000924000870600012000100000903007006600009230308400527490006000701380604
100004800860053020004007031000008010008209570057010200240700008030802096900005040
504068070900003050100904083008501000000700102071002800000810007045000019010006528
604203070200716540070000060705604902000300007002170056000802604000090080890000700
000900400000062709003500210000020980800000340300840605001004523000605890570090160
240190536006700000050030140700009000030070000500823704070302600060000482002600305
000300500063000001010907430600148052000739000001000080185600290304010005006400803
010523847050000600430900000180040032620007500000800004068039470040206080005000020
003070040517403006000005103000201400026050010470090035065000009008017050700560020
000703000030000680871602030000530408506008000028040760100060000004001896680095200
601009500059600001000017640506002030000730060032400085800143000000000807265070400
607100000009008037002970140960007480008500902200000500000700314570610090000480050
160050807039001050000000012003080160205130000090075300050697001720510640000000500
560700198489200600030080002000000009204007085805403060000500000050320000021608073
006080910800271006070060002308610009100098260760350008000000704900100005084000600
000425300180600490005908006000304250304000000076080000740230080000040630023000174
000200006032004800096170240240030760001000000500610920300700100015390400009040053
360005000020380605050900010000601804210048000086000107102006009000590071590010080
009031700060208000008600500192074800034089120580000000001000000900710250805060041
160539000508002107200078050040201073050000926000603510006300208000800300010000005
000200810416580207000070009060400003005003002043007005020368094000000568098005300
007000200302570046001304800803002460090610700100000008030000079400097010709035004
701259006000370014080100050804000027207004180010800003000030240420000069006090300
420100000306000185000700602003080006000600500000007910057029300032510879948000001
080030100105008300600021850030005070426800000000910423500004906049060000060150200
900200400200400150001396000800560307007008001009042008402059670063000000105070800
460200000000060050079000100000609480030000501980041067006104738745000009000706205
080000070700030029945082100806000700009357002000000930094100200028465000003029400
600000704010400680000000509920803470306120900800905300760040000080000206003602140
002906540005400000490020300208054069014067020506090130000602000800030070601000400
001300500067100200000508014000010702058023100019006040182945067000030400000001005
000613000056402010702000603005700320007920050009054006540009007070030492000000560
860030192090000050715009600087040200000870000420050009302000000600503924009200076
500100090406300050900040302002070045704005006800014003040720500000001038319050060
500040800200038079070509060900276010052300000006005200320804700080010600019003400
092000014140060032370402008200050000000903100600700409825000070007230800001007056
000800326810200400060750000000070084107002000480901072700020045040097200609005010
970260400602000750000309002820400560006007090010590000087600005504082010000900870
030790540589060712070200930260040005000006300408020000800000250725000400090000107
000870004060900028000246701049507000006080090203009000005700080002350609700628050
026001904000603700701905062800000003970508200013000080009007020007002008302104600
006802040300000008009400000090058004708300620012007300920004060035020090460090872
003280004000006920820450300407005001209100005000904806610500700070600040034008600
010020960903504000020600013300740102201900000070001059105063007000007600090050801
060403100000000090015090000020630500038740020000082060004910000206078409391500870
040900200210605804000070010001000002030250089024108600002000760109520300600047001
904380000005090012600000840109470085500003000267508000052046700090000000471850000
602703845480602097000009200704930006000200001800070000070120908000008700230090004
000004350000873000730001090500000400020007563087056100003128905900000032200039700
000000009360007018840500070500004037280075906400900805678000203002369000000780000
800900000020003009400162358053006000014820000208000014601200405502000000300600782
004013905030050400095408007060080050008006340050034010500302081300000004840001500
000500008207000049090401005972103080600002500010964320700000950040005672020040000
610809400004230860023050000030018040000607051060020980002000790700300000140062008
009010520708600100510970040100030804007005009306000000002001985901000406004790200
508046300000000016001203004250001008004058000800030571040015003060020780082700005
000905020920080060045070830160200958000510000002800006003028040700409080204000097
602000001000200089007430000001680900009502046004390015006900000340108090090063054
010000090006783000000509406035070208042905037601002005024090000008100709060000304
201740063306008700950000408432070000008534000010000304000000850063001240090080600
508300060090000037600045008002007009705691203900804000207080410809400005301000000
000271000005000620407058100002010705700890060001005040008000010073106800210980073
108045200070300104064002800640001372207960000030204006406008000003000048001000003
375000400000390658800015700004700003030002000010580960600904370453000006007800040
980507600000000000050402019002000154500820007470001008000200386240038701360000040
006490001000800090708000405135002000200586003604710009000000802000609700010058936
040905376536007000900010400010000084000730960009400231670000103000009008090860020
906700002504309800730020090371002400000436071000070500000200000183900620000048700
007004060014500870600370001003000090060800000152749600300006409090400507048100020
609000501570800064184596320300000000005030790040020100006000840030080600807003010
000501000945070080001006452037059200080100007192004060000960105000010704013005000
709002003058030200010097004030680702500003400090040360000009008080016020075300906
810030000700010064200709051506903702070000000090057630607090105000405003003070400
780400109000750003043008006010500207004009500920860010038600001000001900059070680
050020040080906700600053021005000093000000402327040608098304000000701200006290084
000250001450300002820007405508100270093000008000879500080001000130090000900503127
780040020000000815500100760190054000008001307207900001310470000000800436045032000
075000012004200060060090050016009270080046030530700000040960005000071020620053091
300040000062170040509000076700680020000017805908002000275004090406020758080000002
009042100002708600408000902000860091890000070203904000080050003001030806305680700
307400009100386750620509040073604020060000003004250900706005000000000805230008006
710080520800420907005001000600008050050976008200000703560310082000507600041000005
920004756531009040007502301206400107100200530800705000000000900340001070700020000
000805002120300087083020050010080000800031075007002890904060710300408620200009000
014300020007208104603010075040020000009006513000090480000530000058070090072001350
010890000000623900060050042800075026620048500050010800240100098000002053130000004
030000000090640301400000075002500013600013907070004008780400100024350090500082704
615030478008400000470000250280050003700001000340700605004010090000902800002863007
000460008900008050006305700003000180200803504500720006600100430008509060405600019
070009006006030000301200400030400000012370908047610235054900700000003504760580000
402003790000405000000297000000008060008039007607020809183072000060900000709346580
000000506810403700007002004000678105070010090150200600205001360700020081400086002
007000504018920037300750000900041800800030100103009006009000005401502008050403209
070050200230600405800200030004003002100400768700100000000000506507906804009510327
406000723082306004000000080304065090800407052010000340000610500090203400008590030
070092003695000700000076190020103976089207000100000008013029084000005300050008007
010000205650720003900010746000009407007080600320040018100500304530001829000006000
000000800050070020001034507690802175108060030070310008020096004430700009000000756
000423059000500300010000600806090730000005802000308400030200548005830970784000260
090060540000050037005301092200010050301508769006403000620000800800090403000002910
009017032070400060005030001700621005306500917001000000508000070000003450067105093
084001900309427008070800010530000049790100280800630105060500002000700001000012700
782009410000007329901540086004000000570000090020100004200085000008391600107200008
000008000049050300370200000701489000082076019603010780030090040014820000900104005
901420000000091026005006140400009000070004908800102005084265701620000004000347000
000790300830400050701853000087310400000000670014260930000100004070035802052080000
000005000000300560395764208614007820000040906000586000020050470001400302400090001
006073000270419006410000209700030000084700010900541000009120050008356004050000160
001080000306270010007001020074002100038917000200500806080700000703005981005008067
001023000042000958050089030010000600009135704470000003086300147030067000700800009
008200007745930008061800000800000023029786015100320700690500040000470000003092000
709002003031080900080031006050120604200005300090070520000007009070096030064200107
090012307000500100007600000020400019065108703000257000800040000940001035601020948
020807001001069400098004060002193045480020000910400200009600080007000604806001030
007109000000067395006253107000008056090510200080000001001700800030041062420630000
312000654600000180004600000005106000000070091900352876000941008170000000030067905
301050090420008050050009106000000010000405003000002764034000689870940002095800071
020000071030080040070510083007004005002139064016050000200860050000390028800002130
300970000007000013041005002185340260070100800623000104000017059008502040010000008
200000000040180035710360290000020050500003017007006009190658072630009001070030006
000060901000905007924010300070080100800059002503100048302001590000342800480000010
902501400004000807008407100000708043030000681000010000000100560861045079003006210
035204700702136000060009030956002000240000008308091000500003471403000050620000080
400001030006390480030080651000052300024160000010009000001270063500003178700500004
000904510000218000130507004062003970890020050051000046020300760070005002510000400
375000400000490365600015700007200001020006000050730840500104290241000007009800030
670301050093007108100500390002900681000005004000010070347000800005006723060700009
000130257050079816760002043007003004910645000006008000008560400004001000000900021
000008501200130006006500000000843102832005004000020360020090403010380200304200680
000100006050008000080034009305006200600241030010305098700010060003960154000402903
950070000000094005000260170620000700830600920009542036502080603063400008000050090
032000060670020004805010792091007300200004509000090000000170006956083201000962000
000254000500000914840010200050000800001080020078425360600700002080160500210090086
926000801050400906048100000010005090430200000670394100000950014090000260064000570
109070204027400180000200097036720509080600400090030008670000001004060002900301070
030000000080070005420030109091040586043000900006900304000894007060300810078020403
000100080090020701201080096400090320002040610006035800008004050000357908059002007
000076230804050000032189000503907000070000001640200050020500080451890000306001045
610500204000074008470008600009001050207800910006095000360052700700003042090007300
001300540000020907705008601050004000030800054498015700000063010840057009200080070
548009607020070108700800400450008060962100080030025000100200076094700005200500000
200006980083050040007028100800040300500060008360081500930870004010030700700004803
000734008300000000780002009540010390000300100030609524900001800801000765453000910
017058900003000008060210570400090002070030609805062300700040080609700431080001000
000104005010000200040600078820549060090003050750800304470056000130008000060930407
642700005000402000700300460203070050000034007409050103120003070900017230500020800
269083000000070623700205000638900740005030000170004009007000000016008000354092860
019768000302009070600430100920000000530000200100056394090000601000940057040605003
004320700800060200260000591010590000040081329008000010037000850900600074001050032
096000002100960300003025406000070053000309720005200008000400071617580049040600800
601009500059600001000017640506002030000730060032400085800143000000000807265070400
080045009003090052005070000071950200009000000208300597006007905054829063007000001
001300500067100200000508014000010702058023100019006040182945067000030400000001005
010900020500001003860200510070103000090700085306090072600000007002070031740352600
020148050030000009570639240100700503400500720060000000200076900017080600000905072
000000960094060025600008004006090107037015090910700480000431002001502030020070001
051000004300009200200500000400001052062954387000627009703002040000090003815700020
005000000608594200004010980700350060100700308800040000097830620200000073036102800
050007610000405000713060405620500007004083001005700904000308706009070003380100200
900010000031800067002007019004600972700000030890002005280401500060080021305000406
060000400091080063800060120005607030908000706030958041000031980000076002020090005
000052160061700009570060003059820374004500010600010000240003001000089045090005700
032601570000003080905040306000000000001026907500009801400030015050407000207105063
312060000004002300089000005860274050000009072097583010103050007056020000700040001
703060025020730000080002073900500002106000700050346810860057030005090087400000006
000020600000103040140089500500040798000000400370060210820450000459800100713200050
103060008205001074047208301900000507030040060000072800002009036061020009070600400
078920000015003608200010037020040050100508240040390800001050000700601402692000000
160030002000940618000126070380060900000059000029403000000384250053070400040000701
003050010000280004050000080170009460040000305308005070004000721700600509532701046
958006004000970600002400890040510009007069030310000020063005010705102008000030045
100005020085340067730001940000497600840206009010580000000002050020700406008100300
090508000005000000107420008020004560800900007400250091000009006903062105600145029
452000000107000000000700165300000089205001007700038214570004900040009756000170043
000200006032004800096170240240030760001000000500610920300700100015390400009040053
900641700000302519201970630000006075007500390590000020000030000320060050700009043
900000430040500700073002008510000070000070009084005203400206000250040687806751020
000800600070000009359000042000050300002903405000700006295046003861000024407290501
008050000217003600094602007005060900100000060043790020000306010481079200906800040
900602307002073000300590000001060900800900000520007803650080230010059040290036500
003009048000064000010380629270003004309000100500040000050002480004076200920410703
500010708004070050070605000000130080032856000805000631000940310400068905006000804
072001084400500926306040000031050600025000007004002009100405000040806100659003008
009380006024001089080097000270600031900730450008109060000003005003800640052000090
009700108010050027704860000100070040960003800400082006001607380800000000097208014
097820000480005009026491700130082000040710000600000090000000062060038000204560378
900000430040500700073002008510000070000070009084005203400206000250040687806751020
531002900084100002029000080002060070005823096000040250016070300003019800040005009
008100200400357080000820017000200050070040002924005001200060079800432000563900008
900602307002073000300590000001060900800900000520007803650080230010059040290036500
920060005683700902010032000000003690300210050057890003401000060500080320002050100
900500040000090306100002700365918402200050000090003010009080020508100934000429060
020090370950402100700008020006900045000030000285004037030750010100003000570020893
750000390804090061209051074090027000070000216000030000000010005500060020106578903
905004031600530009000027005021608007849000000007210400000175028000300000003402106
009000072604200008053908064090001000760400350018000297007056803800090640500000000
704001000005602100921070463608000000093005006000903005070400580049050001080109070
009025107004000006206094800800200000540700012001340780400900300030008500068002401
100600070659000200730000000000020890002470310040108762000082036000760480006904500
210700040903400010007005200534079000090850670070001490700000060000008020608317050
740690003209803000003205070031009000900000060400710000028000634004108092590002007
000003085090780004600050300905100060082039007064820009000000801810076420300000906
002400000684370000301600002800037516020140000716050304000060407005004903000003060
300058070051070800009100025408061003010092006600000410020306140030004500860007000
600390075090002000387106020030827400040000000126000098970000001054001030001040507
017080639000000204400609050009010405380020061650804020800501300100000000005037800
000904510000218000130507004062003970890020050051000046020300760070005002510000400
200000091900270060067009000090085100102090040000140056020750430370006815000008070
200600003000012869008053100043067900009100002600008031300070046000306200490000017
503901406047020010062004900015200097000000605700480200000162300630540100000003000
020897060670203048000004000060305700900000000037400010008000590316008027250046030
485710002001000000360000570090300208010090000000500100104830027700160085600470309
005602070007300000823107000040200080900008060082900047000501806100760205509003010
009054000604830005300000428800090060201003904040710800002070040007100680090506100
723900015080200379004030000609300740000070001405608900000801002041090000250003004
300500806000309570400800010800600291000280005203001700000900000794128000006735040
810050907002080006060209100480310000601802370000000805170008050300000780008130009
006817209020000684900000751387600190000020005002000046000063020093070000070190500
780405002400870390000301870000000000000956420039100650007000080002508706008210030
095000361060914000000350497603000170870000000009003850900060045506032000040008003
120000400004001702000400618601030000780005020205160809456270080008604005000008000
090000040700480602642100000001500380000090100539800000010300200326000750904251030
600214380003500020805900106200098000501000400700100039058601702060400000300020060
009002081100000029800170306000904210500203000060000000610000054007086100305490678
508100209000000348024030001400917802090003000081600030609080000300020006800070594
976000020100090075042100030710400000600908012000730000008570140001803500407019000
006050000400090850015046903054630790302000018000009000209060001100028309060003040
103090000007604001002000049000000900001935002209768013000270895025009107000300200
690010020070092680238000001380175004002004000705080009400750090000020006023001500
092030600031004009000920300820605090150070008060348250007100900010000002005897000
710000004400092708020073000051060800360000900000819630180236450600000080040080006
000300071062710000107005006235140800070600000000008293620030080050901002800050704
109200008705601409000005300640100035090700040800309006003080004068400203200003007
005728000306590080008060000000007090829010047060000052600080030100400925790000816
000501400028390051017400000860200070000063005000047083052004000300600542000020936
600027089400068000708000054207806003004000700050074806000083060381000970500009030
000009070380040050704056082005074290030005007670200004007003000000408005548900160
670080009100720650800056010504007000009005086006010470200001000950400030460008507
000800326810200400060750000000070084107002000480901072700020045040097200609005010
000705080078040530050080094080000300003851026001307809000000045000928003007030260
003400001170008005860351047900603750610000308005000106201000070040820010050009000
504068070900003050100904083008501000000700102071002800000810007045000019010006528
650000980000200070290000054040000568025040090870390000930860025700014030500020800
105080609306002000000005340730820006000716803610500000090008705057600008060007004
080040310140000000037000249900054800002600405058200700070005602000006050600082137
008920000270040369904000200090000000420069000507480012380190020109700006000008094
400023706060905020000640300000502867005010030802470900000701040041000570200000680
203650098076000000950010000730000069062700815000004300320900600000082004094300021
010050000007000850254600900780030040093001000000067005305406208068070030002308067
120000400007004801000100792605070000270005080803640205586430010002801006000007000
000800167687002000300000000000306501510009400008451032192500070800120040406000200
502100049060200100100905702020601000000000680081000007057490010910052834000810000
700005000000009030403786500076021000842907360000000079107002006260090000080670024
500800007100056290372009000800063400763000952000590080210000630900040820608000000
080500000607000548100486200000009000045000730006000085002905004978240601064170000
692003008041008000800000600000800104000010902010004850060240003003001069174906085
209400100000001209105907040500000060007090580061074020000706000054208376608000010
005040080307605040800900307630000700040590801900001600083000000010437568070050010
000000800000010690094830000000074010031000407405190000542960000703001900109453760
000080107031020640900704230309800020010340000482970000600290850000050000000130072
000950070061007380300080002070062018052008004100004060905806703006400005020700001
500200700000040180704010560093524608840090200000100403000402006070900005400001307
000509038004000090090408200008700302005306804143005970002901043000600009000047080
507003000091600030632090050009001000075934068040702300920500000010040080800070014
802700009050408000060902083010006920240050007090000100000690300109007645670500001
007040025104030060250000043000109350712000600509000000003017080001800437805004200
194200006000043002060071580841390000006500000000420008608009050000000630530764020
003090620020400700609072045935680000074039000000054309490010000300000001017043000
009002100005304000063870000002068041490000800008020309051203074030006000907500680
741000009590600030000100752075300048020001500000587023000000900409030085007020304
030040179050091063000000005004900516900180700100600030307009604000807000690400820
610840003020070800700009604300007200907200010060900540030024080208100035090050100
704265010621003540580007326000000003000000600000830000063500000070340905908100230
954180007020060901300907200037008400006010703009070108000021560002000070000600802
058200060020080900000060030540190308001638049003507026000010003060000704007004690
109070204027400180000200097036720509080600400090030008670000001004060002900301070
000301905030040060250809010190504830420038090580206000010000700000900020300600051
100700086580490720006800000960500100240060000000270960050007300870042009009050208
097003006000690005650800030960070020004086010008500063300215090002400601019000300
723900015080200379004030000609300740000070001405608900000801002041090000250003004
270019000900700031036045070000000050050468100009030068500004706400073820600050009
000960001100430002980001060002853000008100523050270000040600200030007610017340009
006403000009670035750000402200000900064007100090824500000540607085700091017200000
000206093569000012070890000130009408047008020000140030000010300813460900090003001
050901003600203071000500080000300042864710359003400000240059008070000006006007015
009031700060807000007900400918064200032078190570000000005000000700140950803090012
010700030920004001085901000090000200357006910000590000540070063100200097800003425
090610000306070001001304000420900010000583409530000706000006842000092107200108060
503080006601030509008460000400900060062000017300608000000006730005847002206503100
035486291000090003006102405304009500002050008900013000000000049000308100417000302
400090510050000006800001700080000067030208040564700108200083600090054001005102803
005903000670040900900005386009050004050400098104098070060029800400501000000684010
103008650460051020500070000756002401800009060014000008340010000075090310000506900
042750600700003004100060027000930006876001009000006170000300760914002050007180040
006138402000900608078604300000062000000501239010400860300870900080010004700006003
027030068400507003001900004278690000100000800000070326302705009000200005890006102
300970000001000029089002007294610870030200600168000302000084061005307040040000003
100703600000009001000000870036500789040007030098006045307650014960470000012000007
700000040010672080908034601800200060206180750501006008300800092000000430052400000
007013000030000172156000309400180507000005001000729000000347026064200703070508000
050000490807904023609052010700005030300041080002600000000408000900573860038100900
820467000600350000503000000465709000738205004019000085050000078006500020904001300
000013706079020081000007004090000870150030960806000000703002648005380000208041500
701259006000460051050100070903000048108003260020800003000080520280000017005070600
054000000100708204267090500700500043098041705025000080601029400500000092000070001
708609034000070980000250001080007500907480003400100890539840060002506000040002000
400007936720638501360049000000000000100950604080400050050700003206800000043200108
000000098080400215000058040075002930001090502023000060014000870700010600096087401
021600000084200030700050040963514078008907360207000500000060000040008920800790400
600027089400068000708000054207806003004000700050074806000083060381000970500009030
406100098100408003800096040004007020060301800080269000030904600200685004009000100
601080905059006020308905000000650037900072000570134689000200700000000050400007092
005030004379001580040090723603002000500970600080003095900058002000020300032400009
000008009058037040960400500026090071801603005000240000412000000080000020500726814
210000000790005402000824109047010800600908700003040960030000090000650007576009204
079028410843761000100000007004800623007900000001052078600200030700090000092000705
709015000500906701042700000001320500005070000006000004250160903800030160603000247
004050302000000000300260481126504907000000100407300608271090546800010000000740003
008035270017000390000000501005704030803690000940200107780500043409007000000042700
809000700361487905500090003138006009426000070005200030200000000900570040000034502
000010650650000041703006290960203804040680070020000000030060005200400007106300489
103060008205001074047208301900000507030040060000072800002009036061020009070600400
010050000007000850254600900780030040093001000000067005305406208068070030002308067
008053600300280000020070300200000169001090084500061230090710843005009706000038000
004090060500000108309180700016000042020008073008426000001700006640309080003001057
007800600000740002080065003145000260008400301000080540794000006060190005050620037
007080453850004917900700006230000008000006000000028109000109025070045061025060090
004509730000000000060710894000672300006408200240100060400061070620307480010000020
849030000060008040301000800917056000500700001200003057002007408100460039090010026
230094871100600090087310000560083020370905000000000080000000062009200030600039418
085137000600450000030000750061020035003560210204300800500600100040000000078200496
000000130850003074049072650000008000000530001100000490506309027004826305030750000
000000057230070680700010940000057000170204830000060015009600070020080104603740590
483000000020400003905100000039042180802300065500010302090034500070050000058200034
000009400035000900006030050008306020960001030000004190050483271070200300043900685
507003000034500020216080030002004000049731062070602400190200000060010080400070059
050620009040000000000850400300000851804915030510008004037000002105200603296380000
094070018807460000605938000970006850001003009002090001040010076059000080030050004
030020409706010005200040103000190000070002690193000502400300018902401306000080007
073090051000000640049851000500900408004008760706105000007000080360280100001409030
801000500070208040040910006000009120050000008930084000720461080364805000010003260
800502014100830065000040200318704026675000000904300100001400070000050000407001603
509603070324001060080000130600039487400200310070064000000540000800020650000310009
010000000780090030094500728000900040453670890200003000820040906040020385000100204
000006800006591024000780016045000000000203100261005083180054039000017540050009000
000621354260000080050040000082006009003810007007090806120304090008009020005007103
089200015070150000001090820000000150120079000048610070650387400900000008800006530
640100907000060300590340200000000030960530100001076028019080700050200010200705490
504800970010470000200003180090201700800600000026080031700900000083000490100328057
305190706090650314060230090020003009000510638500006100730005001000000487000040000
010750002502934800080060040000010750000500103020070009004009071001320400650100038
608701300000003049200095100709004053003500001401900000010000586006152030007380000
009007005165203070300090120038704001401009067000000050600008540804052000050300700
361704082000185460400000100090806310000030905040000608830510700900060000000908030
003560000006810002190000568000752000000000279712090003007001430008043700301900800
000903080140607350309004760005000800406020005890075400600091003010000098903006000
005040300007100500014072096050000400076210000001095078560300109002050000100069750
069400500000052700205070089100000007080063091630107050008030600070080004051004870
010406820040820500300000000035061080270080100000002940103649000780230000000708304
200005600087000000090204700060000001040501072105328906000432100830007429000906000
065140090003000005007000460000200540750069300304800000509008100010075029800910607
841030000500000008000056103970428350000000090430000700000209800020780035604305079
981506200053002007000000000300061802090820170008700060016045709200000450007090006
003560000006810002190000568000752000000000279712090003007001430008043700301900800
803025401062000358000030020000000145009500670601000980905206000000780530708000004
100034000280007035030005180001648200469020800000009000540300010302450060600070300
050007093600035071040901000000043009030079000900106085500608034090000067362000010
060005034000030862090206750500010020080027090020453000906300000008004009340802070
309470100024050070057009480045290006000000930930010020402085301070060090000000007
053060008010803250020040300000000700006300590742051080030509000560430907070000430
079000401348169270000070000000030000800645000050208140020017650010000390600900014
000004960602000401450070003108003500007000036005820100701400025026700349900060000
609058000802913040400076008000005086008040100500802030000520073103000560000304090
007500000150063009008409506001020700200900104009054020802700640090600200700302900
100304068000100002560980300800200716609710050030005029045000097010430000008060000
091050000270409000430670019800000700000036501013028600180500970900000105007001400
061950078080070000070028306090040183030781604000600057100500000756000040040000002
980000040000024300034750900000193650000200803006085029043000200609000038102000490
902070401007001000510406002300680000205310000649520000800100700050038010100060504
000008010901600805004500269502486030000902508007300000053000080700060394600007050
705004630200001897698300001106000409580000160000036000060000908057080304001040000
200009100910820003080000290100002307400701000706090502025070801840203600000600020
000700500040000273002040006030000028080296000009804160020600780710028600690003410
002010703007800020945273000059104000003000060280705300020300510000507002030020047
203650098069000000580030000670000025051700963000006700390200400000064001016800059
000084109004090000239050084000000006726809500040006702350000017900023400001905200
800502004067403200024007000001304906706000002389000057030049000600250043000600100
700040000005270000408095700070000000204700510156408072000006097002017804090004160
047530960000060000006002780000981006069000241051020000005803020280006004004007038
020034005001720000700168903080200000200506080000040000472000030005000291018352074
406000301090386427230070600080230009007010040010059060705900004060000150003000900
000309000048000325302005600200000780081704003700230060065000470020857130007002000
003480500820000070056970810040209350602500009000007006007300205080604007000700908
005007604010030720200060059406905000078400030021000075050020090892100060063050000
806000920007300060350000487504291000030000004001043000960017050003520001005030708
080200000000794800057600030003006205569080100120050603000009004006073000008520976
030002068608709021050084900400001050700008000002060000020047009809053147100000230
050200008000080250009530600090000300016700005425003067032901706900006582000040100
007001385030007024805023006210050000500706030600009008000100672460870000700035000
650807030800000010400600000180209740007381050300504091508040000000030069006050104
700503200001020508230168090080319600003005000050006300004000052500840003312000400
602037500000600000079001638210003460000049800400100700064000305300054070007390100
010008064000200790607540000000760008074300900065004320030000409982013600000650200
402501673067030090000000085000003016030002000170800002010006500700100409053409701
508013060000800010071006980007065002610009800050100006080030059300580000105004078
043081020005002600002060840070036000060000708001905064410058097050200406007009000
007006500010203048080504002640000800853001904000600000594160307200050000060089005
810075000065401273004003008050004000490360010000000007009012046136900020240030000
608730000200000460000064820080005701900618004031000080860200039050000100100456200
004060000590800200000032040065201093800000000349580020436120000050690430970000006
007602804201000003000019005043520769000064100809000000900007306070206001406300050
600020040000760502300540710900270600208900000040001039080692103509007000000405060
010450300420000050080630210809000000100740580700806032090064070200090400046300009
204300070073245108000000030102094005090002400500600309400950003005020007010007602
700604000000000000420900781809010070201460005000008100002100634164009507375000010
405200871097610030030000060600780040700160200000040010003006050000851320042000106
005007604010060280400050039208903000076500040093000027050040060629100070034020000
003062941010009800000500602070384000030700418028105030267000000000037500090640000
040005103020810090050006008000670005506300070409050306104502930700000040060407800
500607210810030004002010080090006150260109000080003602000008073028701040900300001
020000648678024000030860090100702000380100020207400009002003104019000063500071000
040070013209081400005324090020700050500003087063540000350092040007000002000837000
400600938000950060690280000109406805207090306000000001000009100900328650086005000
970000580000800604030520001006230907190000005020008306000759008049001050800042100
640059700002740680050000140800070960060030000034890001000500000900310007005984310
394502018020831006800047050050003070400009000700658902000010039005000084100000600
005009000830700006200608700340000500082060370507090682400831005000970030023000090
570000001000650407604013500007090100010002006400130920700300804043001000006075209
900000700250109084100003020406090003021648905079000000834007060000001300015200090
010003200032180000945000038020006009756000001008710062001009000060320407000601980
000040007020010080870906052307480000200005803080700906900650700002001004648300500
009000020000300800600817309073901608958600072006200900400105086592000400000000090
043208005907601020600037090005000043408016900000350800006000007300062580800100006
079000450603000090501094706050078020010302000030509047700005200190720000000016070
960050203000306090050009060506070900040085130800090006201008340084930500000200070
908700003300201860004050010750103600100005008003070109000809006400002080602007401
000006001283071000001849070032058100005002430009437006050000000140000200326014000
490027100310506097000000400003070900060200300940600078109060700004090081006410009
010090000008040507504308060639200700000900020100084306005032670720800010800400200
000008501100750009002100000000917408857004006000080730030040105040870200209500840
485710002001000000360000570090300208010090000000500100104830027700160085600470309
074100360200036000006008021900070800507802090008090570000600007420080010700204908
104000030087400905035180020000300509701090002320600080000001040043060001500003896
094070018807460000605938000970006850001003009002090001040010076059000080030050004
060502000100400605508090073000000104324067059080004000200740900095086702007000500
000006107060000090302000000600400901704305060859100700137609028005240370000703000
046000030000000902900004000020896400401305000390402005080000027019020360004061589
002067040406109007009000301700008005053040012080503070008005193300901006090600000
904010602180400000000089041749051000000008090005006274090060007050090036030502009
090000002000004060500610000870231050305006400600080000903002510150307006067109043
070002015035000000006009000069081000000060030020095604042510897051970000003806540
106000594040109000002067003500080401204600030700204000400830006601072000030000215
000680950600003200547200003050001084820040100060805020905400010070100400000092078
070900603900340021301500097000600005759030010200795048004000002000008500538009000
102000538064053702307090140000041000000007060640209007400060900710005000500010073
000002600208360095017005030000006400136050087409008060800000374720000000003600128
700503200001080704520417090060735100003009000050004300004000016200640007615000400
090000002000004060800690000570382010608007400200050000302009850140708006087205041
031080000007940310460200000806490501000000930500600480005028007180009000370100805
194200006000043002060071580841390000006500000000420008608009050000000630530764020
901040600305600008407050302700201500006005871000470900850790000009100035004020000
400019068007000500829000701080503020250600300010820004072000416608030970090000000
027900058030700020600021070082300405500802000040090802000019086860004900090600007
000010650350000047706003980460501309030270010020000000070040001900100005201600734
000100050180003009520679000798000035602005008400030902810400007000001000000728413
230080000000064000060290450003610007507030100000007908082400615005306004406001200
007009602819005007063800095090010700000306008000002510000273461006000070001904800
085406012002007840090080000400003008500901003903060750850600007030018500009070080
006920000010670005003045960000490078467801320500000006000304080000700002608012400
003401869100070250800006000040030000600184790031900085000859000400000500065207010
008005031400007006036908725069700000843600507507800009004000050000006093000500104
500706000300900007047080126601200040050060000073050601000030502008091304000620019
650723000000080006087510023500030200096108030000250109000090608900301050004000097
806000320000026000032800107080009001005600700903400086360007010050100003018260490
600804010400902063050700948003506000004300050001097382730040001005079000200000090
000000006593002017640000020000000050215008769000027004324900000800413600060275040
300040000062170040509000076700680020000017805908002000275004090406020758080000002
040930000380006050000000000570800001109600528860500004000052600456009087090708015
869000000420005030000720090070280060635190007001076009006000210140050000002319400
169400002023900000070601900042150370301007050780000200000000107007040800038010094
900076100004001006076400030000004060708095001200803007480039005000507010512640000
004050029500491380930000000008060003000007002309204508051079064043000010000102005
060103870010200940083057000009006000050700000300010529000070058205081006030625004
137005209900320108004000753090002000000093070210070030000031090650040020370050010
903620000000070360076003150000080000000062095507010080060950047800000923704230010
004060007000807310790300860007000109009701003815030000950070000240903700070506002
004003009507000030830506140493067001000945200052081700340000900900008002080004000
000006040472105609680000730058749100700601000000000800000960015006317020009028000
450000000060031502000400008020008070180302090003040205590704803700683009010050060
007109000000052179002764803000006081040910500080000007006500700010047036870690000
150000708800500603900203450060007005005800002200400806602050080017648200009000060
010290006003706920000005040000300680600920007230081000328070465070508010001400000
300764108067500403800209000050000080000072010000006009601000975523007041008105000
001903070000085140050200000106300954003009700000754360004001002200006500605870010
200035710310080000070004009080020100732108040000040083401309802907060000000070905
860013290010200000300070406009607005070000062206008030090701300500300079083040001
806000920007300060350000487504291000030000004001043000960017050003520001005030708
000805002120300087083020050010080000800031075007002890904060710300408620200009000
002805607536001800001209050400127009000000324800503760200004030350000900607000000
104000030085600401023140090000300206301070009870900010000005060037060002900002853
006034509800100230700006000050010300082300700070460108060081045528040600000600007
074000065030050008082096347001000900200061780008035001005000476067520809000000000
030800000260500803008003950502008300080014005410000060094230000800009032003185009
005006830030490700760508000123609000900010203070350609047900000610000950000004006
000200040029504003830700059010030070460007501700051006071065400085000097000800005
090080100480657320000000800000820010634000082800403070009370658028069004070000000
023005060009060512000000008306700080005043206700090345000000600190006020050201894
970000580000900306010280009001530204560000001040001907000316008089002040600049100
710490800000065400046800000000317000009080700501940000360100980158030040920700060
960108420107060300000040070201006708604700010000400030016803007008090063090600050
000076910060480032008950604050700100090028000810000729506240090004000053000805000
900000030045020070080109460600037084057002600004008009020060001060080090708054320
003090620010400300602073015457230000039051000000084509180020000300000001075018000
000000060037009000402080719509010020801732045243056000000020600020860007010000280
500048030007500060830010027000007005050020006701806390480001700300905140200070080
000000300204071968500800070049000650000600000005743000308000106971060034462300009
705042030030010800800503400309001062020039708407000013000300270073000005600100004
045302600030067004296801070301900000900006538007403000802000400009670010010000800
003060008000090736000008105900030000300027050708009002480052003006710084200480507
001706980080000050000890002207903805400280009900000043800009706305008420006320000
070105090002679008903000070200403709785000042040700560001040000807001950000090003
000930570000020608090600030800090400100860305000451700268003900901006800700280100
806910027090007643457603000209001400004200009000008300040300006000160000600042790
005600047940007000700140605601090020000500760250406030000080410460300000017064050
700040010000730050453100260009020806004007000300468700010290080008004070900806130
240003000050100000801005037007000305362057801500231040000390562000510000000076003
092048600000012043340000500800420700027830054004000800000007309200060075035904000
005000009200900581000800200170490000028305014400102030860247050730009800000003090
000040890070520316830060002000800003004001000900006100708013000000784020601950738
200900850950003200010006790370049002649008100028760040400080007001030006062000000
860300704005100302070900000080601029600000000530204067304020971008070000006510003
320408001600010000018302007000986000060200804800003009205030918080509002490000070
021060000080501000000300007004130500005900030038000974070040061810700403052603709
040098705518002900706410000005000390000050208000803500807001053060520000950006020
731400690865039010900010008297060001000120073003004002528000106604000000000000500
020900000609025400100034000090010305710000040543602091000209000487000209950060030
103900027000030580042007000910060205800070300700509100068040002001203700050001034
700680900200140070800003021600501804007860000010230000086920005050010700300058090
020000600000400003310000005602000400090200068500970010403197256070305801000608039
025030100003000470108029060401000000006000900230050000300405089854096207070002350
709000000000257609208960000000000164046003002097006300030090541005600093000045706
200070039000039001010408000500040008600000750320865100700300980852000307039200005
804010007000200084052408090310004829040503000006090005020000048003082900080106002
700100003010902807004630090070000368000506000802300050906000000040725916050860004
005040300007100500014072096050000400076210000001095078560300109002050000100069750
000301502082540070005209410900705380570400000003600000820900057357100000010050000
000014358104030007680002040005300400027049600400020700506001800700063002910000030
059030004006409052400265900900008040008040300040920780024700006030000000090850403
003560000006810002190000568000752000000000279712090003007001430008043700301900800
080600075760300400025001000074200093000100004290803060908062040002000089607910000
080100639000050080927806000750010800002540761008070000010203006003000900004705023
900001000432509010000800290001096020023050009040008051704060080005710906006002007
507016090000503018106200703300400000028007000050061000090680140860149005400002000
548700001609003000302506008050000290896400030007090850000000010460900072020100083
070060000001000850300087620100204000530870000407300980600000700042005000813740569
041000280006012074900500000030700810104083007700100003420007156607020040000450000
021090040300080060080460032002903480010020500406500010260040378700032600008000000
050400000001059000093000500037028460810346090064000108000832709000900340029700000
130750400640800700087000000506920030002000607004030050001200385400095106000001940
140009070000002400050000002205000000800305097300760000910258346586040001003000958
360500000400920501012000086207003805003078000000050070005000190026310408800095060
721500006000960007900700503800010650540609000100300280003800760070050900090230400
100400035000018746094005000060189050000000087030040692007802060000034000900001324
640059700003780410010000890900020580070030000024810007000200000100540009009671350
030100008097000130100503000001000480003705609006040000019402800040030291762000304
030058000008200070009000580005491000080537240000602710801749360690000000070860000
100354068040071020530080700804000210001048000603200487085003009000007804010000000
049850201003006045008047000305090004920030000080002030092601008506400000807305000
000200006032004800096170240240030760001000000500610920300700100015390400009040053
502806349910500820004009060730168004000400000428000006803005000000090008000601950
097040050060105209020060748000006000739280005040709000003007000980451007006308000
037000800010089005004001020308004051050070302740100068405090180070006503600005000
200093008538010720076080300081450000000800065705006104800007010040069037000000400
519072060200510003000006201305900000402060009096820070701000036000004000600107042
050347008083650100060100002008200700102400986039070000000703200020016003096000800
000370080310820540068000900000480000127000490000207056005008060604030005800705230
004000958000003600706000400009601003060049280430705060090007000541802000678130000
005700000230054010497000203001503000000841502080200301700409000002000604948600007
600582003000600800082004000008090000090200060031456200000803720400901080809760014
083000061917005003246090500630020000090050706070060040164500092000902010000400800
300162840008700052004900670800601900009300480002090001006409010900000000027003506
070005090500046731100003004000009276000050103604000080000502308009731065301000020
902601800000402130164070502700504601400000900020007400800000210090105000040060705
030000000040560307200000015008200043300046102010009008120900700086130090500074201
500370000007068400006010009001620005300049000604580092003102000240090107810000506
059003700003006009020907038000850006208001490000700380500000040806300900907400853
073405900020391004004206830700050000005004207060000480980740150001500000000608300
408000612710002300620400900006100080800709000000805234090500026000387100105000400
503080006601030509008460000400900060062000017300608000000006730005847002206503100
000806020210009008075100460090008740060091000720040090342500900000900302100023800
680350472250480060003070050700900000040000029192007800800090236020005000000000594
001950804000000025304080070005008000070010208030504009042000761067020090103065080
600078400300020000407010063000600100006504090952001680204860001000009008801007340
000750903003089006090020584000190200000043609500200000206935007930000062040000095
350074900010092056900600378800500017000080030003100004002006180605031000030900060
080120000200000000000038000700080100501060480008201573160870320002049750470002060
080605900900032781000000050006004005000571360000968004009840030630000098047090020
000000092050708040917060538670045020825009000143200009030820000504000000006100400
005700000300509000000163052000902700900071005074600091020000400059016203100094506
407020000006150400300090560000000905013270006740005132000701254265000703000030000
290470000004008570000603240400761002000800000716032000841000960002300050560140000
100204600009108007400906530870301200000825706000047000700060058045003000000002904
604000200031000405005700000800000050150347098000805107700900840308076500000430702
056000809070690002001370600035402706000500080082000400000040508608200900590016300
010050930070004061080071540006023090501009070800040206000000020030400685950000704
020897060670203048000004000060305700900000000037400010008000590316008027250046030
800052701005710000003004000760139205090487010030000900280005006006003078000800409
140209006002500890008701002300020080400658910850000607000000069206970000010040070
080002040040780090270000300900830001036520000028100005094015060805000003702308900
005010040000063105007254003500900060010007420430620007008002001703096000001380002
406100098200506003100098050009005040080409300060317000030702800800954007007000500
508600100070009605009530070920100706810700009000008003360090000100065007400007362
302084009000000830809210004010050078600709100700040090407005001208067903000090050
040103070001020000090700200014807000900245007850019030070000905005901006620408003
000006301507029080081005700060300920900760000073050006028007009010000500050613078
036401070004986000002000846901072053083010092200004008028000010500239000000000500
008030045700000803360090201000000900040002007207803016023080109470000020180009750
150007000268015000000062054005100002847500900300689005003000080006300009500290047
317900008500804000040000097760400012080206500400100009000700930904013800001609005
060008500800407010507090834075000328910682050000000060006210703000000290700860000
804010006100600809000428031008000002400700050925001400046100200583240000010087000
670014080030002006050060240804200000100003800020076904040087001010005008083020460
010030060500478090008001007800000914020304600460100003005600780002059046601000009
005307018120080600403060000000748000004900006900002704530294007009006102860000009
050000090912074308000509004004031900063800020090200780009008070201007036008060009
000001400050804070478009000063200790000000025000005308204070000906003057710902643
920060005516200409070094000000003950700620040049850003607000090300070260002080300
062140980050800000030005104040980006001650048607000500900006810408510700010000009
203650098069000000580030000670000025051700963000006700390200400000064001016800059
008009045024085000310047809800090102100052097500000300050000038407000020209030006
908006325001400097300000000080207000510069000206005000750031240034702956000000001
060020081403700009900630007005400002074300500030082740801200000000160804700009210
000271000004000290205043600006010507100650080007008020001000040073504800540130062
000002060040380000100590024060125040980634000420000600004200085056740002007003090
005200981900038405407051000000070309200000010000506800040803000763004058000060143
007405206000010500500029800010072900080100400006090302002967003970030608001040700
003008051020000906005673400300400890150087004000060310000100008086009023530004009
300005000007001009080320640738009200002530700400002000073008401126450097000000023
007000504018920037300750000900041800800030100103009006009000005401502008050403209
400205630000147020002080000020739045005628390030510800098402000000951000000000006
061580902040900180000001500100402007000857000054096820600309000900705300000618000
490000070005607040170200080741853260002000004003002017860700005000964030004020000
501000003000509002900620000000346905030290000605000320000160759069007801007080240
062000090003000200958007060000610025000200030096405701401002000007984000029150840
000100080010040309509060071100030890006020710004091200007006020000954607065002008
301000470002134800000208600007000008046815700830407006090080005600500000010042307
008053600600240000090080100200000718003070024700028360020730481004002906000094000
900730610203009000700200800000005081507001009098042005310000046604513020000020007
000302100150806000208007693005068030000700260002010070001004086400080012500600049
700010490021000008009350070890600540060840009050700006005000007003500920078934001
500000810498102350000800700015640903006000470000300625650009008000086530000500100
002000865050800900906000312007089100000304780000010529409000630070461200010900000
698070002020803000010060800007038520004900006080000043006002900572649000930005060
008069201000003605065700900040001007020906000000427069400070093902034006003005010
100028706700160830000037005610800000504390001980000200000280060006009103091003500
080000030006840507401075800207009000008013009600700450879260300000000160002504070
094051007701400000020070050548100000000000180306002000139085620080629500000010809
001300540000020907705008601050004000030800054498015700000063010840057009200080070
789005461000678052200400000068000000004002100000059306605030028890010000470200010
000000006621500047870000000006900400702000503384057192200409630900010200000200019
500000000830000007291004006000700490080640000740023610319200704000490180050037009
003000089248010530090680040000308001400090070309500600704002003900000852800930700
130042590008600410900005000001069753060017020580000000600300200200001000013026970
070050960050619003006002108020405607005000200800000041600581492004000000500320006
062030000190020360500004091309000070025743006700100800001407059908065000050000700
804530700000002000023179600007250009905000000400008035208041006749805020000900800
000000179084901000001270000500030000960100300003097468019006004206314005430000600
985010600000650080146082700050090000009100006400000507500300160602800375038001000
005841900040000568200030471597100040000004009100060785900008600000407000008026050
549703006600008074810900050003070640000000010026405300000007820290001035300002060
380160000050000901760294005647002300000000000095300208003000000514009082020708140
080013020041506700000842900090370100320000004600209050102060000700128600000905070
006920000010670005003045960000490078467801320500000006000304080000700002608012400
700000239040730000050109800810000070009201680004073100007005068000017053596040000
425083700000004030301907500038600000060309410049802006000200000002700003003006295
000600140800200000607000002400300600769008000052701400020007869070809534083046000
003090620090400300502068094361250000084071000000043206130080000600000003057036000
200105697703008010500000800000080002840500069000461358600090500007006003000052086
040000039030400102090203754300506801004182000601900020003000040000051200950070300
200105807007020000380000056000002419043001000108004035006210004000800060034090172
300000207000009048005041609804205391000004700012000406000090074050813000090002103
500003806006009015187005300009070002250601700030502000070000000005827409020050607
071600900060127000000304010040006090506000041980010002000700839000960007792500160
000542000008076004400800007000089000009007401020301089285904370000038215001600000
230104000000700203004200097301002059700003000000870300056007410013056072470000600
027000800605300000190402653200000000450230007006500030802000070000705001503814206
000000306502036900369807420097060040000504000450300178000040069000900200024080001
502006703004500100600071002100300004007050060053067280278640010000005030000800620
000425300420300750005907002000509120702000000039070000810690070000050840076000931
067300148050017963009060007076100000528070000000004206100700054043501000700009000
004600907950301068000790023500860200000900070460172005000000000092030046800010039
000059307079260000050000109006000030900680041100004086610520098000400010580100073
200800000170092050008300294905008040006020030002409510000080006807040003603910080
308050060007021009000730000700005940986000005240003800060018700002904500139500600
709540002830900700540000690260000007900610000070054060680002400000805913005400800
190038025048210090050004080006079203210003000004862010000021008000000000801957000
000700405700020000936504021600400800800007354403100000074019000300600970009300140
060020150003800200015069030730000010650008390000031600080040023047203000300900041
920807040713240058000000000600009800039000070008002500302750480040090132801400000
608043790002007016900600000500004180040030050800069040704005361020006005100078000
820000034005346708004000000050900082480601000900002460360190200040800319500020000
971082040040031000002900001790008000006390800000000192200004013007069250000723060
490027100310506097000000400003070900060200300940600078109060700004090081006410009
200070500700000090680451027063812970108000002000900030020003650004620000006700048
098000070600000100000370000001060920060250007040100060986721000012090700753486200
286000437570600000030027000003584016000000040940106005004250780000301600007000350
400250790000300480075080006067002000080560000503400800040005070806000129009620540
081000437030014006040037015950000142017002060000000370800006201290081000005000700
000040000000035700000082564300000002892564007670800005020016078038200400160300200
050020040040903500700045031008000024000000609927060103075106000000504800006270015
001000549605300010000500020700906208030240000060801790003409000190080450046020003
001070800040038000008500790162005340384000005579140600010600000000309006006010502
031568000950327410007000003019000006060100800040900030200051084100800500000094021
005030004917005680040090752103004000400560100020008035800059001000040500034700006
400570060008023700572890130007300001093040028001000006324900007900030010000000043
034107650001409000009006801080013090000000018902700006090500103000360084003802005
050006007630007980000830005083500610000083459006200308300000000048060000015340790
100050208302010007005000603000081000900537802837004590003000080700800400600045109
451098600006004000302150800000030908805049030090075000009000200107000369020900107
376805210409000308281007060520906000060520007030704006600040700000650000090000002
002906540005400000490020300208054069014067020506090130000602000800030070601000400
080000205002089016050040009003000801000010030800030607790301004036750020045800103
005040300007100500014072096050000400076210000001095078560300109002050000100069750
160030002000940618000126070380060900000059000029403000000384250053070400040000701
034605000000700053500004690248000105700350940000012000302507010405180300000000074
006971000070080000091060004083029640004800000020350710002090000000142089000537260
000706200506000070400890600102538407007600528000020030043201000010300704708060000
834000200700080510009600800600410000403006000050870406305002900206900050190730040
300700010500090040201540008020007090040002700730904601910070800002069154003001000
760092000230000640048006001412000060050100803307900000600249100000000004094713006
023900001000170020010000078256009107307012090198000000082034000500060080401008500
080000205001082076020040001006000107000050020800090604570309002013420060064800703
000010360060380405103256008900560200720030001000002830000600000050000143007140026
500720100200000045001340020308407060010050079600000014070000080804573000060089057
256007083000200769789000205000000002635000098020853000007630004010070000360402000
380451200405000008172000050040900187003106000008040900007800004000625090021000830
031568000760312450008000003042000007010700900070200040600023014500100300000045082
000005719820600004005094060004080000080042300070006841100400900947068000068009002
800007094000864573400539100008316200050040830060000400010200008009008300003070020
104000030062900701078610050000100307906070005210300090000009070029030004400005219
000701064090000000840039520600900205058060000002014036061093408304050002000006007
507248300492003000310900020651000030000580064804001052000000010130620009000070500
