003009048000048000040360712590004003607000800400030000020001350008097400170450209
300160409160004070008009100510072600000000200480006507030405002024300905090600700
070029000012765040406800025900204100050090806000000000001906070083501960000070580
001903070000087910090600000102800437006001500000735620009004002400006300507290060
196700040000030060000629508800200071009056400302907056001000027000070194200300000
000000060037009000402080719509010020801732045243056000000020600020860007010000280
731000002900000601000914008005000900000570280213069040008702109142006800000008020
450186300000020800368900100200000400006038200005069700789002010001000940004890500
130000580008000021400100300629040003001030046040000072017006000065984000084310600
000000004500140390497025610000000002000206045050870900083050060000000203625930081
493001500207300910000000060000500092540012006080007400030280105805006230004005080
078920000062001709500080026010090050800105490050740200005010000100802905239000000
065840023900006000100300700030004000000000346614539800009408635486000000000760090
400003008200007600810000040000074006704310050630020000978500060002698003301042009
932080100000091003064002500007658009305200000600000020850004000400709051009800642
000670093965300720003405000501000070300067008070120050007840061038000040409000030
400100900009800735600790000010007006204068007006010850007000083892673540000004000
108045200070300104064002800640001372207960000030204006406008000003000048001000003
100000003200030080030002104002007040800509007700340010007250090400068300593401260
060090000800000307057063009410058700900000012032040080109500030603907050000032901
300092005000100820020007046012008009004700000705623010580001060203400501400030080
027003004514820600000010050076458000000090067359070420035609001062000800008000000
100050208302010007005000603000081000900537802837004590003000080700800400600045109
008523790057004000003080000010846003000301069000209085560190800000730640000000950
080900002020054060095000401050090604840010700200800000500060008910400206068005917
000000960007149350090570000010700800472600010080001206245360790000000680060900003
167020340500049006408003000900010030010536907075980160030051400000000000009460000
361704082000185460400000100090806310000030905040000608830510700900060000000908030
348201007702030089000008034006403000070912006209060000007000605010080020900026008
500081600004007030602900470305000060090063508040012300008054000150000784060070003
800597300915000407030004000070010600061070095093000000000603004054020738380045000
504006010008900070009570380040020950902045008700100600001003090800290007090050120
670301050032004806100800790003900128000002007000050060381000900004003685050400001
002008000036274810001000402490150007007009108010020090000000030283901040009030201
600905800010200039890006040961850004000300100002400900009602003040108250206000400
709002003032010600060083004070820406600001900090040130000008001010056080087100502
610809400004230860023050000030018040000607051060020980002000790700300000140062008
903200050004100307001508009030090102016023500020080004700300005090840070340000810
200806003009100876030000512910078004500000321000001000800709160165000047094000000
824130000003002409501670308000003096037968150080010030069507000000000000008006005
007800600000970002040056001876000210002100306000020970394000007080740009020590063
004601070095702400160000209009060008000300050070940030023500047746830000050200600
200500060000007030040038702100076000608925000090801056400680003985000020001750008
375028010000103075010000200900306000063800001001500736024900160790400002000260000
005340820000012560004000030062081045050000018401003276000430082020800001000000093
050020009200060050800150000568043200010200830020800000080900407076500020402071905
040030701000507026078000930800005097001076300062040050129000000400200060300754200
001758260004000008086403700543906800000500000670080500007030120098000040005600903
004060000790080306106930524500004107230819005409500080000000000000700062901040050
523906847000070130000800000060000000200005098007001653706050900090387020850000074
709540002420100600530000140970000001800270000060059030680005200000804513001900800
708609034000030570000270008080007600907150003400300750174560080005902000090001000
000246070007090000030057049004000580005080400300010762203069800056020030409708000
701060324904003060000052000075084032103620000000500000049000010000048009210305076
742801300000030008300040017400010090003560102905004800004050780600900050007402030
607085020900200010200600075042300608500008030300506002003050201000102540105003000
380160000050000901760294005647002300000000000095300208003000000514009082020708140
057060240612043895000820060060000000504300008730650004090204000000000081086130000
400900000329701045000003907006030004070800036140070080030060092085400001060019500
030017008815260070000000906000005023006002045402103000078036400000020687901004000
420000000807000416000800237064200000780300090900708620008020040506010782201000900
614305027080090005509004010401000009000000070007009030306028054042016003008040060
800700004060000820000290300005000009200930040140820630520109403007002000410586900
007305820940100070020970100400021680001096203000080040569007000002000006000600732
000002600804590027071003050000007400683040079907006030700000895410000000008600714
060190008370000040189420600043000800890000070500608200008051060020000507604700031
600390075090002000387106020030827400040000000126000098970000001054001030001040507
000000400000802009068003005006700501010084090009361200230900100590036040681005007
860350017750201090100800030040030050578009600000502000000005080400020165090086400
000014076000000200060005049030801704240506910501000060408100093100040527000700080
500693007000040908700005004840006090175420080020008740000080105208030006000067009
020001578000002600340007090710000409034500002800000015403108006007006154160400000
000000830100000900320047060500608302643002190002010706000750080430009005807000410
001600040846009502000470800010007020073056480005200001062508390057900060000001000
328091005050040972000500000090007000200604597000059410000002700075080100010970380
009014060000006071000030400305169000002300005910070638291050040730490000450800000
032004000400000800000800054105000029900000741624010503008170405010002007307059010
805007009001490756709020300004000207002080190910700040106000074297800030000300000
007295100020700900000006007000069200010000009000510870180050304604001008975384002
500000831801240090090500026604070058000804000010000749006902010009381070020007000
910700306600000400008061207001500830080307000035602001003056020000803045006040100
000090002830700000024058300200001450000004068475680000941030627000000030062010905
610580039200090004300001528090700000043050097000019006001000483405000000002034670
065840023900006000100300700030004000000000346614539800009408635486000000000760090
605080039700030000001450208070029600056008920020005080208003070000860002010002890
700060000000412700482007000000608540628000039500300802060570000000284950890100004
070200600640970032020050070089500000057008063000307509030400706000009004490065008
601009500200031040000605138970000800000500970005906014090002480800004052010000390
000100347010030000703260010002943000104000930009600405080001600007056200041090053
007600430000004010403000002705001369000900007391270800542063000870012053006000000
400060800200080150018092040000000409087920000930610508006100000100040703805206004
000520760250090008003100029008903001400000900900610080300050876009700150000001392
003002910000803007057090300000620075470500130506007000001270090005040068028300040
006500001902630780005020000024000070030706000609800030000175492050200100001068350
020104050340200870700000020090000065405307002002608004010000500006501230504709010
000600000097403006068002397005740600040000008082001045000900083809035060053004100
201040000703200150090050000312007000040023006076800400000905060130600800860104502
060105487048723100007000000006900732000370000039000000920430008070200300603050290
060005429740002005500460000407503200010208500002017030070350080090000700201700050
004600093020800600006900248002708004009106705031050800008360000600400030010002086
000501000945070080001006452037059200080100007192004060000960105000010704013005000
807120093000000020500360040250071004006400805030008200700800030103200687600043000
006009753007500620513027090000006070378090005002700040780004530030070080400080000
806290473020070060009605001000068190904120700600050048070500000000000680000082530
000019002607000140108406005300705004002600900970008053035900406080000500006540070
003400001980003006740198023600709210150000308002000609307000060090680030060007000
000002060040380000100590024060125040980634000420000600004200085056740002007003090
030005009040900300907301200800030495029500008006008700603200800080016003092000510
009402008013006009200900030042305780050060200100004060020840106086700003030050800
500006307180050000030001006005000243070164050008030600700620804060013020400870100
010069340300520009560004800490005003050410960026007400900040537000090100000008006
003700085190040030080030000030904000007010204960200003000000351510362078378000020
380451200604000001127000050090500617001803000005070800008300005000985040012000930
210008030800170004000360009700000306000683050023057018400500001050714020300809000
000008000049050300370200000701489000082076019603010780030090040014820000900104005
060009007075023000001060003206008000903005406004096012100040020008600700607952300
240839100093470602800020040300060010001258430000900000000001026010080050670302000
510360800072090005800704162360000000140620070080019430000000901900008700400970000
006000071035100069700000400610040950000001080908625000000082396300019008200300510
070092003695000700000076190020103976089207000100000008013029084000005300050008007
030251980900070000000009534304006010070000046000035792003060050150000203640000109
039104080000307000756002004008020107020000000567400009900040000615908420470500800
108240053409538027003760000000000000025000060046390800602050000030410006000687200
540007900008000070003049005079560100061002350005190267300000712050200400090000006
698070002020803000010060800007038520004900006080000043006002900572649000930005060
020148050030000009570639240100700503400500720060000000200076900017080600000905072
500000017130040098000701000481050000075098002600000003214803009753009004008020700
290470000006008270000902840300894006000100000945036000531000460009500010780620000
019000470508600090724951800062170500000200000871030260087003051000000000005006004
089000524260500001010004000000250478020600300805000002000900200051832097000470013
001000700042030080860000500094078605005002008628059004080003200000825007050701006
100000005023570061070690002300000000001045700650089420005004210030006009910057600
100703600000009008000000730062500149030004070015006083201340065640820000073000004
273000801081070006060020937020340000107000083000807090000091004010704000590002108
403050800200708030005006920029001058700600009100005060007480003000007040941500207
000010804610850070008200000500408006234970108000500000040382090006047035120005000
540801020000030801010700360000009000609000030005270006320040700060358209908027600
270800601001064000060200050507902100048600207000040080782400509000008000005039420
000040002020100600603029000012054000800317009030208510090002005256071030300000406
657400080309070506010006070740003000905000000000590420006024900200105064080060201
008000059904005007003600241030000704402010306671803090000006008010070020207001400
601009500800017030000605891480000200000800310002506048050008460900004082040000150
103700465000010300004230000010052008038000200207040030300900020042103600061405090
020070800900001623000263000000730080030106200460950000009600340180005709076090010
005307018120080600403060000000748000004900006900002704530294007009006102860000009
009005021350010600001009500090070003630028940800030006900600050176053080000090067
300810702000620000720340986050000470183000060000950210004008000230000100609500820
376805210108000605952006070720604000060380002090507006500060300000470000030000009
030490670060000050008056003200608045010000002053200790000800030002915064581000900
000205000000300070001080050018009002302501846007820190109750300075000080280000017
040080700001090308805170400570801003603052840000000002006308004280400501000005600
530004002019700040000290100140600000792543816380021704000050600000800000870000030
800005009097060350500003800006357291901020000020000070003070980009500600250096003
010000520005000009040100803023700410500200386064030000480005007300001200207089640
503901406047020010062004900015200097000000605700480200000162300630540100000003000
903500080018024030020000005435000069100430000002910300040007500080052007706309020
920004756531009040007502301206400107100200530800705000000000900340001070700020000
300006008080531026000002907000020091000000700500047860430600009006200580078003614
405007002700268401608100370000000500903570120000410703201090600050800000800640000
490000070005607040170200080741853260002000004003002017860700005000964030004020000
265009400030000070090840500008006000020590004000080015602058300000460129349000650
008200007427180009015300000800000092093428061100790400250600010000850000006041000
700004800040030760085702001008070024090800010670010008007409183001600040409001000
500004260706502301800090000070805000630000800005960703068400000050000002090723685
718000359964530000000000010200070080000005023007620090401000060690052048502004007
620004090090005000100920463905740326300080700070009080040050000000200150512070900
870390000001000903000007450308076020510400600607201380009012000050000700104700230
094000005000000900160000008041027009576000004928050370659302017010008000030900026
081030400090100050500906130009800040130072005050300720002000070904510003005020810
500060240001408075084027010002016090009000000076204031020000107700800009068100300
804010006900600508000528049007000002600200050192005800079800200281750000060042000
079000085034000200286005000003604002600100409450000003040070018095403000701020904
020400000008300456304000007600700008542083061007000040000630100000004085061258970
000014358104030007680002040005300400027049600400020700506001800700063002910000030
600053092003491000079062300790005010204917005800006700000030007002500008000620003
902050008000792641100068902500086304000000200040500809030805000017003000005640003
000006001283071000001849070032058100005002430009437006050000000140000200326014000
701684950094000080008700000502400139000023005003108400005317604000060010010000200
000000009390002016860100070600005082150039607900200501237000408006427000000380000
403098000000206704602300908390080050006900800000005100009063047030049200860000390
000907040349020000705840620064001000008004095007000006020000001076195200590402007
007009602912005004038400019070090200000203006000007940000314897001000060003706400
020001600870406015090000080058007190912008030030500040000750300080064009200090450
140230570652800014000040068080000053009024080015008600090400800730000100000703040
000200004200540800407090025195604730800003060000080040700809210560001087080060000
080900000300006004902074856000000501028019300001480600090500028203048000040002130
020780500374050000000100070067020800900375402532060090608010950200007600000090004
001300540000080107205009608010005000050400089349067200000028070130054006800010050
100304068000600004470280900600500312903120050020006079014000087050760000008010000
070632040402000370395400002241080059057000060830059000000000010000200097000975200
000010360010280907209673008700430600150090003000002790000700000020000819008150076
040170080006029305000000201020001004804092060300408500539684007002013000000200600
008700364000469020020080507000004710000000080401005002310640059970308000000591070
504006010008900070009570380040020950902045008700100600001003090800290007090050120
069000130200350980805009270500003407003020009097080300080060700000900002970004508
008070600600051730003400502090600307040000106002100000085004201004010068070920450
429000000800704020000209031302900170000030040090870200200098510000520306900006082
005013704000700000709005206473600012608040000050037400300170000540000670087500100
760238010000000306508160900640800009021000000853940000006000251400750000090026040
008752003062043800000000700000400000000008059570921300091007504000510980085009130
004006800768005900030000705300200074402800000016054302000108009000500017520090038
085020360001004009300600100007060800000705413030200006800070041020000005703512690
000078040900042070020690800069010004302060090004200567000084005190050080508020010
907003600601750020300264007000032064204600000000008100402380751060407000800005000
201740063609001800730000204456090000008524000070000508000000480094008670020050100
040098705169002400807130000008000530000060802000201900706003094090810000230007050
000700405700020000936504021600400800800007354403100000074019000300600970009300140
000405002500091800000300605006000923090726080482000500000000050109002730230007461
692000740700800060450000300010048206300027495000050003023080600067005020900001030
300058070051070800009100025408061003010092006600000410020306140030004500860007000
607298340000000090403005000170653800006080070020107050040006017200300060069000230
000734008500000000740006001970060280000400700050203964400001800605000192137000540
030960520069100004002008300095800003400530080003000610046271900057080400000000067
075090010003000040090503860800030026957006300062087005000000104400051070008409600
004105067005903008798604300907000005256000003400051006570060009000000070641009000
005400060460021000301006840780009000500080906900043080000304018150060020034005007
000903750000207900000508634800300060395006208200000000000051000580692070900830016
610040073300176000008050046031092805000000320000007000042600781980000050100000439
000026130670040000293000070000092050409801000056030028040300007065179002010000096
080000070100030089495027300708000400009284005000000830051300600043569000006048900
204006003005790000600004025852000010300870600000201058070400006420100089060023400
307040002500600109000978004906000800780020093051300740009010000863205000005007900
610305092000040000024600083402061530001000000080072901209008604076024000000090020
035008040009150000178000060920370000560810007407290000300020006806430070000001504
030800061070019352010600800000745690000000040460000200000071400009280136008500709
150200300240007085000091000091406002060009010030000790087605230000073000410028060
000810003103570060040000570001008040304060020060043910006030200700005084019480600
000600000604200007037084156008001904003760080509008000001006049072003010800092005
051000004300009200200500000400001052062954387000627009703002040000090003815700020
200000090006802503000090086050061000030928710701540000060080002502010008400256900
014960372006300090030002000002008109700030000158020600490073021000004900680290000
426100379008000260000030004001028607205001000670540800000400590069000000800003716
590004000700602590400070310908013020030007081001800009320001060000720040067000950
908006325003800071100000000010603000520087000609005000480091250091504768000000004
000060901000905007924010300070080100800059002503100048302001590000342800480000010
804070900000504001207109008400360000501092706960050300020708009000603000040010803
308000200005243610006001003032400007000010300080320406000000902190800060250639001
000800600070000009359000042000050300002903405000700006295046003861000024407290501
100084700082907300740000005070000023360100000214053000009408200030002908007300016
006040270710050063320007010053600800000309100960700024100500000689070501000001040
890067324405000100000001007006015900038070005010000402704103568100250040000000200
005006017008000060069724008002000705610050080030908106006000070050080694940010050
020807001005094700097001020008419065410020000950700800001900030009000102203006070
900060300100540689008302000620004001400081053010720006200800795001000060009006030
000000060000600240496032070100200408070000032002300517740800900003019024050400086
041007000030200581200910004072100360090006400000073900980530040000009106507040003
100600070659000200730000000000020890002470310040108762000082036000760480006904500
090870136087300250001050008300020010018007004060049000050000340074280500003005007
009005134300817290102000007530090702090002305027600900000000020000130400903000801
000008216809004075050300008000250800004036059000000000000013082192000760738020501
000700050108000009570008020700940061600000290950120700205300040430209010819500000
537000010200003045684001009000090201070100030000080500796208053000600902000900168
824190003705203401013006728000809207000004000080070005002008006000000100501300980
040000208200580907001042300002007589004025000390060002750210090000070005060300021
409850060706040050501709420007610200208004000004083905003500000900006084060000100
513800096000064305020050000031490607000608000600000540145907208000041700070000050
900030020735920000040010090016300050300000986009070034003164802000090003008200069
020050870006207040040006132007180200000045760501700000100970024900000000670004390
009031700060208000008600500192074800034089120580000000001000000900710250805060041
503900006207051890000000054096810230020530040000790008054000380008060079900008000
700000680006007051004000003025000810000581304048030090080370060271840000650020008
001706980040000010000120003408902106900610005100000079800005401304001690006470000
006403000009670035750000402200000900064007100090824500000540607085700091017200000
020000648461058000030240090300501000740800010109700003003005104074000052500023000
000800901702091300109004500006402079050000430007068000600903180800000003490107600
750600080302000000648000000000734026400000010000800943520009008069371054104500060
400090501006002000780005260605800000200540607007003805360758420054020100000000300
052000000109000603630007205070100300040852061010070050061020030320010849000500020
690500001005000796107090030702000004360408072010070603006000108908004007400600050
600040008000000000048205100830050019070060004906408700007503986589000070001009450
000003085070510004600080100106200030042098006057630001000000208710029650200000907
280076050000000069054030007070614030400000000302005690520460308190020500040051000
067050030910800006000032790891400052600305080000010040006100204000003860780504000
003000401068401700900070006007065090000200560695700003156830902000050308800004000
360500000100340605075000031702006109004073000000090080001000950053910406800065010
905360012000012745014800060100090030706500198059100076000006001802000000030400000
015006700000402031200003080150020000607000019908301050030014890400680000001030405
090867000070214950000359080100030200500020070002748000000480300000100720630002890
000000052030960040490500003000356097305200800760008300070620000100030570608074030
051060300600735000003000000000600280980001036000000000068950471710040508520107903
100300004304865010700000000006250079820017006005600023049002300000000068580130002
700409800300078690905000001058000230009304060040025900090700080000801000827003409
000080240416205030200004100000800000604970523090500007000002601065310070120060050
921060080400598002530200709000902050010000004780004020100350608053406090040000000
906000200030720001200069050000002890603897000802650400009015000080006010020308049
005602070001400000673905000050300020100009060062100048000201807700590204504008010
400073016000000000906208470097800100065029087000100009640900030580042600000300045
000000061095102040206037050100058706082300910060200000051800600009024100700600090
204096305000785240518234000100900060003060092640000050700020409002600010900000000
059004300401302000300000960000009006906700001007020089004570000590241008602003045
900036070700050010018002403007003000090020500006509732009000001003600047460397020
700403056000102370000907000020005000007000093030746520801630000204070839095000600
700200000013490726000060301405020807030080009000970000000042963002009100906107400
007000200302570046001304800803002460090610700100000008030000079400097010709035004
692340001000900063570002089820006305059000000000005800040509008030864907000003002
801000000030009610207608504000800902700360100048500000980030456015000203300000091
800000170030470050005831600003090080000240009060050700300080517107000894009705200
003400001980003006740198023600709210150000308002000609307000060090680030060007000
460080000000001090002907854508100040100040500903058007004015200090030065050004130
180070092070659104000108000467931000500060007020000900600300800730004000040290301
090523086005080400060000500001640007607010008009300021000130060103002004086007203
670080009200640350300092070403006000009004086006010490800009000940200060530008904
000602000080370409690010370008150000004700100032009540470000291000207038000930700
107000060800305170003001200701004096060070500005906800930602005200000034006037080
009467030600185070000000010438000100910000003207030400800709356060200801000600240
090020800006000027030000090029580063008019045351460780900600070000095000203100900
250000000908450030000930000000106057070000004629000180390014070400570010187090045
500000000803000902400795100010802003048050010009470285900536040300020060000008307
603000080040370002500048903280590000010000890090804230030000000050082006460900528
020000000004703500387000001030056002206300080801407300910000800500018070008935206
105000390600519000900007210000096500300005907250080060000078600890300470023900800
002360100080020409006090800700600000100080040054903612001000006070236900038010250
050708304004015006790000501217800650530107048048200000003000000005082000001004002
009031700040908000008600400382094500075086930910000000003000000500240370704060095
800053020001000800070028409005604000024017090190502708030040200452000001007205000
019004000407530906863900052050600721004000569000000830000003080080400200605090007
000006000590438076070190000806049000900300068001000403405820010010000502708905030
074100360200036000006008021900070800507802090008090570000600007420080010700204908
140007250030020400002509008200300905050004007970602100000263590403090061600000000
006050073304009800090086040005090002100405300400010057023960780600208500008000020
000400260006730190058610000009027601800300750000046000000000800093280407001904530
000905478007030901840027003030609800500200600908043000700300245020450000400010000
300050819108700004249300006987020040604000928020000000065004000000005600802006470
036004825047000063000000009000700304070019658650008000780100906090067500200800070
048050160100700584900000000200405010005019000800030090009803401083521900000070058
020097004040016082609000000001032098790085026006000000060820401002700800870003060
002008000036274810001000402490150007007009108010020090000000030283901040009030201
003600000029500070081300496002497000405061030007800000200084003000025007900100524
987016200203587000500000007301460070000059001860070000602000083135000600008030002
400073016000000000906208470097800100065029087000100009640900030580042600000300045
000425300510600270003907005000502480405000000072090000620350090000060150059000862
030510467002600090000397000200069108086000700004003050090200603021900580060801000
986700000000190830000000927010904300003270089820350001040800090600019070107002000
030040179080032064000000003002300491300290700700600020809003602000806000650400810
003007402007000386000001007000069008020800005001204903090300704106700059274500030
150007000268015000000062054005100002847500900300689005003000080006300009500290047
900400050021059387000700020105820093002064000679030802003001000708506000014000000
270500080800006700056270910000103056000000300504020891103002500000390200000760130
010000204000261009000500086007090000900650000068700593700000028586900041204806070
009500480502090630000682090740901003230006150960000700390040210100007048000000000
007128005000003218210045700000802000540060000800594000002000904080017032405009060
906030400400809050010604720000025091129300005004000003208901007000003080000268030
007305100340061850000000236401000000005102640030008001070094310053000069980000500
090000002000004060500610000870231050305006400600080000903002510150307006067109043
000004090000980102100007030290601087400703256000500900800002400902070003030809720
090000530060130000007048960030400018012000470004712000503070029206904003000020040
023700800000004060150030204010008600090301507068200010940080020700692000002000931
600704010003000020000006803000007500006900237700083401428360050300508040051402000
000000002860000100203059007952801400600700020040560030080017005521600003706320000
003400001670005002940123076100807240280000609005000708304000060090530020050001000
078090100053108907940307082706003520000040760004002000097000050000010893800000001
500000302760025908082009050607190005000030461400068000156000820020080000000950030
140209006002600410008704003800060030500372840730000502000000081306490000080030090
190000260630008001000060753013847000580920000072000000800790010060402087000080540
536000000800026300002039810085000700003040009004087060260870003308200070407050900
005840002403006590800300040608415029004020000100000407007080004500004076009160003
023500400010403025070060300506120700000906001049000002700895000300007158054000006
020000071030070040010620083003006008001359027069080000100790050000860019400001860
003090620090400300502068094361250000084071000000043206130080000600000003057036000
060900030000000620790160080080217400040890150600040200920500010008001000001629840
040900800590032006007008032050400309900020000401309560700200603064003008030010400
007900010000703260006040500085000030100530000009078045023405971900027304000000820
520008040704500302003064080007000000350000890040785000690413570030020019008000400
004600093020800600006900248002708004009106705031050800008360000600400030010002086
708500200019403000403680000005901872000060010100020300540000900000094005981000423
000280500600504827020300900960810400030059000400002305000108056000736000076005100
900200400200400150001396000800560307007008001009042008402059670063000000105070800
974001005060000017000475080035010004000750830047002006050008000406900050010530048
003000089195060240020130050000408002900020070502600900204003007800000325300780600
603000800040030200010057006405080012700301060060240900084903605002500100030100040
805709201040000000000526400001004067700600910690001540380402000000800320450300008
000000850040030709001570400018050092003001000750900301509013007030200900080760130
190050000326100980000009030010000348004063097030001050900045012071002000085906000
030800061070056842020400300000519280000000030750000600000083700006740158007100403
008000106410502900005000024000019367030006018000070092200493001003065040600020030
000085913003009080090103000920640308638000004000030509089010040706020000340008200
400359000070004030050000900000005010584701000010000703030048179098003042240106005
308050060007021009000730000700005940986000005240003800060018700002904500139500600
400003079300701480071000000205007308010600007030420090703140006004500800006009720
400092508000540190930800000100370009603000270080020000309210850042906000000008960
508300060090000058600054002002005001401782509800901000705090410209600005106000000
008200097060000030201976004007500010003194056610000400006009170902600048000038000
300060091100705320470030000800190000003007008906300047601500400704820006000600809
004970300070200608280005009519300720000790043030500000102609000008400190300007060
000020600000901020410083700600040278000000300540030910370450000256300800184700030
050620009040000000000850400300000851804915030510008004037000002105200603296380000
000200100410090500902003048120409085008000900050012400200600053005020760760305000
100300270070005046000600098030900000010050829490000710001030900823009561069020000
895430016674050239000007800000010460010000000006280000307000108001020000240068350
507016090000503018106200703300400000028007000050061000090680140860149005400002000
000000605043105098075086000006000500050074060307059420260001007010803052008000100
000000002180000700603074009891205400200700090050460020010023004938600005702950000
001094652500608300600000810000000000060007003200903708800030970906405000043700586
140009070000002400050000002205000000800305097300760000910258346586040001003000958
800315049309002010002000008006004080008060490540097100030600875000008900904703000
000800003800000901000402060209640310000001002000308700600200079100785420027160508
004793180070806092000042067050210000290060050043008600007080003012000046000020070
910200000036040000200061000600900017090084306020306980009007860000090153058600004
100000003349100857007000102000060000900240760000790401503000900000413085482009006
000085094030000061010900200407530000528407030003000740700304900000009020009620578
700032506500080470064009000097004100040015987000790064910800002432000000000041000
000000060000100870173026090400600209030000045002500187810400900007069018090300056
070280001002106003601054008056001230000003010000007540260005904010000070700932005
800497065904062080760300010670020130003001600010800000005210470200700000080009002
000030904459600203017000000000100640005046732004007501068000000930060087002081006
000800200721309800000600079175080006060000050000165790080794620210006004900000500
004876000030200007001539026003650000870094200400000061508410000197002000042000070
000021400805730000610000730009000380406080000020357906700910004900075100051000670
600450809009030000430080120290067058301008007000004200000000405940015000003046092
050000320060523070702000040800030000305201780020008690070305010080000030013807905
350874200001900300009003845060708000100300900090040600402030000070009002935007064
000052100000780046860900005008106000500000802706805400415268090089000000030010608
060004807000600140140805902600001590000409013001003600056090001000047006200000789
290470000006003270000102890800516003000300000321097000537000960004700010180650000
000200039008900000000005002060129703097083065340007008000860051580090076610500000
000000009340502100078010325804100500020006000013000604201603000407291006500008003
000007008032089041407020090900070003801040000005900486006800012008250309203090000
320408001600010000018302007000986000060200804800003009205030918080509002490000070
507103904000080001031040000359406000200895000008320090040900058980070013060000040
040902000000040500600107940013000600097031420408000701024000007700524189080010000
080605900100074862000000010006001009000923680000567004001480070420000098069030050
920006100040000097315000600000405031763108400050009000032070005508001206490000070
908075006400010380703000002002036009000400060009027801200863004004000630006001705
603479000401000730000030800040207005062800914030006000008004503900080600076105400
690070030000809007107300095700030004800190300360000570070900006000016020236050710
500708316702030809380005047010000920000300700004086001000070105000002080005491002
300970000001000029089002007294610870030200600168000302000084061005307040040000003
069210004002360900000800020000628790000941506006700840400000070005002063017093000
000006001000380060806014700041000070600001003795408612080060000037109080160070004
010007080820000600300681420400030900078096540060145000030070100000902000749800200
002010703005600090971352000039705000008000030510803200090500380000906004050030019
420719800070005401800000002000003187130006005907501000050000000700008234240360008
607085020900200010200600075042300608500008030300506002003050201000102540105003000
780000015135000204490000760048920030000001000001508006004002008320004000809057640
091000802800070090002890700007052103020006085309100000900004308000510409416080000
020007080000020106460093020930001600042008005000602908854000790003745800000009200
004107053309405000000000901000040000780030405102809370030000502405682100200003700
050096020194000800027080005000439750000008043000670000040500382000943000060821090
010040068000007090459080001000800946000906020000234100560123400304000005090005302
004013000903600010010080340408076000006900023005030870049100208000390700360800001
940000601020013900000460032000904780530008019080030000002040500000307004460805027
208006049015093000000070035500020063300100004080059007054900600900702450100600300
506002000007100000003708610380605170700001059050409000070200005490000320002547001
400070005008005670003000089300002900050600407080000052001080506065040893004060721
010092030790800040238400705020905004057080000600007058000340007069208000004510000
000021300320605000075000008854000907031504602090000004009730400510069803000102000
360005000020380605050900010000601804210048000086000107102006009000590071590010080
002000170000500036900716800090361200017085390000900000005600703100050020870100450
000001070600407080090060100500983027004000060023740050006009000009024813430100706
904200000006050091080910600300062040070038952400109368000700500037000009000803070
605010700040067008817003402008039007200001600030650000900008004000005206400006951
000602000020780403680050270006820000002100900013009780150000637000906024000370100
000091087738405091000730004306210000402307000080060000105070802000002070009003506
000405700000073260009210005008500003167008504235700198090000040710000000006302900
000009208248000310196830050900000075700900843485076000030080504000063000001000030
000301040018700603460900005850090207340500006000038050030070408009043001004005060
000006370672005904000000000000010700700040623803700015309080500217000800084079260
000420039008000000390068000010009280009000107206030400943706028051002046800004001
003090620020400700609072045935680000074039000000054309490010000300000001017043000
581000900400060001069020754253089067010000300090006000007002000145600000028704003
038000092100690438094030006210006074000703160060180300400500080000840057000000200
403805021081020090000010087000502060600400005205001040008009106009006050760058009
103008650460051020500070000756002401800009060014000008340010000075090310000506900
073021098090500070502009000800000264030700005260458000000040600710090043008030029
060083407075000000300201806920657001000010502081000060410700005700405108003060000
030790540589060712070200930260040005000006300408020000800000250725000400090000107
300000910024000508008260400003026001105930280007100630030000040609012050051000009
100000003790000050835000716601483900348029060000500300000000509900605430023000600
000002450060801000009060070046180020052040790093070800005008300208004900900500682
002004050000213086009507030000046103300000847400000000903060072507309018000875000
920000630000000040075060108492080070701003900060047200200059410040716000000032500
503900006106035470000000035035840760090510040000720003051000980004090052800004000
100002400420097008806040072000906043703005290009034001300270000050400000902600800
008046010005080700260000430017390042600704000400001000706010009009630004120870060
028645007045090002070203645000010506260900078010300000431506020800000001000000400
002080316030716800100402090007000003018070900609308100070624000004053008060000400
000900503054810060001600004400000300085134026003090008002006400100020007067051092
004607000310958000050400010200500000090203605070006000062300401901804750480000302
805709201010000000000831900009008013700100520620003890170504000000300170380900002
904000020020004900600290038301000260500021004800409100400900070000076800278100603
700094050200600000100702040570908301409160070630000980320000000007000508810007403
008795001720108003059200607000030900043806000080007006000009035000081270000352800
130807250900060084000000091000470000000209617005600042407300025620005000080710003
000000000570608304201004000150070860090040200628000079900462700000031000340705906
000193000007080006300060000600348009090000007805729014006900020100572068720000105
076304000301927804490050000700000210009500300035102007217080000560700403000200000
080600075760100900094007000037900018000300002210508060901063040008000029406780000
006508394000020700050006000945007632867050140100069007000130020000700580003600000
500000010020054000108600503407500169001003700902010800000080005804060390090370608
030510467005600030000394000200083605048000700006005020080400306054200810070801000
000300470046080300509700061075000090600295703003070008000008002861420030052100000
536000000800026300002039810085000700003040009004087060260870003308200070407050900
418090000729000040503008100004006900030002005685900410000237090000504600340000051
032004000100000400000100032406000017700000658528060304007620901050009003904013020
008050030027900050050470290781500006000300000030100574200009060800210003503040910
746508309500700480000003000000080046060002037024360000072030900001600052080201070
030050720010000400572000006080000145090780300325061800207610009800000204003007080
001002407290004060006000219185003000004870190002100030009000320003060700608057900
073405900040613007005209130400060000007002403010000270580930720004700000000806300
908307601300900800070000040001500002020008096087290500065400100000050064014036008
502806349410300560009005080920734008000900000386000004704003000000090003000601850
020009056006803007000060809004030602010400503502000070300950018000702930001084060
051080900000710300038002016043001600180200030000034092800309250010020040590000700
308050060005016003000270000500001840847000001160008700050024900004107300793600200
080200000000487200027600050004003607192070800670040501000002005005014000006350172
965704138047100200100000076450213900600009810290800043000000720700000090000005000
100000847900108000048706900560004009070609534090003000000901003024000105010025008
050041826030000050148026070016002000003807040800600015060000004085093100097000008
004729010056038200000060030380000762200607800607002000700416090000800401013000080
078090100036705908950308067405003720000050380003004000042000010000030492600000003
000302051900540007003700290600400000050801060209650100062073510100005830005000002
090200007206070501004050003028400709000000630039005482102300000060180000840097020
000020600000901020410083700600040278000000300540030910370450000256300800184700030
370904206045080000026003004000260000709400000012007000490026015000349700003070048
290470000004008570000603240400761002000800000716032000841000960002300050560140000
400800205000070036000005010040098072390024000500010904050961020700400000021307608
804010006300200105000754038006000007200900060487002500013400600648520000020037000
469070000200600008000000406500760800000400912100390700003900500915207040724500100
600582003000300800058001000009010000040900080073645200000204190900108060501760038
500607210810030004002010080090006150260109000080003602000008073028701040900300001
709000100004010007002500040000300004040172809180000702320090408908600070471850000
000008501100750009002100000000917408857004006000080730030040105040870200209500840
103070600070201004800600109009834201040000000051900430030006000900302007602009540
000075006000000304000200190021607000837502900050800072783000015614000009200060048
008900560000005090000200104409650003020300000063420051007140025100800036042003800
100028706900360580000014003510400000403750002670000300000130070001005209089002100
107054600006008725000070090001582300200730500065049000709000003600405001014060000
008769030070051086001302009786104020050200000090000740000000007630907000847000062
005073006031000090407600005090000603003006040000030072750068204308020009010597300
800256100120090053000304072490002010060009008002530946008940000006000500005080030
030800650005041820860050100006010030010002508040360709090004280520000000080120900
130070900597100600000000510620010730050080460409053801000930000910060004062000008
008090706000000089700006024046050032870962041009003007900120000530000418600000090
080020703000001006405706010003058601050204070104000800002500000710800504500103062
907010008000800903003942100010050000060109457000630802890005004050290381000400000
004060085070039200215080003730005900002007050000000307020003070060008012540921800
005030004978005630010020758403008000100470500080009043600052007000090400097600001
008060040001007805604208070807109400500000090000084307003700010710000600005913082
870390000001000903000007450308076020510400600607201380009012000050000700104700230
002800000035007092000206308090300705300004001170085006000402160701000520023510000
105802000090006005200400819009007306702003090000061050007600030430020501600308900
920000800546080092000002451030500200250800600800304009000701000072006180605008040
030000004009010700401060900300000070072401060164873290045206000003008029206030000
000003400095467000000080901900050080001000605007806149340108096580300000009640300
000569328030000015000180000074050106501000049006400802103000004000006980920007061
008005060905000010670140859054029000060038190009517240000000070040003600800000520
100200080000080075853401009010000020000107046079630500000869701005010000961000034
871059630036820501040600008700000005050090000600010027008002170000108000007060283
906010005100804900030090071280405706507100080000060000008052619010040000309001007
700009304040700002850403060938604000600090038000007190090008001504261900003000600
610809400004230860023050000030018040000607051060020980002000790700300000140062008
900640008300000015285009400092003680006090500708001000050007800403006020001904706
098270005015000000000605409057046900034500080000008540080060054046307800009800060
080100026709002080006840010007000060590060000620017453000395100900401600000086090
860350017350108090400900080020090060536002900000506000000001020600070354090045600
425083700000004030903602400069200000050307190034901002000700000001800003007006518
027600300005070000089000007710000508000012043300008971074100000803054700291080060
674508923008900740002000000801000009400030007027860001045001000003496005700200090
004010790001004050070000300000893001400057063103000008028040007010360425305270000
001369087038201000007408931090006020003002100080010005500090004800005090070620500
000000314004500028000040006681405097009020500250807000407309005006004000390100402
824190003705203401013006728000809207000004000080070005002008006000000100501300980
080005000000600009790023051600200598040009003539806200002300000070900600004580372
000005070006007000050816409060002900200051040004680507003060700008500004970304865
402850907005000008037000145040700200600100870200063400000000000024005380390070514
006200040003090250240000300000100000370602491000000082832079600007008934009310020
600090480002000796081040302007061000060000000314075260400018075000000643095006000
500000124010000800080100070008320700002091000957400031001067083800219000679003000
800020670006070130010003009621050043070100500030004017009000300305900021080305700
900640008300000015285009400092003680006090500708001000050007800403006020001904706
549703006600008074810900050003070640000000010026405300000007820290001035300002060
080013020015206700000458600060970800390000007700805060104080000600342500000107090
135026040800300507000004060056400001300005000010203650001047090003001206508002700
003206190000001023000038057090003064032060080086592000009004506005800010071020000
800600002060709481007480000001000094900004000743800605050100000006950237378000050
000008050400006800986000002200013005500200340030049060803670124005194080000300090
020015308893600510000008007010000700600720800070900201050106000000050070962840105
007509000009061083160000920070835600603010000050000032080027304012000070700104090
892643057400010080000000006045009802000400009980506010500100008034007001010960200
724100398105082000003009000000830020840010030907506001010053280370000060000098000
902050370000802000400090021503960400100000003080024056830049705090000000007180930
310009046000500900240806501000000094600005008490002065700950603000310087180060000
040200310800760000902503000750090008090150240200000901170004009068000003000830164
500072060970308051001000040450000810002405600007900005010020070204059030090600502
004500009205638710100000005050040020900005148601090000062057001089010003000300460
001800700090000620702590318009204030050009061004010205000001900003960002000730046
407021050921000000008009710270000509090070000045930100010060005089453200030000860
720000000600400300038006001300980600002001009900620107807362510003010000150074003
000809275906000041200070039080000054004790000000200300630410008000007416400906520
000000001280004530590067004000082000640109083000743005400001002000000050175238046
000068000000020670201509000004000097596001280070005061000000050408956702600207043
000500607000471050907000413700005260300068100006214078625000080400109000130000000
061040080050207093090080020736020004080000036000103800042570060003800002008002910
000600080608007100700308000500000900401000000920540300270800651050760803860910270
002000000700692048600053000009004603173560024420037000080120400000780030060005009
580002074903860025720590006010000200004021300200000081000206403008015002000903000
002900580005000200061020900200600350900470002576230000050002743300140005000059100
046530001010264800090000040009100500250096700600057392030602480068000000020900000
230070000000050060608340729020008007010097602009020000860004093102560070003009006
001002057060309402009041600610598020904073000520006700300085040000007005800000006
006920000030470005004068230000780091871205640400000008000809070000600009609057100
040063907700000000601700250000009025563201000009050301000000706050836002126400500
130608002000570000050000004014800300629730400783400060000250006390060008200983000
029040000103800000000900243060497005502600734784500900907000460008000007050300008
034080000092000000076005834003760000260000503007000406300809207710604090009507040
000030840029068000680457012040091030038000007500070081000080100000200064900603078
040300080000015004005600001730451600000763405500080007620174850870000003000000270
204796008000080042508000006040013070016000400000470061000007950107504000403900027
043208005807503090500076080008000017401057900000180600005000009300049850900300006
040650820030000567500000040070004210004061908008020030301705006400030000706900150
020004010000210009000076800109702063400069020006308950002085100007000205601007300
028073400900500030007009180006001020170800956003065000000407003480350209005000800
190020400070300000043000050007400600001600000306000109804507023235090708009032504
038015000750000000040973086020100400073000690465709300010800200004021000080090043
200400709030060800100500400006942050000056200524300600802600070690100002000090364
014000800006801020580020704640700030003000000005008047051907082900082000062403070
090003810003050900005086704918630500036000000050198600009014000040070200570060080
510000760000950012260410000054200830002080001090063020100000043008040000306170208
073021098080700030502003000200000853050200006130859000000010700360090024001060085
000005060380009500065030709650020007023107604000090020006040900930610002008002310
004060085020047900751030004860009300009003050000000409070006090010004063280395100
800000000307080001000900300040603017701590036536000908060009870489310050005000003
079082503400010080800600040206003790090004100004706050003000021002369005700200300
003900006000054008089000040027091604908340200500002080000410805006000400845209003
000002450070506000009040020065430010017050640034060500006008200703005800500600371
000052160061700009570060003059820374004500010600010000240003001000089045090005700
900030020735920000040010090016300050300000986009070034003164802000090003008200069
920000800567030014000009572050700300490100200700804006000907000019006780603001020
600000038005064000002758600900087100048590307750002049019270000406000020500000003
007001385040002067105038004390050000200607090700009006000100832630820000400073000
602000001000600089004210000001520800008401097006390025005700000470905010080046053
470002800005008003103759602600205004007000010050070086028040000069020001010093008
920004756546008010007506409804200901200900560700405000000000200690002030100050000
005030006007500002603021580030900050108050209900002070070008000060290708309070021
800070006600108030000003042050081264026007381081000009000805000008000125570300090
008670001500400086000020430600200090703000602002906140147080500080700310060501000
100200080000080075853401009010000020000107046079630500000869701005010000961000034
603400000800907100000006234208601450000000000950240018006308040080100576520700000
109070204038400710000600058074560102010300500090010007780000003006080001900106070
930100000184500090200009741043000005000000236508610070470060083060007050010050600
308050060004016002000780000400005670712000003680007200040098700009203400537600800
407000180010800503080149000102030050060200730000560090004003625036400900200608000
000100008409307605003500009700000001905236074030071000000000087008013090671048500
007000058150786000200001600408002000030907005710000900900070021006020403821005709
800600002060709481007480000001000094900004000743800605050100000006950237378000050
400060800200080150018092040000000409087920000930610508006100000100040703805206004
035000002070805004060100950416589200000000640900300080090400700308027005002008406
080040310760000000015000472500089100006200703097300200070003608000001040600078931
065080002003002001002400608024807000056190024000000805010000207008740000540906083
003000900008104700090000005041020060200061458650480010000600801004900002006230574
059004300103502000600000580000006003908200001005010029002640000470128005801005046
610040073300176000008050046031092805000000320000007000042600781980000050100000439
000200603060057000290100750800605320156000407000804000900503276600040000083060100
005047001430500700900100406283071645040050000000400010608014302010002000002600080
840520010021300095350006000000007500004002179600400208005000006068200950000608740
740001620001006000065207198108002070000090063602070010070014000020005401000809006
005740006078059043020000000703060582004800700081007300900070005056004900800500021
052000080000018450140500023000850234500401000480090700830064000201309500060100000
067390400100040006008060031002058000051020849009100500005200104800013090900500080
023900001000170020010000078256009107307012090198000000082034000500060080401008500
006023007200018365350600000003050604562430008094006100000000030000090086020080901
042680000058070060601305000409250080003000001207096040000502090104000750905460000
209004060000000500607892003960503410100908300003000690306000004000030080004726031
706800501000500700205400008007048100501090000400050836070104025012300080800070003
086009510000000706010460030069001470100008000070940003001827340050010027020003600
500100080200090506078035040007001360090000001005986070050010430000803005831050007
020300195100008302035020608600210409002005000701049020064900030200003007070000004
000380050000700804450962013030649570106057009000008000010003000063070400207400005
009208700001405300280060000000950000357604090060080007000540010100003406006129075
005030004839001270010050386502008000600120700040006029300062007000010400057900002
560300709190080200040000306785040003012803094930105000006700920000250001000000007
789000000005900073300070010001000090000087501452300006500001430003794825007805000
006200000075040002000050040384009017700010086601000390010760009560000400407500623
000004215040607800190200000010090786073061000009008030301006520002000000007823460
400250790000400820029080006091003000080640000204100600010004060502000174003760580
300100000056203980000500230901080060003700005700420310569800020030600400074902000
030009085894005000200010907000900618400100259080600003007040590940006070025001000
706800501000500700205400008007048100501090000400050836070104025012300080800070003
009001800508032410400000006000005607780246930950000000025000004090720008600059120
800900000040002009900673584098007000075410000603000042109700308302000000700200915
804705930007083000600040000020000010000001009100020047000057400972014850460839070
020009000490050073050023104930085700000000005805710060602500901010960000500001480
070000860300000902009300740890700300000002095213000080082603070937005206000090430
005003020802100900040802057750008003100007845030506000001700089020300010409001070
620700030000050061503860040005080010970000080001596402030000807200038100006970004
001050000000030805058090310005170430094000701107249050406020000000380060283700000
000300500092000008050809210300762051000985000009000020461500780908010005005600103
028670010306900740000031000000097020802140907007000430040000500003009070760010893
309800051608350207000760340510080000000006570000000002080000706000930180750620039
097002810008007060000005704041009000203450089000800073710504038000108907500200000
405300070036042000201080030700508360653000000094000100008070613000206800100050940
600000704040900860000000905970806540408750200500309100760080000080000301004503620
610500204000074008470008600009001050207800910006095000360052700700003042090007300
060200400407850609008006030003001286080002050540760000000900070709100300801020940
908006325007300069600000000070904000160038000409001000390045170021607543000000006
005320460000008500010005090309814070076030000001690008704053006150080000600100750
670301050032004806100800790003900128000002007000050060381000900004003685050400001
700098040049160007050000098136402800000000410400900070918340700300000904000509003
009050004000809030010004290037190040190000350020000010900430561650918000400600003
000193000007080006300060000600348009090000007805729014006900020100572068720000105
500960000680000910009005630204080009860000002000472803006000400910306520007021090
508460000000000500209000004000180206300072400120006050005040320492037080710058600
000800600697000080000601307942350760000040002058207430025030010030002500400080070
000081270010002008205000690690030540003060000050000003576003000428090310100420056
040300005095020100700095803200000071007042500089500600003400720070061300620700008
500704081800000073473100006300200957080000004000476802000010709017042000600500008
970000580000900706060270003007840601390000004080001905000536008013008050500012300
420000060005000300608030005004020730002497186000800004830001002561080000047069500
000700405700020000936504021600400800800007354403100000074019000300600970009300140
000974800028310090004802013000200306000008020670043005015080000000021560480530000
360200000040000000002000680080469700690080021000702900000143800820057046104620070
520000907960002800308500001000005794000700160090000008634800009052937080070000203
308040005295070048010000000507408019841000000020130084000050492002000050900006073
080000070700030029945082100806000700009357002000000930094100200028465000003029400
000140000040370600060285940100960002002017000906528100420601050805790000003000000
000040002002930400010027935750860040008000629236000007300081200000000003021050760
503900006706041980000000074068210740090760010000350009032000890001090037900006000
079006200008002090000090057003065700060207000702089400030001082900600501601008370
020680400360001000800000700759006000000179005403200906070004203000010594500890017
080049500059003070700005308001024007402006035030007040005030000100408003027050804
090510002200003001500600304409006820100200406300400000042061700600050009751008003
010290006003605120000007030000700690400860003370051000527010984040509060009400000
007300000810060290603901050059826074070409000002500000041690507000000109008007060
005700000100305000000941056000803500300097008018400023040000300063072901500034602
078090100053108907940307082706003520000040760004002000097000050000010893800000001
000480030087601005600000817004300069861000000020006540910000050530270080408050006
006950040048003900930000070092800004370460080000510000007005008080106009659000421
209400100000001209105907040500000060007090580061074020000706000054208376608000010
039000074801930200067150090070005900400060000980400000190603580020000406600700029
008760100000004207793501840900100700001405029000270010400000071600900400105300002
020109307800020096017003200070040502000000060002710043203001070000504000160208905
695002038100600000000805600019060000050007301006350204007090000030700926980506040
070302060004810702600050010206004085940000620000009400050940006060031500009620040
328091005050040972000500000090007000200604597000059410000002700075080100010970380
106003000230400006000012003040835620000100000315026080451009008700008045062000070
030007904072030600900106030004801000860003490007020150010062500049000021500400800
630000709000562008001070000040001003302409076900300284700030050063090001028600030
520061090900000401600409003406080300050104008700200504000847902090000000047900180
701560008063900001000108009080071065600400003100350090000600002206810004510092000
000907040349020000705840620064001000008004095007000006020000001076195200590402007
000000201942000536000009407000306008008510740034080010006100004389704065000005070
208006049015093000000070035500020063300100004080059007054900600900702450100600300
000397004004806700070000050021000090090004010060915208600270030247501900000060102
005900603030000000102600000560820007010400905700030400480201030051070029320500170
080000612000700000350620004034107008800005700079002003000003490290078001040006285
050009230400126500200050400064001000017580040892003710030295004000000006900007050
062140980050800000030005104040980006001650048607000500900006810408510700010000009
000200040029504003830700059010030070460007501700051006071065400085000097000800005
060070934800603000000901700720310580395207000006005370050100203600030000438000000
014953000000000506258071090000800600000004700189200300001006932405000007090702840
004050302000000000600380795963408207000000800208600904157040629800020000000960001
710320608900005700006900002500216000602040159003000000001802900804001075060009800
029580300307009060100006002030090648086040000490800200815000093003900005900300100
107000060800305170003001200701004096060070500005906800930602005200000034006037080
009208700003109400180050000000610000628903040090040006000490010400001609005326074
209300680043000170010000309805963400076008000001207090100500043000102000002080901
060009007097013000001020009203008000604007201008052064100040070006800900809271400
060009007075023000001060003206008000903005406004096012100040020008600700607952300
000508007278400065004627980030054070000002531052300800740060300600003200000000010
060900030000000620790160080080217400040890150600040200920500010008001000001629840
002803001009000056000000082506300900090052800000600005100586239608007000930201670
070010000002079013090200007804703060036000091250004030327050800900480002540900000
050000740400002830678435100020701000000948000107250400010300500000504601800006900
003050010000280004050000080170009460040000305308005070004000721700600509532701046
000008190010970042079120300300702060800540030000009214050000900037000420102090003
000360245000078060000020003130950007720683050005000000003000002290530480506802009
100000530070869100820003000240001009007420800600700450400375081503000070010080040
130879602290000080080054000007010408459000103000000007013000976000091030002703050
020037540058009020370005908091700634080340001630090000000002000000000709763000102
987015260000000100020609000000030000695070310010890405030002007150048006400900801
061002003000305600008001259002100005009500728000700000190800460275490080000003507
926000050004012800000009204009870003050100009280003670347001062090064010000030500
016700000009000180000140070908000600007803490103000027001230540000008700375004268
060502000100400605508090073000000104324067059080004000200740900095086702007000500
064100090900000107002937040006293000539006010287005300008002000425060000000509004
000190600090748001510200978050030009170000005000007014930402080020800000047056090
020807001005024700093001020008372019340080000270400600006200090002000508907008060
000050008910702000063900572040000080237000001590020400000260010006091025180470003
001500702920007005530900000200008056758009010190204008619000080000005000000601427
600002109000690005200000600004030760032001508500709403060513900403906000020840000
705902003000060902600003070500406000008000206107208390350009008000504009804007120
000409050080026040000580090591200034620070900807000005009813500070000100008792003
070503200000000063209104700100008070894030500000410308000700850910005600506340020
000003000700006350348050100000015039000308705503790680070001000005037908001502060
040120000810709305050840200360078100000000050100030890200057409700000560000010732
000200618091070000620540070500480300083000000000056841860012400102030009000004180
278000009406070203030004600105700008000080001000560490860000700910602005300007926
003042005000000409400901002082000004371094508600005020700816000006020057230070010
700040010000730050453100260009020806004007000300468700010290080008004070900806130
086009510000000706010460030069001470100008000070940003001827340050010027020003600
000009040800007510590380600000720980009605074012408300930000000057830090008050700
010000079000030060306070405000200100900010030820600597203067080700021604005089700
001076000090814020670000901406035009007200500010048700060103005040069200903000060
423000809010409002075083106008096410000000008060140200094800000680730000000004603
208006049015093000000070035500020063300100004080059007054900600900702450100600300
290001070000760840040002900000000009000090500580307000800905723070280100023076458
600904020007100000008705304304816059005300640760400003072683000000000200910040000
630000709000562008001070000040001003302409076900300284700030050063090001028600030
000059000504032870103000542010005028080000300200307090050000780079501030400800901
020000648873096000060250090400702000730100060609500002007001809086000034500043000
300000910024000508008260400003026001105930280007100630030000040609012050051000009
050000100000801000001609040007065208080100060410000537540017683000026009300500701
006050400002018030800003105600001790000070006579840300700630050304005867060080000
100204600009308001500906730670102900000497805000063000900020074023005000000009508
070850290260304080005000400006010300153002000000506024630025041902100035000003000
657400080309070506010006070740003000905000000000590420006024900200105064080060201
970000580000900306010280009001530204560000001040001907000316008089002040600049100
300081060100400080078000521056010008021000400830620157003900000500003610000058002
710490800000065400046800000000317000009080700501940000360100980158030040920700060
006070500030950008920600710003000020010405076700260105001009652540086000000001007
406100098200506003100098050009005040080409300060317000030702800800954007007000500
400100060060900000830065020210009004094010870000200500001586007300720090706091080
897056000600090000010700800970000085006975002503201069409007620000009001230060000
150307860300605401006000000090030724000406000745008003004003080020100006900280150
209004060000000100804712009140908250300507600005000970706000002000030090002875016
306840570700062008000000309040205096900006005560070801008400003100008207009510000
008640500602705804005210637100004000307106000854000000080407001003060000240050009
008090500300000902504020017037002405000300090100068073600240009000009080945036001
004006800768005900030000705300200074402800000016054302000108009000500017520090038
281300907005700002000029050009032070500000021420600008090500086000076009652090700
400100060060900000830065020210009004094010870000200500001586007300720090706091080
000001349410007285050040700000003406020780053503000000080000692035000800640809007
006050000400090850015046903054630790302000018000009000209060001100028309060003040
804010006300700401000482059005000003600200040143006200032600800461820000080094000
000246070006080000020017086008000530007030900100050267802074600014090020709503000
010003004000107605205080090050068200402035806060000007006009072700806030340001500
600007100709180604040506000106009000000008701285001000010390070067005200028064300
039600005000090072750300694400000860003009001690200750320000008000906037940080006
040870003805400207007100080300020010020019630490060002760050000200001050050280046
000846109290000600018000030002001080080002900059068710000070891073005000061290500
000003085090780004600050300905100060082039007064820009000000801810076420300000906
800900730000007964970300050027400510000296080008700020000580300065070008700020095
006000030084107209070043600053600020000400807007201300000506940010090083549020000
605900740020603010900050300300001056000400007706508090080000000400205103207309580
080040100620700805100503000010004300370000094960020000000000020230159460890432001
690200510000009007308041002086025000700000965000710080065002400100000700007853026
510000400006012300008760201601307080900200070007090006005040600000970015189005040
400070080870502001061080290000310026006007000300020104200100700087000605000059832
008000090403900710090120006806502070702801530000000008100005000069470301300010082
002001005314080090070200108840020070050060810067308900408000530006000009790006400
200000035009450800068031000004185007012300400056040100080000200400076008093004570
050007081007500490820961300500070000901006708200090003002000074000703805700840002
604120380007050001500004006169402078000609013030000000400805160000001904910200000
150003480000004000940080050000160005521000067000070200805016003304090070219500608
000569328080000096000340000096050103102000075003700209608000002000005760570002034
800001000967324080000090003750000000106085320000210000400930062030006008018072035
000020600000901020410083700600040278000000300540030910370450000256300800184700030
006817209020000684900000751387600190000020005002000046000063020093070000070190500
003008509007010006591000007070090000018000004904100600709680203156307000030450001
500000900007090040000060037004082309098006001200934700400000800006320154029800603
306709400540310260000200005000004029000000050080560070168903000794620180000080006
109060250050000870000300960070050392500000106082000000840009020265400019017500030
350240090000075000000300080100050643407180009035060170208000910504000000093820050
600000980500769210200003657375102008100300090060400020000070500700000142900001070
010500000060400009207109085950040830000005001106098500600802007000003940538004060
082500790009107806407000020250038009000060000900015030020804950000602000740390600
807000435006700029000000070760021083008670000042000060000034050500082390920007804
000609007037401020000030090093104805170000000540900100480000051010006209709508400
960008001207900300000300690096700012300009060700610030002106070680050023070030100
030007400010080920207600050709050200306009185000806000000008304003500090060793502
000060080406500070507023106204100350000002041068004000820010030001230065003008010
065140090003000005007000460000200540750069300304800000509008100010075029800910607
600020040000370601800560970500480100906200000040006025020743509409002000000805010
004050093001006000050408720800000007109023054030809010006900070047302069090007500
062091400080500613004060000009005208026109005700200001001950002058720000003000074
000297450050100008000450703026910000400070082030002040018003000000009831040801920
190002083000600000036008040270800069901020804084100750709065000600000900000710420
020705001700904000500321400010507020906240700200800350000450000007109502090000840
120079008504060002000214003460300200051006080030000040000001000009650070805907126
507000100003745062204810000000004070725030080410006509000309020050007306300008007
006310007300800005802070034000601079680400000703900640900003416000200503004109000
103002600000040703709536002520000800904000006360720005405009001800400000690003480
000001400050804070478009000063200790000000025000005308204070000906003057710902643
170000403940070061000000080000023610030610800806704090705006009400090230020400056
903000005010080004060000320009015602520704908480930157000047006000003470000650000
000423059000500300010000600806090730000005802000308400030200548005830970784000260
000540809082690000030002064000000907200730650700005001840250000006904580021007090
050400000004098000097000200089054160540627090076000502000719806000500410015800000
030480006008300709000691008090068100001503090700019403600004070200000301009120060
013000207800070090759000180001700040090500012030901070900400025000009800045287060
006750380010304902308000040000070006800006013100049000004000509700290630095030028
089001600020049807700500209070190400000020706498030005010000080005000961864000002
070500008200600050593004600402085100007061000065000000000142080040050030021308546
030000000080070005420030109091040586043000900006900304000894007060300810078020403
908003200001092480072050091006080004000540026800900000060009000284000709300070652
405070080000504300701008065370006049009001007050400030003005204004009003007003658
050347008047950200060200005008400100503600974094010000000804500080032009076000300
029580300307009060100006002030090648086040000490800200815000093003900005900300100
000026130670040000293000070000092050409801000056030028040300007065179002010000096
009000072603700001075902036030001000790800160012000783008045907900080310200000000
035090067109003520080001940504036000013000400000004005050029601000018204000705009
000009040800007510590380600000720980009605074012408300930000000057830090008050700
098070310250010900000609070900061400040005000310000867003000000060280104084190605
000009400057000900004060010009607050520001070000002390040986137010700600068400529
100020700900703608308006002201367405030000061004080000402600000800000276003290100
049000000210000080006007000400869702300000906902740510080001325000470090005230460
091000802800070090002890700007052103020006085309100000900004308000510409416080000
614305027080090005509004010401000009000000070007009030306028054042016003008040060
708500200019403000403680000005901872000060010100020300540000900000094005981000423
273000801081070006060020937020340000107000083000807090000091004010704000590002108
408007000706408003093000000607800005800000000530746001070000810060082430300079256
170000403940070061000000080000023610030610800806704090705006009400090230020400056
400007900600030001710249368109000080020400609500800700001604892000980000080020100
185009730000800209000000060031000980506000100708001645070200000902046578603008000
750006081001000009000043005800402900002500000360800050038010640917680003200075100
705008000003794502008000106000001008031600945094005000400800600009016007106300409
300001008002800500584060010200045601800637000460200700040089100608020090000100054
092030600031004009000920300820605090150070008060348250007100900010000002005897000
006010800059300400010805903082050001091080600000109080900000068008091704027048000
000100798010080060502970401040090080000360500860200070600000007120049053090007024
395007014000800003080410070100528000040090502650000098960740080010600059008000700
306709400150630270000100006000001043000000050090270080935402000782360190000090005
006390000402708001503040900000506000835210004200400305700003148050020600610900000
000406100060130005090800000650703800907265314000000076800000630035021080016000007
092001070000020500086730014079002001200008709003007600008010000000475008945000167
018036040609080003000900860307600408050020007090400500062050084000070006084209001
920685000060907240000300000019708050000040092600001700100002008032059074400070520
000084100280000700514927000050793200300061800700050400097500316002010508100000000
100204600009308001500906730670102900000497805000063000900020074023005000000009508
000000620906200005082000009314005006009148003270000040807039064003080000000672038
001758260004000008086403700543906800000500000670080500007030120098000040005600903
200050030540001829603249157001000760000005000004902308090010002830007000005000980
020897060750406023000005000030709200100000000068100050006000510315002079240051030
806245700000000205000001400080510907050803600043000520900050302030096100007400096
020001600980306054030000010018004930753009060060700020000140500090027006300090780
073021098050900060601005000700000815040100007160378000000060200920040086006010054
861029000079010000405000000010006097080502030704093850190254000000007040040080520
006143097800050302030807064008006031000000078002000059750204000060900000980075100
000050008310809000085100632030000070562000004170090300000910020001047069890260007
007139005000002761400067000000050006850003004100600000080006410604908352090040607
010290006003605120000007030000700690400860003370051000527010984040509060009400000
890460007130500000004030198000020900705090834900700520600050000301070600000013740
006900700103070940000126058310800062200065104900000007500709600001080270038000000
508090060009000004060528091000472010602000400704010905006000203031680040040005080
000040061000310820400080530045863000000001400827050600706025040500000007304098200
400000503910345002050800060009708000060000140201406308504000700020004081030907004
416720009002190030070060400104070360090050080000000902500087000000019703937006008
600000078789041600500680004035190007070050000490200301301008400000002005000910730
504200063003000500617050040009008400700100035162040007480009306006020781200000000
029300080470200005000057092634000000000010703007483060060820900290000010000169028
803020405604800309500406201000107000100052890307900006905640000032000040001200000
000002060040380000100590024060125040980634000420000600004200085056740002007003090
010007080970000400200693150100030600058061240090842000020080900000206000461300800
001093500603000000000687100300000205950401078007805013005008026086309000000502800
700930000234017905001504007182300094000001000507002100000060000609143570010000003
304200057008000600607408039080025000460010000090007263000902000000004092249003710
009000010007060920040900030003000050050390146090005008931008060600000481408156003
000072100006000007005009000032510086800960010100040503600020040078090030043706291
000200350708000006239006000074600000090003072360901000087400921020009003010060845
040076800008200030000400570080952040400017253200060018000083720062000000009721000
009208700006501300230070000000950000965804070020060009000710050700009608004685037
600080095008049006040001800490100503036004900085203000050000047900016200004700309
002403100500069840094000005008000003005004786063580000080040907450020600010075400
200070039000045008010803000100020006400000250720589300900700540547000603032600001
004000000021075483000200015010000062000030004905002007290100648080396000050408370
003086400950001870800070050235109060000005104080060200000700040307650901108400000
632850100000042080040000000456023000370401002000705903817500260003090000004100005
032000060540020001609010342025004100300002904000070000000950006291068507000231000
010800000030075019407300208090067340045020060700001090900250100000003070083004520
008009000000005069930410580009507603063208014200000000694000000000904002002053946
690010020050072360327000008970435001006001000405080003200650010000020007081009200
004600009050100670060090040598306017072051964416000005701020000600000080900000100
100050208302010007005000603000081000900537802837004590003000080700800400600045109
000603020039050800082900306023067009070400082060001500000106003056040700201070008
000800300980600400710590620030200006460109702200070000005061007800700100109020560
360005000750001060208000000532900000800014036001203508080300042000109600105042003
310085400050302010840000093006254030003006108970000006091007300000500601000008024
700380064080090075093070000061800030079200658030906100000000090300520000010760403
080451070507009210610702850000960047000000165003004080806200001070006090050000400
000000491700105000010600000600070100875090046001450072069008004140760005050004068
080000012670080000120003678900208030002740085050006049200001000000670923004005800
047935608050021070196074302700050040305000120020010000000280000600000000432500800
085137000700480000020000710091050067003670920807200400600800100030000000078500296
020180003438000002917000406250068700000725000000000090060430800700506000094872001
370010068002600400050034007005000071700120600061003002000740000016900734507001020
009300070708409315300060000095604000120900007000001590080006240603012050900003060
800070006500106030000005094050048963083002147067000005000207000009000471710900050
200351084057000000040876205000000830620030957090700040900003568000205000500000023
078090100061508702530702068705003810000060350003005000024000080000050621300000004
000078200302906800009304001581049703000805100003000000405680000900152408008400000
010007080970000400200693150100030600058061240090842000020080900000206000461300800
007601408900200060010090305243700051605109000089002030060014000001005040008970000
790604030200018490005003000026000000004002080000307004018230900007080152902070803
300000070040078190071030400000006020009120034002309065164000350005000648800600200
914030085000004109652018000007093000030100054000040800368009401005380002001070000
000246900240100030006003200600001507402008090037060140304000802021000065000020309
004600093050800600007500182008306009003908401091040800009460000400200060020005048
009278030001000206800000759900004803080300000306007920028045007740980000090012000
007051002021000050305904080003000010500700804000083209030008560650190000104060920
020637540000951000053082010400205860097108030000300090600500000015000074002003006
010970560020000100000000002000508720200319850950706000006097014700680000090135007
003100000200057900058300102045000006001003407700541090032908004400006520060005030
002050008360900002980702010593060800000840300806000000008005024600008097019470500
020790605700600023406050000070100009002573000800000217060005480003810700280900050
005007604020060780700080032802906000047500060053000091070040020134800070096010000
000380050000600107540217068010472830305061009000003000090006000063020700804700006
074100360200036000006008021900070800507802090008090570000600007420080010700204908
859340070046091520000658000000030102500000004020065807070080295030009410100000000
670004000200006007000758600000200490890000300000009768109072034302015070786900000
310009046000500900890301502000000039900007005140008067200860304000170028630090000
