000700000207006501035084020800950402053010009000060080009001208004570300060230704
090300008100002009500070260920703684001040020360020000800007100047105002200600350
500720100800000069003890020907108040020040086400000013030000050206354000080067094
705004630600001589892600004501000307970000840000079000040000908069040203008030000
500720100800000069003890020907108040020040086400000013030000050206354000080067094
003060800280790104040500003054000069069405208000610000030040506020006080600380040
000080409600129058000507006300960084080030005290005670928003061030600000000000340
700036420200108600860270100300009000009360802602041003000705200100690050000003010
800004060060501070950006024138405090000009803700300400017860049080000007009047000
690070030000809007107300095700030004800190300360000570070900006000016020236050710
005304006406900035100050040500060100208001400010428600850000370090005260002170000
042073060010400370007010024251890000060301090900000000725000130430000700090035080
005071080700020906806900002080005607020096000604008500060407010300100060071002390
007602804201000003000019005043520769000064100809000000900007306070206001406300050
000003165060850700200017090083000502000508079400302000500261900001905680006004000
010000204000261009000500086007090000900650000068700593700000028586900041204806070
460080000000007030003901584807100040300090600106074009001042300050030072030005460
050200008000030540009670200020000700074300001936007082097503104400002359000090800
090508000001000000605130008050007340100300009400890026000003004509016207200789053
080001007002400500510000649069010004047006150050702986620009000900108002100000300
048370001000019000005084360000708200382000004597001000003000987820090103070800002
600002109000870006700000300003080260056003907800605403060298700102507000030460000
090000600326001805000290030037160002812300009065008300000800040140009250009002700
010003200032180000945000038020006009756000001008710062001009000060320407000601980
980000040000027800043580100000814320000200407004053089031000900405000031802000760
000058400005000009204069853000004500009017600030280090710026005040001008908540007
704800010060015000510000060050030000000008004001950036045623789003791040600080300
600003500307040090004160730100290083032600005090000001901000000803056107000018350
600050203000400600310000940506934100230087090007002000000009002900200510804105039
010000200000070050007500083004005009000080312300791008500907000603420190400153620
010028390000030000243007560034950810006001005020040900009080203400360001075002000
006000720003920081902706000574260098000008000000400200040009000207005004198342060
307051290910000070820090316490005020050302700700006050009000040046079800570000000
070900603900340021301500097000600005759030010200795048004000002000008500538009000
070500000980016007035400000000000009490001870001902003000150036017800452003207190
008309410000108902049500300020083000810007200703000580070005030500030120060400075
030008900000047000500036014002004005800300246040802300090001530670009108008000469
930100000851600020200008193084000006000000947605740030420010075070003010060050400
609058000802913040400076008000005086008040100500802030000520073103000560000304090
006817209030000186100000475821300540000040008009000012000085020093060000050120600
500000107108420003700000428640008712280301690071000000016000000802700030300900040
002403100500069840094000005008000003005004786063580000080040907450020600010075400
610580039200090004300001528090700000043050097000019006001000483405000000002034670
200607509890000600060008032000300806002500000008419305000920470001800063084000250
100267000670000091040090270021005040800020060003840952000406020006703000007910600
010390007708050009006800530090608070080030000603040182275001060001900008000500704
008003090700064100006951280000480002073000040000300851000598710001040000547002008
379600000401532007025700610100000000506020100000054236200000001007260840600070300
000050008980702000056800427040000030239000006160090700000980050002067083490230001
090001004003040025200075006750080009800200007060097401401000008080013060020809043
009278030001000609800000275600003702010800000703006510047089006350710000080064000
000601200050203001000907006230009005091436720000000193070008400820190000005020019
746508309500700480000003000000080046060002037024360000072030900001600052080201070
007601480604050037008040000001000290030120008870060001009518063063000800005300900
040098705169002400807130000008000530000060802000201900706003094090810000230007050
002500908400080007067091402700859000008027305506400079003905000940030000070100000
000300080040001053312540000000100840501087900704090001420800705070060090800014020
052010040084006003107403008640570801038000002001000000026030000000609300003827065
000907000400120000010500702200080407053071060104096030000010090980650174000000526
300010090701090200000700300009057010000600928018900500007165000453200106006004709
900056400405900300010020095507080910204501030300000200000000680006208109002009570
000540390090086040470090200002009001004012780009400000800360012940800073103000060
007001040002070306361024570009007400070086020250309080008000000640002100903060007
005003806900060540000104903078340000103500084500000130000000000080612350020790408
005304006406900058700050020600010500801003400090768200250000190060001840009830000
510000360000006000090253870902300040850600703000540080020160900100030050069070028
671408200200001040050700000009004075000013020002009400706100390900320784000980010
700190630009370020200000100091026000680001207000080501400003080006007004830204016
029604000600203000003750200000100030206930000030408007800310570052070310300500620
200070039000045008010803000100020006400000250720589300900700540547000603032600001
470090106030000000890401000907000060083260741020000030002905004700006920049820600
264908753530040900000300604070000509816090240052070060005000000040062000021005000
008527000065004020700000845639040007500370208000100006070680504041050000000003072
000050723005300100000247890200004010006520308000100000008732060000980004632000987
530000600008000020400001708075020000003050200000810576090564800001980437200107060
006070040070062508210500006000703020702900004409020010620015890501207000000000051
028670010703900860000083000000064090504130608007000530040000900009008050170050283
003105800025080300700630400200000004010009030009700682956008147370010000001500200
019000080807609201000180060100060840090001070070403600001008406900010000503740108
800256100120090053000304072490002010060009008002530946008940000006000500005080030
007000000900400130300716050030201705521879063000003800700100000105900006000050341
000000000675241000083060407060057200300800006528003000042385000750402301039000000
008640500602705804005210637100004000307106000854000000080407001003060000240050009
000040307008103090500800060685001700107380900320004608000408006000000829000279004
120070043570600010000320070200060000304000086005138204907840500000000430001590008
040650820050000476200000030020007650001039704004060090609805007700040000402900560
000000200064900508200305009879512300002630000036008020700209860908000007000074100
006080910100725003070010002502360004400079520690540001000000108700800005025000400
035806090040090007100004308010008200006000800902507140024700901001409503800001000
340280001950300080208190405032060007000700603070500048004030206000000004006001079
900800146107040000560020000048060905009001200200009407095007800706238500003000600
010092030730400090986300204040105009059030000200009083000960008098504000004810000
080000123000200700590700084059100062200908000637040910008027305000300000900050240
500720100200000045001340020308407060010050079600000014070000080804573000060089057
010980570096700020008006004000408050050600900207090410100060703045073100300800200
000800690080900020063040018010003000295418063000006180020604000100002009840059006
003000900005603100040000005084030090700089614610270080000400208008300001001720359
090060503201000904030001200500602107000070845087510006000700450000020030006905701
060090000800000307057063009410058700900000012032040080109500030603907050000032901
025304001008070020000560700500647900040129006602000004076208003003010200059000010
070018000908600500100300807090180006000406030050093004004937051000060008607850300
500840600060000504203015700800020000015080039900034061600009342009000050150062000
007800600000450002020069008843000960009600805000040320162000003050270009090180056
000039600361000900800120300080400500710968000400070809150304020003700105007051000
000701064090000000840039520600900205058060000002014036061093408304050002000006007
070052100690007004000090072356201409007900051000400000000509310001030600583100900
300078002070004006052010780625400090700800050000750630900085400200007960004009100
000600000604200007037084156008001904003760080509008000001006049072003010800092005
581000900700010004043020715412036089070000300090004000007002000854100000069305001
095480070480070000107065200640007830708349000009000407004000006871004500000008010
020890703003000050400050060900700030000020508752000401086032017000600085001509024
740020068382079040000041072006004500000000080050080400008430250405090007070002810
070200039000704008205008407080000070410902850030087100058000300000061040600073902
096007000701406000200109030000000400920740000040501208400215000069073100310600805
905802010003000089801693000089200400070004800000018000018020047290040030050100902
000041006000003000400000009001007264060002851004516300100050983805639072009070000
472050903001000800056002001700600520908010307030000009600340290000007000123500084
190000260520006001000020935059412000340970000082000000200780010010305027000060390
000010304000040000700053260390002005040060987605089023500800030200507806400000702
050100000000602700036879005000010300473900000091026040600700190300501208008203004
104000700020050000083040102008003926036020000219085000045070000090160805000090364
050004370704003006610050000941005087360100090508007031080940050200000004000030120
300820400800005007907040008006903082180060005090100600040700300700409820210030700
000270530009630000623010047004028650290300070000007380500700400000002700010093208
624000000038097060500000003086000530010600002240070100002008079000000348873409250
120000400008004201000300897803020000910003040602170908386290070007608009000007000
003062941020007500000500207030648000070900423095703010986000000000056100010380000
180200064670008900000065000802003006030510470700600003509400807008050000007830602
002540300580200040900080650060924100040000230820000060290050700000100820130072005
002080010437019050000003200020900003914002805000450700200030000001806907306090501
200590000317082004058010020835060097040070500096005041680053400071008000000000000
000800530070250001084036000802004050060008000710062090658020000003600200027080165
489003712000978000700000003603091400075000000000037056008342901900005020201000004
705004009900802003030971005007010930590003100800700000000006300006040000302198746
000207100760000900200490005120006000000012800040580000012074568459008730806000090
090000314805610002007400086029080670000900108010000020001000830070360050200195007
002100000019720003734006021006379800900060005083050060005640000100900000097010430
000085913003009080090103000920640308638000004000030509089010040706020000340008200
200000100700028900009470603623100095048030000000809402000510340405600287000000001
000320040500140009010069500050780300038401790000200480600904003305008074001000008
560009820930040057480000900000008000300207010009050703803020160100006042604000508
549703006700005092620900050004030610000000040035608700000002960350009071400006030
004607000960532000030800060500900000010408206080005000076200304208703610450000907
002063090064901003010070000037600200000127000206309000020008070490006082500204036
897056000600090000010700800970000085006975002503201069409007620000009001230060000
069004250000732090200050100004968001000071002108200069000006700905000680006080903
050408900004007508006500100040001096172890053000300000900600315007003000460150080
560300709940080200010000408689030007024506093350809000006200380000640002000000006
002040800400002000850030200639000705040760000701305084100058400000000908084973500
059002008200000965768010004000060500605007090410503020004000000036800140072030059
000000205290053000007062034708006000300520749500004008005040002480209600900600407
000007640706405001324169758000000806500700010600910400203000907800300000040800100
040060230006000900200417600658200410010006009000034006509701000400600307060300105
970000580000700403020940006003590807590000001080004609000421005052009010100075200
006004800548076123000010000090007001800060000205100738050620074402000005600403002
690010020080054360253000001930765004005001000406090007500630040000040008049007500
600000100500740320027105006200670908003209050908000200000007590800000004792014060
240190536006700000050030140700009000030070000500823704070302600060000482002600305
750000000001068270800700000500100069406920058130086000000015003200034600080270504
014080007000000060702003800196057000320901080000306001209060000005230016600078930
400030061200000080000006040125803690700069402000020000009002000602184905051607004
005000069300094200072000000008030004200469078650080930000647002403005006007308090
070501006309008027608200401000000940520794060090862075041000000060000003800006004
001400620572000000000592180050006900240905001010003406807360500090200068000009040
600734000701920300000060007072381006030246018000000000040850600000009075215070040
007900010000405980006030700064000030200310000003086074049701628600043107000000340
029361708000000004675400300002000100031080007068072400804210006350000020000700043
801000000000053000004008630302710005000025800007090021498007200073600598100009043
100020004340000260000070003402000000059432600603800002204003790038640005001007306
100000005023570061070690002300000000001045700650089420005004210030006009910057600
029584163040000090003000008890462000605710800000800610200005000304970000950200080
603479000401000730000030800040207005062800914030006000008004503900080600076105400
076000802000010600040800079030020580412500906060034000050080090200450700680097200
006008009190005002738290015670050098005000307040079050000000920080024600021000003
000040002020100600603029000012054000800317009030208510090002005256071030300000406
030009085894005000200010907000900618400100259080600003007040590940006070025001000
003600000029500070081300496002497000405061030007800000200084003000025007900100524
800256100510070086000108073620007030070009005003410867002840000001000700005020040
030510467002600090000397000200069108086000700004003050090200603021900580060801000
050007040030000089940038501008193000720006100000200000105002093094010602072300010
003129058060000940020004300080540793130080506050200000000000105010098000048005230
400010026000600100130009507209760400784020600500800000640030050021007360000480200
030010004050402071020000086080240009200000017060000425008931502093620008000000790
670093010500807209009020500030009680108000900407260100000000000000971800080635702
000501000793020050004009826082095600070300002316004080000980504000050203029003000
430207509075000031102508004900000408204000607060000000040086003300095006609000870
300000070010078630046050100000009050007840061004603097589000710003000945400500300
102050940709000060830000020296871530001004000400200001000040602024000870907020010
020010000000006401300042960100090000207300090096001703500008000860050304940673580
306709400540310260000200005000004029000000050080560070168903000794620180000080006
000300005500720603403005791080000500039108400050940038000000000071096280045080007
064807921100005003000041008700006004005010800030700006490050002000079045201008079
009230000031009206000500490900402500005070102087005900590300070000000825072658000
080204705004060208007958600702000050018070324390020007800100076060000000070005002
600582003000700600024001000008050000030600090046273100000305410100406080409810032
420500910013406500500010048000025009602801305058900064060000001930080000080009000
000903100000500209500100030047010820091050007608302491003060940700804000060031000
306510020958003040120000000709080104530049060000000003217900005003850006000000319
001000078000971000090006040800067100070200003000184700030092514200700090649503020
500900016670008003090560400240050060800000350007091080000070035960340002035080900
030008001080004702170520006097152603000800204002047005048900000309200000001006050
000520760380010002006900081001405006900000300500630010600050827002100630000002159
630008027028017050000002800000006000700253080842971030050000790100060003000020518
740060300000400720120000005360500109504020800009030040007800650608001900400300287
700548100000306000000021005541073080007080003300900517100000000263407000850002704
710580904500019067930064081000007150009005008100400000800300009063000070090070430
038061070000004350000730000742090015890250040500400890300142080009600007006000004
010030060800146030003008004100000859060501300350200001001400720006027015207000003
081040500003009040090708036060037400015800007070500082200096800900000021108300900
038600009070010020100008506009006001700003850302401090000002700840035002021009480
040905376536007000900010400010000084000730960009400231670000103000009008090860020
200000684000002359098000000001000000320500060650040200102690435005820090940050072
000006000050100020861050903503008200012560004007000051090000802000025439208470005
890067324203000900000009001009084200038010009040000806405602193300190040000000700
080397214004208007000000000000800076097004050008000041040600138803010029009480700
705902003000060902600003070500406000008000206107208390350009008000504009804007120
700950400000100029639004001001680900040090000097400860050702310060009070074500600
031568000780942630002000008016000007040600800050300060500079086800100700000056024
000040009796053080300100720008004090100360870030090004060031050980020060005900048
406500090319006805800090100783600900020000007045000600508100009000003420294000031
017005000800200370200076018070590031084620000030000204005060007760009502000450003
700503200001080704520417090060735100003009000050004300004000016200640007615000400
056000809070690002001370600035402706000500080082000400000040508608200900590016300
009040517705102430001905600032000000597003060060050903003000098208400000000800301
000008050400006800986000002200013005500200340030049060803670124005194080000300090
970054010000020500002000064001090000000400030068030970000060327609703450350241008
200750090109206004085400062000000078040000039803090045000070000702640910600905007
081000437030014006040037015950000142017002060000000370800006201290081000005000700
130080620700000430004201508020509000060000000009008004270004003043010800518002947
640059700009340860020000910800030650030070000056290007000800000500920008007564190
760405138002800000100003500200000097046970010001200800410007902007100350800590000
097060000010000760040987120209000014001594080050100000078045030020010006060002051
000064005027900080650800040004006500890050000501320069700032190000009007940000326
076304000301795406490080000100000360007800200032507004514070000780100603000900000
642058079003090506700300080005000690000000037200700008081609023007010060906073000
409850060605090020207601390002960400803005000006018502001200000900006073070000200
105704803030000000040025910701030402009208001008040500004582300500003100003000095
081050304064213070025070109040027081802004050000900042050000010003001500000500400
003086400950001870800070050235109060000005104080060200000700040307650901108400000
240810006850700010001050298002030000600102935507008102000000309000201000005086700
000160302400030700350708610000021090090857400020300000000080067160200905800009204
072085300000240010540790260400900081200350070950074000019460000000009000005007906
092813000800560001010020950108000007300640029000157480700000090080000000901280045
000090002240800000036042700100004670000001095962780000384060527000000080091050403
071902006609400020240376000000090204000003001000060930080107503090030610150000402
791000003580060090030700451016000340800000009003190570000502004005004060028906010
600542000385710064010000750536070492008060001100000300760800020900000600000056040
700600020061000007300010800000005618509001700000728593802040076600000304007086200
000265000561003004700000659912058007040009502000002100034007960000084071800100000
007302000000071643013009070065910024004000000809064500001708050000435080450020000
000000057230070680700010940000057000170204830000060015009600070020080104603740590
047935608050021070196074302700050040305000120020010000000280000600000000432500800
020001578000006900480007030210000603058100004300000015802603007005004389740800000
003000094000000136010406827100008050000007460580360210230001970000283000400509000
400008205102046003000001704900003000010000407060007100639100852701500049000680300
050000609007060308100300700700000000030820975091007006940016000073009004800504297
003600000029500070081300496002497000405061030007800000200084003000025007900100524
718000359956180000000000080100070060000009025002430090609000010420061038501004002
002086590950300006000005407400030680830004000501860200300600052000090040147050008
340510006050000039006290800503000498100470000020030070091082060080900314030040000
709000000000257609208960000000000164046003002097006300030090541005600093000045706
361704082000185460400000100090806310000030905040000608830510700900060000000908030
400090510090000007600007800030000079050201080786900105300062900020018006007309208
009540006000008040680100705300090070970002053060750100800070512040025800507006000
508300060060000097700012003002003008104826709900107000806050940205900006407000000
003400001670005002940123076100807240280000609005000708304000060090530020050001000
506000709200579061000038400000803506401200000863050274000000020020086000617000008
010030006756021409000406000093014600000980002020075900008000017937000004060002390
007001385040002067105038004390050000200607090700009006000100832630820000400073000
420060090807020603000000502030008904010006057086405000000843100140600029000910080
820000000000020085000005721501760000000094010390081270207008190003000802410039007
000600001900030020850000090600000970097340800102090605009450000001903257370802009
100030847007002060035068000040390005750600400300020009000003000093804700820006354
056020394200510060300640000000060002801230600004070000403050209008092470060700500
080010000105327809000000130509006003600403987040902601417000000006090708008000200
031408700000090004082050061009006013016080000305010608098170006000002000654000027
805723164006800500010000000000370610602004080750008300000209800203100400070080201
050800300001040860308010002085230600003080007020090083560170498807400000000050700
100000003006300807070000005013897452000005001540003700200400306060002104407681000
200003019009641028600008005790030100000060037065000900950012400030400800006380070
080600073560008402903470605000030196045010008300806047430000000076009004050000000
000600009036090480800007620000070306203060050100345090010000907650010200002906530
000601702060070045000000936795000320008000061406300500580900010920504070040002009
240900178005007006090080002000008407804130690009604030000059063000706080607040000
500040800200038094030902050900356070062700000007009600640203500020090300013005400
030490001900000023018320006000670190607900008090500060200704309069030047700050000
027600300005070000089000007710000508000012043300008971074100000803054700291080060
423000809010504006056098104007065280000000007040370500084700000370150000000009302
103700465000050100005310000010062003042000500906040010600100080079403600081605070
230096170010040080008300004000060020870030041062410009050023410600900500400005090
500040800200038094030902050900356070062700000007009600640203500020090300013005400
954180007070030504200504800035007200008060105002010403000021340006000050000300701
500007890080309604906004100060570000024030050100002000008023500095000283000060917
004802009190604000580079340010067000000005080003000060076043890000200400031798050
085029070030007280007003001400000700806072400000041508360005807094800300000730006
007001385040002067105038004390050000200607090700009006000100832630820000400073000
020807014400600002510004007070490020201030008050001900040060703080000200063182500
800497065902056040650300080320040650006005300040600000003910570400700000090003002
200765300300040520701000600007500160000007030592601040000302400943000250020409000
600000301000041007184706090700000500009075400560390870000020050407589060906000700
700002000109605020504000090803490102060308070000000508008530206600070350090260080
397620000260004000001097623070008100006952380000103050008000961000300008120000500
190050000326100980000009030010000348004063097030001050900045012071002000085906000
004105067005903008798604300907000005256000003400051006570060009000000070641009000
900400050081039742000700030205970063003056000649020501008003000304501000056000000
620300810001804200400920603007080000930106000060030900703098100190540300000000580
260003097000806402030705006802009065100054008950000004087002049024060050000007000
305200407700000002000001530001890060502004900698700201000180003003020804980005006
006023007200018365350600000003050604562430008094006100000000030000090086020080901
938700520060080003050009000020000390100050762470962105005890000800507000010620000
008706000470251008006084000050400706000060050000528319900005000160300040705602100
000006043304009080058704921062100000083600019510293000000000092006000104090057000
000480001803070900074059080000065000480001620360840050010300006036000018000700235
072001084400500926306040000031050600025000007004002009100405000040806100659003008
000360007006500089000491002925014000060200705071035000030000200092800051708120000
007001385030007024805023006210050000500706030600009008000100672460870000700035000
070052100690007004000090072356201409007900051000400000000509310001030600583100900
504780306000000000023140907000070658807320000046800200080200000072060804000018790
005001204008000307900340000100008950053000000800700406296800041080004500540079603
483000000020400003905100000039042180802300065500010302090034500070050000058200034
970000580000800604030520001006230907190000005020008306000759008049001050800042100
704800010060015000510000060050030000000008004001950036045623789003791040600080300
782016000000000971400007020037800496000603050000040003150070000008100530024309087
010370004000145080000000070046953010000200040800007036000020000304069128620700495
230000006047056100000829473351000002070000051000001060005030000492010007060708240
000005060380009500065030709650020007023107604000090020006040900930610002008002310
054007600900610050003080204005201007420030065001500003010090046500070002306400080
050070060008005001704316005802030504009500623560000008380040200000800040040060807
400205630000346010009070000090462057007983240020510800085704000000158000000000004
560000930840006000000538604005040003039105070700003490080002700054001360900300800
070230008040000500092000400725600309010390000000002060004708003087100900150429086
064792030500400790017000206200800610000006007076059300000000000301570064040003805
605070081000005300000009007120000003593400700068900415407068000206197000900030006
000008010804100207001200869306987040000605308008400000057000030900070682100009070
002004050000213086009507030000046103300000847400000000903060072507309018000875000
150000708800500603900203450060007005005800002200400806602050080017648200009000060
003060000050902003920080004300000041000390028240700006832649070076001000409007300
801000000050008310204907605000100207600790800087300000970040132023000406500000078
006070310082003009003900007037005190500091706600000000200830500000507960405120070
100680500694053080000940003902000070570200900000000001720890000063021050400730810
004006800632001700090000501400700098305400000078062304000805007000200015510040082
100000042004072005075004600000207400403108070780400060016000500047020806028300100
030470600400060803000208109900004080704090030300000060801700090290540710040901050
260080709800905004100060500418600000030750040000090306680341050050000401700009003
002640070000000954050037080304090060090000301000020049009260038046100205230050006
010503060760010025002040900106005090000030050300490102601004200070361008005000601
104000030062900701078610050000100307906070005210300090000009070029030004400005219
500040032093201000007900108604100205052490080000050700000520010000009006821004079
040000039030400102090203754300506801004182000601900020003000040000051200950070300
300904000401230769060000020700050006800093070690070804100009000257040390000507008
090508000002000000806240007060003920700900006200680073000005008605037209100892065
903000000700000008040005930007016082401002069802004300080960071070058203009200006
090054020105706308200000006902460850000008730081000000000040080018005003509037210
304029180001470000050010000025000308000008000698530020800046502000182934002007000
451098600006004000302150800000030908805049030090075000009000200107000369020900107
060410000149000006835002000251008360000061700070025004024090000610050920008230000
004009502000601008000002096410008000706513429009000000040096871008000000100705934
005000069300094200072000000008030004200469078650080930000647002403005006007308090
209000004000070002034502806007008400482100900000045078970083000100050609800600027
003000900008104700090000005041020060200061458650480010000600801004900002006230574
090760801000090002782100000024035007610000024000201008037010000060900013040380970
904000020020004900600290038301000260500021004800409100400900070000076800278100603
034107650006209000008004103020065040000000036305900008040800307000470095009503002
010000007804061300500947681002109460096008000007400002000000596768003100900010000
370600950500000001000520046951006073408070005620000810200005060080490000090002430
030050720010000400572000006080000145090780300325061800207610009800000204003007080
004905000308000040659740130916073804700000090040000300001000403002406987007080000
000076082078200904000348750209000000700521040030007000005764008000059000840100095
030050109170080040500031002607300004910002070000710058800504000000060897760900005
080060000030504000004209056700000009240690015010050604427030000500000000863405192
065004200004095076030006000070040003340500900020908740090003604000050002453260800
004876000070200006008395024001960000780042300200000089102450000465001000097000040
006700530000020680230506904905000000100602007002037000000060325600073010320010706
072000800049010600510008200760000590190250046050000180001040060687320400000860000
000360007006500089000491002925014000060200705071035000030000200092800051708120000
081006009000800006403057021040070060007340200032001070320098000000100002810400697
300200001400030280016804700031020070800010690900500004020308107763090050000005020
005700400010682700078000031300020008040805370080030004001250060000008000562070843
300005040104020093052010000029400631000000250861530009000100000743268010005700000
300005086005090001001208400180300090004870102900106340008003050003080624060000010
400036002720050000300002741046010000250000038000207504900408005082900410600001070
001047286040000001058000904010704320003090060004300009000603100230050600060009543
705042030030010800800503400309001062020039708407000013000300270073000005600100004
021090040300080060080460032002903480010020500406500010260040378700032600008000000
700100408805630070100008020009000360080360200604720900000203050051006000460900013
005000009200900581000800200170490000028305014400102030860247050730009800000003090
000006000050700090319020406503007900082940007007000043090000105000039264401560009
069004250000962010800030900002176004000083009708400032000008700604000890007090403
028670010609200480000098000000047050205860901004000870080000700006002090930050268
008043006010800300043006000000680001900105067861700009600078025000900600150302090
300050819409600002258100004695010020701000435040000000084003000000001500507008240
980025001000010508031800002340100879008030000600500020090250003820001406006008090
005024908080001050192000703037895024000203000000007000571060089023000560900000200
038061070000003520000270000783090064540320010600700390100839050005400006007000003
301950804008000009760008000002890700010004000000672318506100032080467091000300000
007302000000071643013009070065910024004000000809064500001708050000435080450020000
017005000800200370200076018070590031084620000030000204005060007760009502000450003
049063000760021050000040369080100530050030706001006002107000000090002800800370641
000021300210309000078000001563000107097106203020000009002710500180045702000203000
007300901200705030903200005009024510000100006130900400062010008090000000300876259
937001040060300001082704953400030000200017504706040809000450000000002180800000026
000150602030004009100098700298745016760080400004060000010007000500439201007000008
002001005314080090070200108840020070050060810067308900408000530006000009790006400
709015000500906701042700000001320500005070000006000004250160903800030160603000247
900050800801472509000091004029100006000000950740005002065710000000329600400006310
695002038100600000000805600019060000050007301006350204007090000030700926980506040
580000413690003780070100900729060150040002000030500004200040007060030041003000826
058900200000400090204705083400020030980043500300007900810000020003010870020398400
010600703004003009090400100060005401907000000481367000076000050800040910200501367
000510000070040091168003054700001000000000028410285609000100486604007500801056000
040809005305400801008300040000060200160240309580003000409020100801730096000001400
006103802902060003003900050204001080000600305038009200009007534000500000725038100
430016900001320060206007000308750600900003800060080345003200081000100000009064037
009000000000574000200300010362907005708000903504000070680700521900250400025680700
000006000060378025100009400279000380006980200001200500690035042400092050050000810
007204900945076010001089040800040160700601008010800790504000080209000004008027000
000600801400920507080000000850004039329160008070000120000010054742000010100002786
013000207700020060629000830001600090030500086060908070500100023000003600042765010
019004000802510609643900052090700521006000734000000890000008010060300400207050003
560010400002000591400539000086200700003000040040783006050408007094007008070300014
834090000070003154512670903000018007200300001700960500000800309006105070000700005
803900200000008005420700098507000030200483701001009800070035006058640923600000000
050609000600010040702408690000382409000000810800000052521007900480000020960520070
039000074801930200067150090070005900400060000980400000190603580020000406600700029
200830009000520140040090005905000320406010090700000004004300002023609001579001830
409001000305209014000400600038000007000000006904170080800024300540710902006003841
008700014070000603234000975020908100090000347040007000607510490000072000052680000
003006005158009007000520093600210830300000001802900006400062050000001009587300602
002074510085060290170000306090200705050800100200700680000000960710600000940130002
300704650670000208000206073200000010080650000090102780700069531000500804405000060
070010000002079013090200007804703060036000091250004030327050800900480002540900000
082009400400060059060047002030086001206000048800103000600204000340050006020600594
507009600020060000000200705001038204400502970002074861100090080045020090000100340
600020040000370601800560970500480100906200000040006025020743509409002000000805010
103250690009060000006400830900075040060010980804000001410502760005900010090100020
610040073700635000005010024047096201000000390000001000036500182250000040400000935
000508072005061009090073000001005420058600037760010080000124703107006004300000008
004607000130958000090200060700300000010504603040001000089100705603409280470000306
000100050180003009520679000798000035602005008400030902810400007000001000000728413
071600900060127000000304010040006090506000041980010002000700839000960007792500160
000800200721309800000600079175080006060000050000165790080794620210006004900000500
058003000610078000270140350900021080800057906500009003190600000702000560300005800
020001600870406015090000080058007190912008030030500040000750300080064009200090450
000500607000471050907000413700005260300068100006214078625000080400109000130000000
050708304004015006790000501217800650530107048048200000003000000005082000001004002
670081004000300500013524007706000000390050000040809030000417053104290000027600040
380420900906500800000600710500300100801050460090106200409035620600700008000009300
408360020020500600030070800250830040000090200309200507003008006097450002002010450
000905478007030901840027003030609800500200600908043000700300245020450000400010000
400000900000380472705000361008010004903000026004920510307052600801090030060800000
030008900000076000800034015004003001100600849020401300080002790760009208009000136
280700040605009000009620851000904132360010094000000000000000400500142069090306205
053098020009210000280300005002003004070064002004000518000541070300082600120030800
300047010170809652280650400090004006000000007030005248013008005000012900040000081
607100000003005017001270350780002540004600203500000900000500784460980030000410090
020080040640035702100400800083000017000012900019806005090003500300208009750900060
000100008890605070100023000940002501752006904381059020000004090008071000000038005
200500060000007030040038702100076000608925000090801056400680003985000020001750008
300502169097080205560030040400000510075004000080053024010007050000010900056200080
000400260002170340096830000004081603200900510000023000000000400089240105003605870
095480070410070000608021300120007960807159000009000107001000002346002700000004090
020070140900100030081403000060907010407206093005000700008540001059001004070800320
080000012670080000120003678900208030002740085050006049200001000000670923004005800
001050000000030806092010730008190370017000509904785020403060000000270050259300000
021970000060020501000105200100782005070300180050000020000200859005001000932508410
093040701070901008500060040000070100100080034380054002009000060002006015061528090
900002308000870504508030000000000700061540900702903840030200079000090605295061000
634070000900025061200683400028040000460950803300800602070000910040000700093000005
800004060060501070950006024138405090000009803700300400017860049080000007009047000
010089060090070800006500700000000070000800200100047006725604138003010007860705942
007004000042050700000001408700935200006080031250006900130208070500060193670010000
692003008041008000800000600000800104000010902010004850060240003003001069174906085
700200000013490726000060301405020807030080009000970000000042963002009100906107400
840050063060090100100030800000070000508029400294001000001068300005900024930240610
510000008000043900900050406109020780860070002200580000000207040001038200672090830
000590230000783609030200780009000150003004800007360492800000500000457008006100047
000703000030000680871602030000530408506008000028040760100060000004001896680095200
005600041430500076000083000904006000750240600000008425500004200240930008003020950
000270530006580000579060042008051270260400080000008650600700300000005400050046108
209004060000000100703861004190406570800509600004000290905000002000010050001235089
010298050003000402807005001760000030140800006000617820400502768270000000080064000
500009030026701098900052460060918002204560080809300700000083900108000000090000005
890067324203000900000009001009084200038010009040000806405602193300190040000000700
040207501620034798580601040006005030000700000759810020072050384000000000090000070
000076230804050000032189000503907000070000001640200050020500080451890000306001045
050380000000020870000060000060000058590810200240970030900030000072408309380791604
803025401049000568000090070000000647004800230605000810908501000000780950307000004
007006809006400005000270060500300690080950072030601084170800400400105007005700200
000076230804050000032189000503907000070000001640200050020500080451890000306001045
000080900007020000042930801801602090406108750070045180305010400700000008100009007
005006047307009000062000980000002069200608103600050002000705604530824700700300500
000000700004708010000052800070803249240100300683000071000590100130684950000021000
000903100000600702500200090017050920056030007204109685008020560100508000020091000
109050003000401009028009014500000001930065080600803900060300700000507040273040108
900206080507000302210043000805170903041309700000060000080097635000000400006001809
030050720010000400572000006080000145090780300325061800207610009800000204003007080
200093008538010720076080300081450000000800065705006104800007010040069037000000400
009540006000008040680100705300090070970002053060750100800070512040025800507006000
408520030020000009100790460000200000902053070307800045000005601009014300561002004
450930008780000060326408050010004006940000507208015900030650700000003005095000040
007109000000056371006734905000008032030910500060000008004800200090045067580670000
257830060001004208438012000000000000600281790010070025000008319000000002194300080
000030904195600302047000000000300490003061728002007601018000000560070089009054007
043208005509603040800041020005000074702036500000750300007000009200064850900100006
008400000060309740040000109489020000020806050506003080090004513074002800000091402
060045207200700000041030085006103498030080000190600300050000104800407020604051000
015030400840009000390450821000007905000921070030004000901003008000005049000098532
000090287009000000208100040020500600003901802801020793086012400310009570090006000
300050819902800004584300007739080040105000678020000000053008000000005400801004790
021600000048700030900050040835126097006807350209000100000070000050001920100960500
070050000450200000020604051200530000097100320014020005105087900760002584800000003
008000901000005308009030000400120009080046703001000460024000830375401290090002054
000000052750124803390080000500902304024000000010470029070061000005200086260000930
090040080680000710071006005060910400017534026400008090000000350008460109109050000
750000390308070014206013085070061000060000579000030000000050007900020050502497803
000350020930400000705100084604231008800000043300500009001020400480700002003094801
000900736700080204034000090367204008900008300812000070058010040000060020100053607
614305027090020006302007010506000003000000080001003060408032071063078002009040050
078503062030060080400800090000105000860000570010406309000900054540210600320600900
375000400000750832200031600001300007050006000030180950500803720813000004006500090
500720100200000045001340020308407060010050079600000014070000080804573000060089057
500000004004190025702045001006080500300001400108064200000510800245800106003020700
000003085090780004600050300905100060082039007064820009000000801810076420300000906
674508923008900740002000000801000009400030007027860001045001000003496005700200090
030000905700002006100000078250398700040701500807500300070800000483000219010043800
070410009000605148001000000106004000005900000300257600060089423800720010012003780
406000070058070400203684000000000300800705000745030209007000900001469000590017638
021054009400006127607802030900070200004083000700600801500008400000345070840007000
900060310004325000703000052070102906026080047090000000000200061600070820217608000
900060310004325000703000052070102906026080047090000000000200061600070820217608000
020900753600010080004530210310600540009104002402000078006050300790420000080009000
006039087000070000020845600008700930007513400040060702100480090060057024000000170
071900030600000000094538060408290001760000402310004000020000609030740020005620013
190000306600007820780060590070030050063850007508600900057120403000000010000490700
040300005580107030060005290005004063304850710700030000200048350400000020008920400
050000100000608000002301070004015902030900040290000561580074319000083005300500407
106950008007003506008600190513020800000506704604000350401065000700000200009080040
085040090000139857007000012008006073000381020530090000040000639620010045000960000
000540809049180000020007054000000402700290510200005006870310000002704630035008070
000000075050000861682075040000700000070600003040250790067010008823590007190000402
090085060023060700050040902030001600018730500002806030300000890007008015089010200
000906002020840390000210640600308150000000980050690000240000501070020869900503007
864000000000042780700080000080010902910258004240007500000009301196003020000105097
273000801094010006050040279040520000609000083000306010000059008030104000560007104
300409600006028319009060850060800030000200100700306000407012960003900040090000578
200000017100390000680000000090185072000620900006904130960701304500062700002030060
000006070080095000003400502907204000025037649408609000200000154001000003349500008
000005204097210800054008070005000000800900417410730080580407301000100000061500908
801000500070209040020810006000004320060000004710023000140932060258601000030005210
039400020260008000010300050000800635005106074000050801701034089003900007040005302
870004005012609734000010000005070140020036570709100000007003400960040007000207360
064000000008400039139200004000003040006100300301070968807391400600048120000020800
030480006008100203000263004070048300006309050100072908300001040800000105001930080
870030090009000700004060000080005974050089300006703208590006801000391000021000469
020000071030080040070510083007004005002139064016050000200860050000390028800002130
000009043003104507007000010179000038600007100004910006090005020015340000036201085
400700650000640002276800001002000005035024080800069307008900760040286000100000098
905000000006300007803000604060040083040030265300820709037100900092600050680590000
029030060700001003350020078008000001000000026000073840602357014000002007407809650
010000006030980000009370458000008003500030000081700642102853900000600180650400230
009600407050009100070000208890700300724803001060040070087034005502060700010000902
035008040009150000178000060920370000560810007407290000300020006806430070000001504
350000000400395810009700500600120000018007230070400068090270380801903006003000900
420100000908000465000900102007090001000200800000004370089036500053780614764000008
004060900001498003090370001060900070035140000009527016000650100000800009400719002
000800002900301760052467000200500600503070000608002010095018000820730000107600058
000000075050000861682075040000700000070600003040250790067010008823590007190000402
064807921100006004000012005200004009008060100050100003420080006000049017601003098
075104009200080517010900000000401900400090200036070180547809600300000490000240050
600582003000300800058001000009010000040900080073645200000204190900108060501760038
800000100500172000701590006002009715090205008150007490904000003035046801000000200
600025000008000527590430180000700490710000800254000001006300710900270040000600259
340805610001079030008000002004200009910307000020004186400156700005000401100008003
001758260004000008086403700543906800000500000670080500007030120098000040005600903
060009007084037000001060008905008000803005401006073082200050060008300700107896200
090007180008310900410005600503800010700020094020061003900700000007006000150038769
082500790009107806407000020250038009000060000900015030020804950000602000740390600
093210706500060293076395000008000407710540000000000000180000530005780040402050800
020967000500100079097000016002040900000500004654089001000802007008490100461000802
289503610000090005000004030460027000010008403020030160700010000801006390600850740
014953000000000506258071090000800600000004700189200300001006932405000007090702840
600900057001007040072008060080000014240013000005460078719006030003104009000050021
003900006000054008089000040027091604908340200500002080000410805006000400845209003
000200780004105020002007090020961000896302400050708000300509100200604800501820000
080040310610000000043000297900082500006700809035900600090006104000009060700051923
000060091965083004010900050104097500000601020530000900200006745050030000071509002
348201007509040081000008042004809000050463008903020000001000605030050010700014009
005103600006700500403006012000467809607000020050300700008930004700204006201000390
500829030800700902906304700000500000050002080043008070068940500090203800000601304
000100004004920807090004350800090020065308000903250670001000000420610730670500010
068490000000815003501063700004008000037100900100030070700602510005079000026500097
032087000607500008548009070004000203001000000000810004400002067056108409089300150
310005007600070190700018300400020050207009060009406730000007003801600500002053680
020078409670000000945000000000007230702305040800206701510903604089650000000000502
507003000034500020216080030002004000049731062070602400190200000060010080400070059
054800200800009037300700800420300100080160004500400026040503002030080010095004680
020007004705043020039000078983075000004106090100409050002500301590004007001002000
600820900195004080004500300040015079000906020910003045500100000001098560008050090
026010008000520090700809000060905480004080075805004230040002060589600720600300000
010000954040001000006450187103520490000609300209100700090040010000015070301800040
032900504001400203050000080009702001016300700703010900295048000068000012100006005
840600000500009100200480960400530090700100002025008401082006000100000680900813204
090000000506409120800050960450001000080905310100008490030000251008020004260174000
060001900000000210120003000842317650003000028600500040006029500050730000200654103
004023760380004200007860000042007816001005009030000000098300005010006927670000180
000508072009034001070016000004007260085400039760080040000941307301005006800000004
231650008507010046004000020100260037070490015083500000000109004026000009000086050
210700040903400010007005200534079000090850670070001490700000060000008020608317050
094620100001503006000190420906005001000000079710900080060030900040706302025800060
718000359956180000000000080100070060000009025002430090609000010420061038501004002
671090000095201084008006070012005708700048000900030405860003007020000590507020000
070632040402000370395400002241080059057000060830059000000000010000200097000975200
004700016100000008070600403010036027030070500500801600080954360906007004000008905
008004061005020070940670002094000000007230106300048005050017204013000000400305607
800002001600130409003090060020409008560300020100700350700060590005983000906000042
026001904000306700301905082200000009150209800048000020002007090005002003409508200
600001000090400031470392658002930000705008910360017000020000005980070002500240000
000040009796053080300100720008004090100360870030090004060031050980020060005900048
200800003000004000040300008000281500050000261010090830100048026306105009028903015
500693007000020409700001005610009020253780090090002530000030901906010002000078003
300420000200090408409001307003075080000000015795608004500042000002009040904700650
280500004070020500500306908005080000007400209020709103000100092803950700910600800
800000170030420080001738500004050060000390005060010700400080297206000418008102300
032054900090001004080700031005600027800070000270140005000210300018907652603000000
083004001500600040001000085010000600054036070006005403800209100032050800100780526
079045806000073004308060000080504300050090008492000007060750003005000000834601059
090054020105706308200000006902460850000008730081000000000040080018005003509037210
100204600009108007400906530870301200000825706000047000700060058045003000000002904
073056829902070000106030700000090502521000030009060000007504091205710600010000200
200040086006280500087006000063000800000907004049805702020600908074008003090103060
005014690030006502617000030001000070003000405580000301950401000100080250308200046
200070039000045008010803000100020006400000250720589300900700540547000603032600001
003009250180002300700010004304060002671025000009000500000837100007056008508201040
370400600106507900000006072453000706001273090000005800900002000610030087200801500
200046080095102360600309001704000052380010000000024000106073945003000000900260010
500930072960000041020014000000200406605840010400003009080405007006070030170020068
690200510000009007308041002086025000700000965000710080065002400100000700007853026
900000230300706104046090000709801040003420007060000021095000008001650400008130052
007040025409070080520000074000109250978000400102000000001054060003800541205006800
920685000010702980000900000037804090000020078600007400700009002068073059100060740
007509000009061083160000920070835600603010000050000032080027304012000070700104090
230950000006170284400000050084026097000009300709008005000090500060280740952000800
007204900625039070004067080900040530400706009050900640509000060702000005003025000
100267000670000091040090270021005040800020060003840952000406020006703000007910600
105090040004500026080702009002050001500300082970104000200401067036000090800039050
081050304064213070025070109040027081802004050000900042050000010003001500000500400
004800926902000050601002040008000070270009000060287093040000007020065419500470002
600214380003500020805900106200098000501000400700100039058601702060400000300020060
420000005105700006007501000260307408530006007900002160003070820042010070009048000
000002060060730000100860034090274080480596000620000500006100092018940005003007010
782016000000000971400007020037800496000603050000040003150070000008100530024309087
900800250203750009700090030100520906020008075008004000390006500060410703001070008
701009620902000341560000008023804009006090070000506800310060080670005000249030000
387420000026058940005760000000030804200010070600947300809600150004082700700000000
004013905030050400095408007060080050008006340050034010500302081300000004840001500
932080100000091002085002300001965008506100000800000010750004000600207039003600587
709002003015080700020071005080240307300006100090010620000004009030058070058600401
670500038900030106010068000005790001086010070001050640007000800800170260039080004
007040025104030060250000043000109350712000600509000000003017080001800437805004200
000024906060010000700000345390852001507000063102076000250000184000001030000285600
348201007702030089000008034006403000070912006209060000007000605010080020900026008
980000040000024300034750900000193650000200803006085029043000200609000038102000490
080009705035078600004065000060504170070803406040090800000000508009057004056000920
000400010008930704154080600300860900005070308980003100410305006800004500002600009
760090084094000603000100005080005300007029040050408706600904050040370800800001407
000009040500003610930180200000850120008402096025901400160000000057310060002040300
000013060009000203380200000020079800806000009970620501130590002060000190298000075
300700010500090040201540008020007090040002700730904601910070800002069154003001000
452000000107000000000700165300000089205001007700038214570004900040009756000170043
004601070095702400160000209009060008000300050070940030023500047746830000050200600
007000836000786905090000204030507480000008001406020300700094003304150700000603002
902501400006000502004306700000207085020000961000030000000600120563012047001008650
053060008010803250020040300000000700006300590742051080030509000560430907070000430
790005020200900508040032009604070900000080001910250087350001804100090000020008095
000400260006730190058610000009027601800300750000046000000000800093280407001904530
610809400009250760027060000090017080000406039060030510006000370100700000570043002
008000059510090002009502600403000070792084065160900000006000800050008700801670024
302084009000000830809210004010050078600709100700040090407005001208067903000090050
860300704005100302070900000080601029600000000530204067304020971008070000006510003
014080007000000080608003400125034000480706050000508002801050000003870061200061530
021600000084200030700050040963514078008907360207000500000060000040008920800790400
000002051200450900458001200063000500009020176500168000700203005910000020030510090
080201300006003792020500000060708200003020680078300100840007031007080006090430008
418090000729000040503008100004006900030002005685900410000237090000504600340000051
073405900020391004004206830700050000005004207060000480980740150001500000000608300
300020780000300620026087000403000006000035000050690038000000305970850164600419002
620000405780005300004200000300500827800907013005300600498730000500892100010004000
400200900000008034000400007250841703000002005816007009904705010065080000708000596
000903100000600702500200090017050920056030007204109685008020560100508000020091000
430016900001320060206007000308750600900003800060080345003200081000100000009064037
060741080004200106081039020000907400900150007040008200850006030000003070003812005
412008000006301400000600020100009002509100300000285009730002004080503017200746050
642058079001030402700900080004000760000000045500400008075301024006090010208045000
530870062007002800206000740008000517005000000000250003010705300800020400652083970
200080030470002060150300009647503000005600013901820006760000001000000057000738620
012530079060720340000406210500000403200914000006005002080040700600259031000007000
800052701003670000007009000390285106010793080080000900230007005006004017000500803
000400380035080047020360000002000690100000000800746050084650070759208401001904000
007001040006040309384095160009008700070056090410709030008000000750002900201080006
008400000050902470040000809291040000070201060403008090080004756014006900000039108
043801007200400003700020904000009001094078620005006300901604032600000008008035100
001002407290004060006000219185003000004870190002100030009000320003060700608057900
080370100170050608050040000500100067001564083030080004207900000005000390094020870
020078409670000000945000000000007230702305040800206701510903604089650000000000502
240000050035700401810000270004507002000496015056002340000960020000108004000070036
020540601005000490408120357139006008004001039002000700081030065300000004500000100
000030860306000020100625030502067000038000607069003001870050900021040008940000012
700380000900000204002500700000009500034801960659000082400975820090023401000040009
005070000400950073063008910080001007000860000329040180500004690942080001000710002
609070400700042600004960753006003007000000320020090046340180065100650000005030900
961000584238150000007009002502030900000000630086900005000090203703500809800020060
100028706700160830000037005610800000504390001980000200000280060006009103091003500
540100002002370090300258000130780000704000000900000300659000013280037400073610008
427008003010200090000706500100500089803164000005000036000070020974001805001609300
436100708100007030000430020594268070600001800000000040040002080268300010000084205
120000400004003906000100728302090000810007040906420801268310090001508002000002000
020034005001720000700168903080200000200506080000040000472000030005000291018352074
040500609009020700067009008470060900900050100020390460600040873094230000080100200
809036020100000003007021090000563080530000010906007052003095071600070008790800006
010007080820000600300681420400030900078096540060145000030070100000902000749800200
493001500102500670000000040000100057340097002020005900030810705509003280006009030
000030260821000530000150080000005009050901006180006720510063400046000100397004600
720000000600400300038006001300980600002001009900620107807362510003010000150074003
004300005000060813800007602309750000100030090000290386000900201431800700902103000
408097603600002090200010050000201037000700400735900060070800049902375800080000500
900076100006005009073400020000008010702013008600902007260091003000207090389650000
001093500603000000000687100300000205950401078007805013005008026086309000000502800
400000003030010060809503072003700024500020090607408030300100005270005600900042310
800000630000057000069320701091004203703000980040290007230700100005400000100509408
970000580000500403080490007006830905830000001050001708000314009043009020100056300
000001036500309071000807090800630000020004100005170200000000324308020019269013050
000009043003104507007000010179000038600007100004910006090005020015340000036201085
086790004754816300000030008008050200012400000000600185400060003005070001039005870
000000060070506000060701300026000003500073902703004000930287506654309800207000009
385001200006000500010600004090080052800295460504007300760803005000070680008016000
004005001620008009800400032310009200000007305760052090080070503000006007472503010
274001805000209006609000720700003514000105000103047000005980040090700650060030080
300012000769385020000006093470000006600154700000007001007600350810039060030700010
540003007000007234002100000250030000003070920408000301324000680105090040870064010
001609534000010000050007010049500268168402000070003090905026003000950006007034000
607050010001607900500040706004030000015000038700092150063024080870300002000900071
200100750000870000105309040590000804003508076007004500050403002060702310300050400
810950734064280091590000800209030100000000000600129470006500007900001000025007003
904010602180400000000089041749051000000008090005006274090060007050090036030502009
065002000020790048700008032000010094639200710200570000900600320072900000006007409
007005486003600721041008095020080037065000000100500009016000050800201903052004000
012070000080210743403800026006700000800005060057020098000940300000030685030007910
000008190080270036067930400100805060700360010000007952050000300079000680608090005
608701300000008046400065800104003058009100002507600000050000689006897010001530000
200800690010900050600520400090102503030050080580006004700030809045700002900608700
000790300830400050701853000087310400000000670014260930000100004070035802052080000
000056000500214009030078000008060254200089003003400090080030010620000307370042980
007509000009061083160000920070835600603010000050000032080027304012000070700104090
010092030730400090986300204040105009059030000200009083000960008098504000004810000
357008006800560070000004500501093048000700029074001000703082900060030014400050030
092630587430200006005000000600090003020580001051403000586000070910700020004005360
375000400000750832200031600001300007050006000030180950500803720813000004006500090
900080003600790080005010902093405200100020300040007098010059006300000804067043100
600542000385710064010000750536070492008060001100000300760800020900000600000056040
360800407020003010008401020650000000009648300800010902506170030074300051000005006
040900800590032006007008032050400309900020000401309560700200603064003008030010400
700094050100300000500207060940708501802150090350000820430000000009000605610009203
000246900120800070008001300800005102602007050031020740206000507017000038000070206
800053020001000800070028409005604000024017090190502708030040200452000001007205000
040615300200007150060090004600802017003000040080700600320500060490028000700360890
900024000060307182000016900000400027780030509000081006390200700008000061602048005
008752003074061200000000800000100000000004052140537900081006509000410670065009340
050020009200060050800150000568043200010200830020800000080900407076500020402071905
000105200200000503135024090710006000450803102000010750504002031800090400003040800
080010030095000000320970050068020013013568000500000600004809100000250700850001329
020807035009001006750600004360905800080104320900000050005400068001208000400006510
300006709009000080057081600106095008708030560000800010073018250002000003400309001
060024109002100457000000286096500000210080064408002701800050000040370012070000600
009002000402018690071096005690830200043079008720004000030000802000003050086400030
102050940804000030930000010317928450009004000500600001000030709056000380703080020
090870136087300250001050008300020010018007004060049000050000340074280500003005007
100040067040670008760000495496007000807105002000060000010080500600051980084006001
200190003000020048689030020092000050031842090000900300006403001070200460450010030
070005090008020314000940520010067038700800001096300470620000740009270060040000005
600000080900008005013000962006000803190084027038010000581040206000100058060050490
003971002170050006029800100000004080001205700095000200800060309050020648000038501
196700040000010070000234609200800065003041800708902031009000086000050794400300000
589001070000004080700608103800000029900580031430900000600405017305079000004000890
074100360200036000006008021900070800507802090008090570000600007420080010700204908
009000000000847000600900020184205009302000801706000030560300274900670100017520600
003005006407062903002300700600007300209040605005029040500030800310096570000008200
034107650001409000009006801080013090000000018902700006090500103000360084003802005
000005740800012000245900100004009800032078419100000020527800004001000205080056070
807040000201700003030002070086950001000623007403000090000030089074800502908005704
078090100053108907940307082706003520000040760004002000097000050000010893800000001
005080920060500001910302040200008000001703092740050108004015076000000500157406000
280700040605009000009620851000904132360010094000000000000000400500142069090306205
608730000200000460000064820080005701900618004031000080860200039050000100100456200
048050160300700825900000000200406070004037000600090030009604307063971200000080091
025409106006000800000026003500002908060018450098040000402300065050070009030605010
010200580083106207042089006000300020708001030100000904001490003059007060200000801
723900015080200379004030000609300740000070001405608900000801002041090000250003004
004060900001498003090370001060900070035140000009527016000650100000800009400719002
000007201002050070600001080005084023230090000900100008306578049700016800400903006
040906000000070000710530690074100900150690807280000010862300005407060009000040062
035486291000070004009105603207008300001030008300049000000000012000201500126000409
741000009590600030000100752075300048020001500000587023000000900409030085007020304
009740805070820100406000020060000091150030000004162003000017000901003750038005604
000059307079260000050000109006000030900680041100004086610520098000400010580100073
020148050030000009570639240100700503400500720060000000200076900017080600000905072
390007401008001050071045036100000060900100340004080000840320015020008604709000200
040008090000610400006000201200007960650802000407500100000903500508060379019705006
003060000050902003920080004300000041000390028240700006832649070076001000409007300
070005600600000010508060790080600147201374060000900200810406020000007406036520000
000140972400903085070000010009008136020090000800530040000780500040000001590204367
000019050980002071053008400090200010500006008260907540010804000070500064302060080
800009076709800004006107030100000000063020905020384001607402010000010607501006040
020510843000000000518400070000007205190802000302900708041280030075000086000701050
000030561600900080315007200400205076009870000000003928050000000790300015260504800
071390005280007001050802970000400000000039057940005000605000248000054709000120063
090000403000537860300694500523000940940000000000008052234071000000400230709020100
000400380065030072030670000006000820300000000500784090059240030284307501003508000
170240080680700400000000670700083005051000904002590800007000000300879206520004710
395040010200080500000510209000690050024350090109000003860205040003074025500000300
090480500800502007030001094000009100005300000204160300189200063750900208000800910
500030812604018090030000000008600050057190006090300140702960508900070400060040009
504780306000000000023140907000070658807320000046800200080200000072060804000018790
300000804002039000096508720004802057100900480078100000040005001567201009000300070
003040560615730009000006003100500002050401006080003051730002105090370020060010030
009002000402018690071096005690830200043079008720004000030000802000003050086400030
409850060608070040105403890001930600703006000006014205002600000500008076060000900
057098603002306057060020409600902000120000508300005206080050041001009002000000065
028050000005410860160007049306000270001008006000200001092500008800042105514000600
052400090400001702060230080700902030590060200003000970020000000300140629018027300
708006095610059403009008726000603040000015000003000019825070061000000970074000800
780263000000000008013800067000300000076908430802406790000704025041080070000020840
001603000009580213807000965065814700300750042004000008000360500000070300070200090
024000800000900500300261740030850090180040000740312000070020000400000217802006435
920000630000000070087030401873040050109002300040067100400086510030495000000013700
000905478007030901840027003030609800500200600908043000700300245020450000400010000
010000520006000003020500908095700130100400875072030000580009001600007200209014650
005307018120080600403060000000748000004900006900002704530294007009006102860000009
010000079000020050805030206000600400500010020620400713208067030900043102003098500
004062300600300020003000800508400010300009000970620034000006070810907250237080069
075104009200080517010900000000401900400090200036070180547809600300000490000240050
348201007706080029000006084005604000030827005407050000003000201070030090500069008
024007038007400001600905004400050090060000785053709000100003800030510000906200153
006003090108054007090608000002307005573096081600080030050030040069500000047000902
680310200402600390000400080000900800530201479060800000006030040720506100090100720
005004000000000513038100740000000090401800657876000030087530004059067001060018070
002000096500000000000105023096000040403006001185439007000600000609201708730908610
090760801000090002782100000024035007610000024000201008037010000060900013040380970
020000000004706900879000001040035009908600010702908500560000100200061040001357206
105009806780406502000008000004890000250000960010005370008050023000001000941302607
000076105645001200107500400006003740070150030000807009000039850000200006803610004
570000060006430780003270090020069000050300079609007105900020010380790050002100003
500000100206097803070502006060000700100024630300086010700301260402050900050009040
000050723007400600000738540700003090003960105000200000001396050000810004892000361
301000470002471300000208100006000003039782600820305009070010006400600000010094507
020890703003000050400050010500900060000080405784000109047068091000700084006501037
070068004090304700600000903007800012240000076060472000080603007700000008016087240
001006054320400006006803010960080100000049030704002960290000080600210000030590607
069210004001640200000800070000573860000184503008900410600000080002008046087096000
804060013010028050000010700342080095060103007000009300020400030000032501173005080
000020005035674020247058006000840300000060200059030074000000500124000093590012080
000005000000300560395764208614007820000040906000586000020050470001400302400090001
809200003042800700000004006005003098030009627061000534020300900300050000580071360
280530604390400200050000080800004000006907428000020300060180740000702130000640805
052000036000000405740000291004010360100300004005002000006120008000086910831904650
805310000003246000072800001001490050000070460000500127904785600280000010356000000
002000030009032800701908452064005009000020000007040516908050020400273000073090040
030800000420070510600501208317008950060100400000297000145080020790600000080304000
065004200004095076030006000070040003340500900020908740090003604000050002453260800
100000608005640003003159002300962504004300001006007300000000205500001940002074036
900000001400203085305904600820000006500090003006578490090000108000837000258000730
084160329003200060900030000130008007000056013460001800008700031000084050240003700
030000000000400281010028395150000000986340017300501609020000903760100002090036000
408000612630004800790100400006400030900508000000709568010600084000395100209000300
780500029400102008100070500200040060603020087009860000060703802350200706007050000
000200306000004098048900001029456003017089050005000000080100060706540000192860400
300764108067500403800209000050000080000072010000006009601000975523007041008105000
020900000501034600300015000050060401140000080938107056000402000792000804410080060
400003102360010000750008094003060247004571000070400000000205913000046708008100050
307804095400001300001203640100000950078005063200009000050046020000027000600308704
000912348320005007084600509702000400030000812051000000008720000000006084063049050
083004001500600040001000085010000600054036070006005403800209100032050800100780526
004600093020800600006900248002708004009106705031050800008360000600400030010002086
090001004003040025200075006750080009800200007060097401401000008080013060020809043
480136529903250000000090000060000003100080000000960014200400006378620040650310800
002000030009032800701908452064005009000020000007040516908050020400273000073090040
900385000004007020000400000047560200090002458300849760200653000000094007059008600
079065000000098000356004000000403102401580037000021900040936005080040300790850000
810950734064280091590000800209030100000000000600129470006500007900001000025007003
000200500605810004802070196001902050063004080007060049024590063000000910000601000
060005140051060090000108657400036001000750200200004063900500400682003000003600809
600290078215080603000300000908030500073820960000700030050048700400060081002003009
602780495070905000009000300200508640095100003008004009906300000000019750001006930
060004807000600140140805902600001590000409013001003600056090001000047006200000789
040815700000000003000670480003190008600000054008700031719082000200560810860000320
300092005000400630050003042089007006003500000205186090690008020701200809500030060
009380006073009085040052000160200047400560920002107050000001002006900810021000030
500800603710346002200090010304000800080407020601900500190680200050020000860003090
000974800059180070007506091000400903000002010630091005014030000000019540970840000
000076105654008700107200800009001370020760040000504008000042980000100007906380002
723900015060400928004020000107500840000010003802304100000203009095040000270001004
150007000326081000000062043002600005673100200500328006007000030009700002800290067
008061934001020000046005020500890067000000000390052140003270509805010000009004680
201740063705009400340000701523090000004513000010000605000000510097006240050020300
900641700000809135801520460000004027007900650240000090000050000430090070500007018
000004500236059100400013209009570820020000041800460005160900003083040607000000002
040030701000401035061000920700002096004063500026090010983000000600300040400918200
420000000805000173000500246057200000380400010100605390001040020504060981208000600
001600050057980000860030002900047080400006090000205007708160529100750403000420000
900004000008002050065730018004005003300200500702308096046007200009000860007653040
000608029409000685000000407014050062570086900002009000700030200000100078006920514
020010000000006401300042960100090000207300090096001703500008000860050304940673580
900000470450680003720904000008401005000050008594700000142800000000060100639102807
020007080000020106460093020930001600042008005000602908854000790003745800000009200
000601354630400809050830000016003082009200410500700900240068000003102008000500003
209300680037000120060000703903685400041007000006204030700100048000703000005040206
600804010400902063050700948003506000004300050001097382730040001005079000200000090
104000030056800204032140070000700302501080007970200060000008020015060003200005946
000026700897040605520809004004908073000010000001002856705080400039000200600700500
570912000490037002003500100032768001000090208708254300009080000000073000100020400
010092030730400090986300204040105009059030000200009083000960008098504000004810000
400000900000480632506000741003010005208000096009850470605048300301090080020100000
020000000007603500143000009030064008401800060208905300810000700700028090002571806
390050874400000060070000315007300020618200039900006100002000006004167200700400580
004601070095702400160000209009060008000300050070940030023500047746830000050200600
568200014003001500010450003030008040409705230000900605020500070150090008007300050
001003700008079050790500120009001005800040006045600307100007000003006970904830501
723900015080200379004030000609300740000070001405608900000801002041090000250003004
397620000260004000001097623070008100006952380000103050008000961000300008120000500
600053092003491000079062300790005010204917005800006700000030007002500008000620003
673100000000004301080250069007000090016000000300600054941007036000096410508300072
000903000906080740028040019002095800009306000403000602000810037210000060304709020
239000510060500002400100903817900620003006000042710090090321000024089100000000009
420060090903050106000000504070006301060003082039402000000698200350200019000130060
100400035000018746094005000060189050000000087030040692007802060000034000900001324
200006980083050040007028100800040300500060008360081500930870004010030700700004803
090040080860000410074003002080210900029856041400007060000000120005120309207060000
080010000705382401000000380103004005900206143040501708532000000009050204007000800
420703000806002000173804500730009105000000604059000070000207006582000701960530000
400600938000950060690280000109406805207090306000000001000009100900328650086005000
394067000050003047000100036010204070002008005500600018900000700005782100078001052
300060000000137082206000750080070024720004960050906000002700100160803095500010030
008056400603010000700040623080604095016200030500030008020100800105060900800020340
004050093001006000050408720800000007109023054030809010006900070047302069090007500
100600070735000600490000000000020790001460230050309864000034016000270380009806400
000193000009050004100020000900486007070000008603275019005300090200518043830000605
000613000023708010607000803001900460008160050006084007130006002040020536000000740
080200000000794800057600030003006205569080100120050603000009004006073000008520976
903426107020009604604000200002507040140090005090600000039804500010260009080070000
500009030037102054900073860070491008104260070208700100000027500803000000050000002
304097821000006030208103005052000049000000070890060352000008016007600204040900003
006508394000090800080006000142009756738050140500017003000960010000200630001700000
045000210000405307780000050908513040100007590530000000690008105800000064427100000
000100497080070006010450320002890705805000000037005000408000573270504000000007214
610809400009650170087010000030026050000705081070090360008000740700500000960047005
000006084005098060800002010500003026070050830328000000002340608013605042006900003
060024109009300245000000678081400000730090061204001803400080000020140086070000300
038015000650000000070394056020500600095000240861409300010700400009043000040080032
800052701007810000003007000930241506050698030060000900170003002006004085000900107
000700410240000806030084752302400005560008270000500603000050160620000000009063520
030010042500000000900436000004601079089257400070090500802100005065809201000060080
003200000000004760600100400082007390006021070079408006010780602067005048000600037
904200000005040081030150400300074010040015697100802354000400200021000008000508040
130870050000600901405003600300008002600940005509030006003407160004206070807000009
806000920003200040240000571102946000080000009005017000930072080008560007007030204
000080625800001000260000700100704000700000942930605870080472003010056000042008507
007006809003400006000870030500700690040360051030902084370600400800103007001200300
005020006036910074090003002302001700600004083008076000003509007060000548507140000
201740063609001800730000204456090000008524000070000508000000480094008670020050100
208050009100490307900700060007065210802000000010200670030007082000902006624080001
000170000704003180001002760080020041950040300040308006000400030015930820309007400
040207501620034798580601040006005030000700000759810020072050384000000000090000070
007500000230097001008403607003060900600300805009085060305200140080900300400801700
001089005580007060769004800972050140000070500308941000630092700207000000010003000
700009180009600400160084923040000060027061308000300004000020001906037245070000030
021000005070140003800009710000508094400010208285090000000205100356080027010007006
000105200200000503135024090710006000450803102000010750504002031800090400003040800
902601800000407260467080501800504906500000100010008400600000380080105000090030704
401900068009460007300080500040016000103700020020008140730052001000304070096000053
009005400634000019000000002800063240005000980100870003208694300403008006000017024
000468107040000500173020060006310049200600300030080020700800000960530218300040900
260045000000300049041090260004000000790613004080900302600009017470021906008400000
604708000080100605100006080000020043805010070002007050078501430046070500000489200
024000800000800300300416250090260010450070000630958000040090000700000436206003975
000670010004002050601504800000005028103000006050960000540020003207031080309800472
030960520069100004002008300095800003400530080003000610046271900057080400000000067
007204900619083020002079030900040370100908005040300210208000040504000007001035000
302070890090600105010092473000700002070246080020000600081067009703009060400020000
520401006100073029009000010600007201305240090700009060080350002036000050050900034
269083000000020891100904000453700910002030000890005004006000000028007000741092530
806500902400629003003000005030008001005000800098706230500804300080002006204005708
000070894149386000200000030800024070004038010630000050070045002406090085010003040
740690003209803000003205070031009000900000060400710000028000634004108092590002007
071000049003010602090708100018907500004000900369504780030040000000395000006002308
010050930030007026090064180006019040301002090900030602000000070060900854470000201
900531000005090000002867091270000845068000019500204607100000054600000028004000703
079006200008003010000050098004031800020904000901028700090002056300100902402009380
080204705005080204002765100804000050093070621720090008600100072030000000010002003
009000000702150089001690250830201705097006310000009000008470030003900020500300067
760090240005000060090687300089000000003809521007026003370065092508002000000030004
004080500098020030602453900000000870980000453005098200000030007800069300400270098
