000076105514009700607100300001002470060710020000903006000048950000600004903520007
307804095400007600006201470800000520054009067900008000080073040000082000700105206
154000097208600013000910840300070000542103000000204050039000270020000060601800035
006070040070062508210500006000703020702900004409020010620015890501207000000000051
000008190080940065065270300100705080500830010000009572090000400018000720407020009
050100000002300471104000903000009002580270140049000708007002090000906810308710600
805723164006800500010000000000370610602004080750008300000209800203100400070080201
000400063900710005800060000040270080091080207082001456050640002029030000300020014
002790068360008704008005019035000000900400020070050001603040570000007096097200083
034107650001409000009006801080013090000000018902700006090500103000360084003802005
000590000100876000070300050030000405004900602002413700508139207090640500000050360
572008140900601875016500030009000000350000420604050089000040200200713050031000000
000802054007501209200430601070900000021000090904006007010003502502149008400070000
000305000092010805000000030009200310030001264020800597040006700001028000850739140
030090200460100037200680004102300048653000701708000000000008900080000472017060503
632001749004007001080040230000000094056003872070450063020090400000704000008002300
040000016321560980000091000637000140000714060005900200000270090093085007006000035
760008002002056704010300800090601000007200040103040689009860007000900028280070900
307051290490000070210090563730008050050302900100009030006000020023046700870000000
000200810241680309000050007020300008009006002073002001010768094000000183094003700
273060090080304500406090300007083912000509000100000005700100400008470201014000807
000503701000060040009104325940600803005900004008340079080019506030006090000030002
137005209900320108004000753090002000000093070210070030000031090650040020370050010
000026130130090000697000020000064090905302000016050083020800006059673004060000078
005000300004205706010089500001024800002870140708000005470050002500300400003490058
600003009500602007700040860820000041000004000001005306007290030980061075006457008
800700000020480370140060508214600000000007603600009012060002007790000084300174060
000064005027900080650800040004006500890050000501320069700032190000009007940000326
090000314805610002007400086029080670000900108010000020001000830070360050200195007
000000060650190000201630097000002039000000085070365004832050076096043800000070903
002970813010300924040801000090040380000005200350209007000003408805000000431700090
780600040350407260000300080800072090609005023000030070900508410200700900018004700
005007000410980030700060081301650002040020903070040006130590008000073005058000074
001800069000609050693400800000010270020060080038502600456090708000700000300105046
000004350000381000230006090600000400040002761012048900003467209100000043400035800
000508072009061004070042000006009140047100096920070080000823409102004008800000005
009600704100700500040082009070001046000005001812096050400008270706050090005037400
507016090000703065206900307100500000084002000020068000090630470470289003600001000
003000900005301700080000003056040030300086572890230010000400207001600005009570481
870030090003000700001020000020007461010083200004602309140008506000256000086000927
000080900002090000094260107405902070208107590070056340507010200300000004100008003
690500048017800003800200070309000015006941000024005067000697821060000004200000050
006200040008090350320000700000600000670402531000000027937064200004001973002970080
409057038000900540500300000300278100700000062108009300030005029010700005045860010
000010650350000047706003980460501309030270010020000000070040001900100005201600734
080900002010046080059000106060050709130090400900600000800020005420300807096007324
780050100600701000000368700460005300000900001219037045000000608006040530301896000
000085094050000021080200700301520000862407050005000610900602500000001070008370146
080309105001800900709120680002000090600070000040090060320086700165030800000014206
050000100000309000002806040009034607030900080740000539460083951000075003300400708
006008009170003005439750018760080094003000807040097050000000480080019500027000001
000400200384057000006900005030801400517000080842700301470002000205008014003500900
007130200900050400100009036501470002040000308090026004000000690370062045460910000
000207100760000900200490005120006000000012800040580000012074568459008730806000090
500000107301520004800000352710002638630108470085000000078000000203900080900200040
004207010082050700001300028700920050290700080040006090009005370000400060356072800
068490000000351008507086900003009000085600700600040030700105820001072000039800017
200005600097000000030602100060000009040906072309724501000258300150009728000307000
200000017400890000760000000090654028000970400001203750850709301900035200003060070
000000009430002086960100040100006093580091402600700508274000901009437000000210000
000002600386005700079030480040187009000040501027900040053720160060000007000300204
006810030042000005315024000004006090009000426600092580058000000000950842007080150
860300704005100302070900000080601029600000000530204067304020971008070000006510003
010000007000100004800032000004300000520690700600045091936000405207403609051006073
050069000300407650840000290675080000020000980089000506007038410004706009010004700
000090704050642800000805000100726090000300080370000641047001008010050009500437160
000060080010705060968012075190206800025100000006859000409071000080300000000608730
007060000000010507053000080005690413081507090930240805020000706008052001009370000
067050030910800006000032790891400052600305080000010040006100204000003860780504000
301950804008000009760008000002890700010004000000672318506100032080467091000300000
002300000085079030470002001040003602806000500000086047908000420504090703360040090
000040090096000003430500008029000380040008057700120640004207910010430060008900034
000003900000002048042850000830090201009000564000610890098305100000701080271900030
400007900600030001710249368109000080020400609500800700001604892000980000080020100
605900740020603010900050300300001056000400007706508090080000000400205103207309580
000400200384057000006900005030801400517000080842700301470002000205008014003500900
081030400090100050500906130009800040130072005050300720002000070904510003005020810
002090308048030510030508000003007104007000000065420907370102085000089700680000200
000080900007020000042930801801602090406108750070045180305010400700000008100009007
008160500001300864047008300954200006003609240080040700030090617010006000700000050
002400791900023806006079003000702304000900100701085000400050007230090010000807409
000000000090870142782100600315400200000500008040030000174008503006050094000704861
007005190040068000609301208360149080010057900000000000506000821000016059080500003
839000006000080500460030000004300960002000408100009370517400603020810794000003205
027003004385140900000070030053918000000030015814050690039401008076000200008000000
240810006850700010001050298002030000600102935507008102000000309000201000005086700
475600810009405000610087200056000090207009030100003000000008670062094100008100024
700205000240790000109038600501306000024050060690810520900140358000000040400000010
706490850508000000091050070007200096300009005964805010000086000143070060080500020
000076048006000005400050706600507002041009007070041053304000500090800300805134009
100000209078902036006100000000010902200004003794203008050006001607380005002050690
002070000907200000345900672036020040401003006508000010074090000060710408000608907
130870050000600901405003600300008002600940005509030006003407160004206070807000009
215460703900000500003000006154082000729035800068000100097006408030000000000903250
800020670004080290060009008521090083030800400070002069006000900307900052050703800
050007000001000285209015060920006170500100400100304050002008030005941020706000041
000043010506089420001560000000800000069005071705900002094070030012004087850091000
070360000006007914092000070000005600784002100060190830000076020020040090957001460
200940100108026003030000502001070030060830240004200700009162300003400020640000081
800502004062307900097001000005604103206000007371000056030015000700280061000400700
460080000000007030003901584807100040300090600106074009001042300050030072030005460
013000207800070090759000180001700040090500012030901070900400025000009800045287060
000000080570813420092070030037001900900030004000045203054280360080100000060007801
060900080350007940000400000005206008047008369609003501096005200873120090000600000
007001040002070306361024570009007400070086020250309080008000000640002100903060007
070050000450200000020604051200530000097100320014020005105087900760002584800000003
027003004385140900000070030053918000000030015814050690039401008076000200008000000
506000709200579061000038400000803506401200000863050274000000020020086000617000008
200005600097000000030602100060000009040906072309724501000258300150009728000307000
000790010726500480001006000800030261009104050013080000008009500400050306605207008
004600093050800600007500182008306009003908401091040800009460000400200060020005048
850069002300501700760432980030600070005090004008150000000010007006305400080000163
070002015035000000006009000069081000000060030020095604042510897051970000003806540
043010080200390000006248309008070140165900002000061093002080700800000400607003008
050098612490210007100000400070600090609082004000030270004960020002800900003000748
300020780000300620026087000403000006000035000050690038000000305970850164600419002
003062941020007500000500207030648000070900423095703010986000000000056100010380000
807040000402100005060002090085620004000854001206000030000090043039400702704006809
000004960504000301270010008305007800001000054008540600102700089039400175400090000
602043009000200000000706210109320000240000000000519800018902460036450000020670130
002040180701930060090600500500006030307054298009070000070420010900300007120080004
900010803500080000004000619000504038035060027001700000650302401309000085100009370
010040007039700004002068301901050008060180405005200070050019040020800009090002083
100300004709846020800000000001520079570093006004100053027001300000000048680730002
271300500000200070005076018093400000020807056050030900902740600000508104048000002
002571690010820000800900001009603412000000750604150003100000025000005160750008300
000006001000380060806014700041000070600001003795408612080060000037109080160070004
007000836000786905090000204030507480000008001406020300700094003304150700000603002
080001007009700800150000964061080002043009180090106375870005000600803009900000700
040190500600002010081300640009207105002000300038901700300009006000020400096704250
170095800590200003040080020700002650004500709900000231359000400010400300420703000
100046500059302407420500000000060184710003009800010000071004008900000060030290741
375002090000007000002060000050680102900020850208000009100030020834295700029016030
801000500070108090060590001000005410010000007740013000450831020932604000080002360
300700009098001400004050310005007143002580700940100000009002600400005081780410030
607001009030784652820030700000005000090206003052008100080053000209000385000800910
400000500005960000068450309090345080047800050002016003000104005000079000981020064
008150000560000081010604037100060840005001970023470000000040069480010705059006000
080005000000400005120087049300200571070001004519703200006900000050300600004570813
000000009360007018840500070500004037280075906400900805678000203002369000000780000
930050106705914200800020005080007300006083000073295004300509001501600400000000090
060207003009010002102000067600005040020408000408060531916000080000946005005800906
700190500506000701800035200100003600080540307403070020317904800000260035000000070
400090500020000080000615000500109360000700018807300905094001030251030700083920004
050086024096407300800000009003000650560190000004065908070050000600209047030800096
000490008610200509800000026001600705060000001005080042150000004796014203048009060
050200008000090460004370200070000600032600005946005012087401306300007184000060500
608701300000008046400065800104003058009100002507600000050000689006897010001530000
004607000310958000050400010200500000090203605070006000062300401901804750480000302
580402617610009800302600054000003006005940370000000090007054100400090030036020080
086009510000000706010460030069001470100008000070940003001827340050010027020003600
006070050008090400700280061650028710170609000000000506390500004020930600400007093
690500048083100007700200060208000035006728000079005082000936574050000006300000090
801000500070108090060590001000005410010000007740013000450831020932604000080002360
001230040080006270030004100406920500820000304000081900000700006205300091307610020
000018090090407500020590014006000479049006000001904005830000900910032700600009203
001002800050600001830005004209807600000010407067200509906078300070400100025300008
300490608690080000080300500038057190070003000060020807140000900000060001850719460
020401003076300185010007000002004509100070200007805400001700020209600007060209014
040200310900370000201405000470050009010640830300000204160008003093000006000730491
014003728800000000605740000002630500006182900000005010061094075000017060408350000
037094002060300094040006800000507081078010200305040006080000010900400708104780020
005000000603954700008070350300690020700300801200010000062830940500000038034709100
700961020402003091069000000007630204903050780026400003600307100004000002001000308
890000000403000000100698004008720951200410007019580040000801005000934600004060703
960278040003100907172094000050010398000700005080500200400850030009007481000900000
897056000600090000010700800970000085006975002503201069409007620000009001230060000
002000064043010098000030510000053001700641900000800605086074259004002800209060000
080120000100000000000075000400090300605010480003408162230860570001049620560007090
060000103500900084040180005456020310210300657900000040107004500084005091600000000
600050403090006210487130090049200780002060930008000102000007040000081009006043500
800497065904062080250100090790040510002005900040600000008970340300800000010006009
090700060410508730600302008080100003040020180901083006000900071000010605100875000
750006081001000009000043005800402900002500000360800050038010640917680003200075100
008700000714590026000040080080605014000209003000480270603000058800006002020807049
312060000008009200047000005750396020000001056029548010105080002093010000400050003
500720100800000069003890020907108040020040086400000013030000050206354000080067094
051300400000871900000020031005294000600030049090000050903702506500046203080000790
006080090500001040078309006305906704000000000901804503713605480060030900000020600
020080001006034509930001006000008054040500900058047200004003090300870602702400010
537000010200003045684001009000090201070100030000080500796208053000600902000900168
502170080010050703700020109960000071087400500405009008008307000209501006300000040
009000000000574000200300010362907005708000903504000070680700521900250400025680700
024007038007400001600905004400050090060000785053709000100003800030510000906200153
400205630000147020002080000020739045005628390030510800098402000000951000000000006
900020704060040358403100000030010047000070603000603000000497060098500001654800079
470900860800507090100000005007098206008400009041060300003004900009002700704310608
000005290000080100518700600764200000005000006290104705901076040000021560630500800
070008021801075300306042070000820059000000468905416000050009702000001040700050006
014060000020901760065320100502040901000000085070510000007005000180270000256480300
001050000000030805058090310005170430094000701107249050406020000000380060283700000
097820000480005009026491700130082000040710000600000090000000062060038000204560378
520401006100073029009000010600007201305240090700009060080350002036000050050900034
004000008060410030210905640170280000005000001600057403701340006000002309380500700
430590007670000095090000263001030000027050000000869021700620030243001000500008072
000000201010302600709560038001004000902600010800009005235978040600030080000026590
006075020000600800000400700850700003010008952320100008460090087008204000235810400
008070600300081420006500708030400106080000204004800000042008307007090062090750840
720865490010200000050000038060480053005020004400001080506002007090040605080510009
059002008800000693671090005000020500102007060540903020007000000083500470015080032
060004003530600010010008060040700080000046007086030509005070024103080005408569070
805723164006800500010000000000370610602004080750008300000209800203100400070080201
102079405405020091900010020000080010560100042840050000018000000090040106204060370
056200010007009002000451080000003200560782439020645000902810307000020001005030000
005080920060500001910302040200008000001703092740050108004015076000000500157406000
023000000600753800007060001005000308008395007030400009582070900304006100160000784
493001500102500670000000040000100057340097002020005900030810705509003280006009030
462000010908000300003056290574028009100000480006090000030049005040670900090530800
871059630036820501040600008700000005050090000600010027008002170000108000007060283
000301040018700603460900005850090207340500006000038050030070408009043001004005060
000000927157260000000000000060085002708010000020000786049106005010027698206900034
042580013000920004038000006000005237803740000500300008085690000300050041006030095
082436090045080201006100000000001070000000820203879500021000357600000940009702006
720480060805760040601000000000000004200608070000094200080020105172030490590006780
030105409004008300690070050002509040000000010375006890043020085000043006106050004
006817209020000684900000751387600190000020005002000046000063020093070000070190500
860030002300006901700001803000800147000070605470060000090040020507900306003007594
009000000000483000200700060135604009906000105408000070690800512300240700082510400
200046080075809320900302004302000015810060000000031000108023957009000000700980040
090004286406002501100003400800127065000305720250006000385400600040000058000000100
004050302000000000500360794416903205000000400207800601345080916900030000000490003
800700000300000040926100730230078150050093084000410000198300460002000810063000070
409800000000093870307002410070005900850006000090048053900050030710304002030009064
002000030004089600901203485037005008000020000006070253405090070700156000028030060
080010030052000000360270040073020089098347000500000300001403800000750200940002673
200000684000002359098000000001000000320500060650040200102690435005820090940050072
610000000073058204002010050200000709038090100700102030057000391180034600306001000
050020040080906700600053021005000093000000402327040608098304000000701200006290084
900083000007600903320700054000000002256007090000900300070109200040008109102405836
104000030086400207037680090000900502409070001370200080000004020012050009700002856
210900830807050020000048100105000980009085200080609003970000000020800000500792468
200008073030000029950201048009000800083002406570009000000000065308620000705090382
806910027090007643457603000209001400004200009000008300040300006000160000600042790
054000000900804201271030600400100062037042805029000040706025900300000016000060007
352001000007050401006009235700046080001900700803500000500004000068093504030200670
030800650005032180890050700003060090020009805040270301010003540350000000060510200
002906540005400000490020300208054069014067020506090130000602000800030070601000400
000800040800750001740900060005390007970500020003007008510039000697180530000005180
000613000072504060501000309007200480003480090008067003240001006030050714000000930
047036050000201007029000081300075210004002003270003090090000000080029035730510040
902000060030501902070002034087916345305020000049300080006040008090050007000060050
004600093020800600006900248002708004009106705031050800008360000600400030010002086
000200008000819302208045097010920003890060020400058061040000000007302009100076005
102400007507800090800017006300000500005040070078630402000090740701084603006200001
000058314200930700000010080102003046600180907837000002380000000500060400976001003
003700060816009000002830500084000057030400010009000834901070645300004000408012070
030790540964030871070600930840070005000006400206040000400000250627000100010000708
200040007083795000000860500500010008021400756007500013040076090370000200006204070
030005081041089365580007000000000830410038900070946002000790250000051003008004000
503900006106035470000000035035840760090510040000720003051000980004090052800004000
098430005070060320500007600052090187060005000009820000200078009900010050086050201
000400380065030072030670000006000820300000000500784090059240030284307501003508000
048000000709005104100400006204038675390000010080100090020600000060207530903040062
007009200506008300001200080204905861765080002009062000000100008600000070100806549
000002687600090000408060090280009000060073841000506070006000700000628030829030465
930820056010600904700009000020090038480206070009000001002180000057060092001050807
007302000000071643013009070065910024004000000809064500001708050000435080450020000
004207010082050700001300028700920050290700080040006090009005370000400060356072800
460070108050861479000003000000900346370050080000000500001005700940030601506710004
005400236702090418000001097370156900461020000009708300000900000040012700000503000
309200000012305000760080340147892600900613700030700108021000000000001900000508030
000000306506083100839601250065030010000507000490800563000070035000300900078050002
000409050050062090000170030826900043130050900405000001008541300060000200003286005
800256100510070086000108073620007030070009005003410867002840000001000700005020040
302005004000040100800070300700500960603419720020000401000107009239004010005008240
300004000490820070805719300023090000059007001700100209006002890000980103900000504
008700364000184090020060801000001940000000070809007005970210083460803000000945010
002000640954000800001048305000009000140000029089010704000807910297000406008090250
078010400000580030502700000957024001000001500000807000136005780005072043700108600
000406700000000421584072060000951037009000040053804002005600009608703000072010300
307060018002010030090038004000000000980324001026900453000005100708003006650870090
090000070160000890570301620002610703009004062610230040700000016040002000000185030
050006009200018530608005070000103000001060953730004800092000360000531090580600010
089000524260500001010004000000250478020600300805000002000900200051832097000470013
240810006850700010001050298002030000600102935507008102000000309000201000005086700
019004000802510609643900052090700521006000734000000890000008010060300400207050003
007800065004093800000075004530460000046700009000350640000087000100532400083040590
000904510000156000510807003071005390640090020052000048060400250030002004420000800
000004500482095600300017904009450360020000081100230005940100006017060803000000009
001809070580000000000267085000910536640000021039600840908406010400008050000002008
490003700000009004568240003000008000000720430604015070206070090100360050700092640
100005329504900801009028450280401970001200000040087600002700000007004008050012000
800000001400820007106093005314080000000004810090016302537000060000050003001237590
000590000700861000050700090030000902008900503002483600904358701010640200000010850
906030000005001084008050290002000035087003400009814700703000008850097002000380940
010290006005607930000005020000500310100840002980021000671050483090708060008100000
031408700000020008028010094009003071072090000106050209063980007000004000815000043
029600045708050030050020090090500000030408026807000050000007269902360804640000500
000008501100750009002100000000917408857004006000080730030040105040870200209500840
600390075040007000573102060090258600060000000435000081150000008027001090004020107
510096430090000200270004080401705020789020560300109040000050690000030870820000000
642058079007020105500300060005000630000000097800200004068902053004060080709015000
548009607090050408100800300260008050315200040070043000400900036082400001900700000
003078006090001400600400907008015074500800001046200300700000000004089760820740105
050000070940060018178050000002807340000420801000600907480000030065000000701943680
092700530000105762700020090946000183370040020050000076000900008000200047500607010
008000106410502900005000024000019367030006018000070092200493001003065040600020030
031568000950327410007000003019000006060100800040900030200051084100800500000094021
009400062000006000564000831108009000020800000906240085690005400712000359000703010
600000078789041600500680004035190007070050000490200301301008400000002005000910730
070803259004910000029000004003400500090670008045008027000500030002007480438060005
000405700000013650009860002002500004951002803487900215030000090140000000005108300
000000291003010570150000038009100050000602007401087920090001705800750002700230400
600100042045036097109000060091000450060704000402008900010657000027001635800000000
204796008000080042508000006040013070016000400000470061000007950107504000403900027
200806003009100876030000512910078004500000321000001000800709160165000047094000000
004601009906408007870020000203100800090037160000000090000906000647285900089003050
005790062074008510060050000008001004003009000410072950930010000001080043800230105
003100600190000403000090070020043008480210009076908000000005047810000002254030986
700080004900500000360402001006715023270608005053000708490100607600050002020007000
800600007006025091900000605030002050098051040012000700004093076209506004000408900
090400650053921007020000010005007801360800000080103020472300008000200070030014260
006817209020000684900000751387600190000020005002000046000063020093070000070190500
000081065930000074610430000009108000306500910020000056807009602064872009000000001
826790504040801093019200800100008930000000040030602050070906000090024005050000620
006070500010960002590800760009000070060407015200650309008009136630014000000006007
003520010900800020028003504200050083804107000009008400007080100100340700350900806
050000740600005180819467200020901000000672000701540600090100300000704905400006800
000030904475100302091000000000500720002013495004002103049000000510080049008047001
058100600000004053903068002002005310300709040071000060184050700007401900000006081
000206093569000012070890000130009408047008020000140030000010300813460900090003001
010500803942380000583207040034902500070100060001060307060000730000040050300750000
010050930070003086080067540008096070702004060400030809000000050020600798860000104
800002300070000008210890006482007160706320805000000290004009700008040000900208534
130870050000600901405003600300008002600940005509030006003407160004206070807000009
008043006070500300016007000000380004600902083183400007200038071000700400760104030
070609040401207050230004080083040502000000074607000300728465000000010007100002805
508000902000158004007240000059300070736001080481607300000000150900075040020010090
050006007000003050032080600064310070901760423005902810718000069403000700000001000
000004960602000401450070003108003500007000036005820100701400025026700349900060000
086450093300900402040108000400070000870010030000090204907000540008000301064503907
900200400100600890003789000300120509007006003006093004705061340061000000409070600
086004205000705300700680901002000780948000010017000023005476090420950000070020000
200000017400890000760000000090654028000970400001203750850709301900035200003060070
700040000004760000608095400040000000902400810875209034000007043003024701090008560
010083570070002000000007348000000256005060809000528730000039405003805697090070000
080001007007300900930000416064010003091003620020604571850009000100402005600000100
070005090500079483900002005000007341000010509107000060000908106009241057801000020
390007401008001050071045036100000060900100340004080000840320015020008604709000200
000809275806000019900070036010000042005620000000900700260730004000002367300506120
023005060009060512000000008306700080005043206700090345000000600190006020050201894
200800690010900050600520400090102503030050080580006004700030809045700002900608700
000004090000750302600002050150307026700205184000800500300008700204090001080401230
073000402029007810000526000006010004482960000901400680007050006008000050005701340
700400280000100000600082174047020310008090020000700008070650840260041050800270001
000004350000178000740003010200000500080006792054027600007382905600000043300069100
050002000408570002000900158000600030900210540713080090504000003860304915000750000
900260300100000009706034001645703000000006007007025086000308020570000800832570004
150003480000004000940080050000160005521000067000070200805016003304090070219500608
020000648678024000030860090100702000380100020207400009002003104019000063500071000
027900058030700020600021070082300405500802000040090802000019086860004900090600007
070410009000803467009000000706001000002600000800579600080067145100230080065004720
036401070004986000002000846901072053083010092200004008028000010500239000000000500
500438000080500023001000087725006040090002008000970302350060204007090000008750190
000800690040900050016040037020004000654279083000003740030708000400006009260015008
574200093102097000900130070820015006307029000040003020403000602000940050008060000
002007300500300026009000000051000003490120050080756041060005032000830000005612894
085020360006007002200400800009010700000608923060300008900050034040000009601943280
004009002921050060005208701600903100530400820400025006000006209050000013800032000
600001708890700105570830000407006003000000021026109450005900080200005006703000509
092608050315904000084000030003567008056010304907000000401096002000702903000000040
835016200060000300074000560400781039090004180000035700000050076503097010000800003
806245700000000802000009400020530601010407900048000530700080205080026100009700084
026000007008051200001207049270608593010300000003009000800100902140800370060790000
841203509903000000600004000060700050108090002004000013500340687006000401087612000
430016900001320060206007000308750600900003800060080345003200081000100000009064037
040030701000201096016000430800002047002064800061080020798000000600500070100793200
060500080401370000000400301009140032004067900020900000902005167057601090000004023
020967000500100079097000016002040900000500004654089001000802007008490100461000802
001020030090108050605400280008004900010360508700800400200001347007600000980230005
000100400509020617014530000800450069000090200946080100120040006400060000080910502
600080095004091007030004600490800203072003900068409000080000054700045800006100709
104000030087400905035180020000300509701090002320600080000001040043060001500003896
001900004040000030200645900900020000760003180304016297830050060000700520000069018
000906040016005307500740106007000000320600709000090060100074085048250001000168002
051000000800203500390000000700900034009000100614035020060342091008170403000590206
800020100001700002062008950698000700007000605405067830010003008300005400580601070
491280007206534008000000260000900701783015000010340086500002010120800900004000000
420703000809002000617905300150009403000000506046000020000804001294000608780250000
085040090000631854004000012008006031000327060320010000090000625540060089000980000
901000674080000901420090053000013049308007010100004002600000437070000060205400108
810950734064280091590000800209030100000000000600129470006500007900001000025007003
700000003160235870080700600030102560905068412210009700000000206000027300000640000
013040800000023009908006307036900008002080070400230090000060004075401630064500080
051300400000785300000020056002938000600040039040000080207601903300072608060000270
200485610008600037040000000004506703300000500097840100106058304080007026009004000
961000004803000000005081623310500207090000501006104000400060090600007350150800470
310027800064000150070000042500900003090005280840003000400090000009008020682041579
083052490500080610002701500300000270208400109000005040920500380401800700070003000
004000006200507400530048109058100040060870500100600097005000000000409081491380060
670081004000300500038245009206000000740060000050402060000738016307620000069100030
000246900480300070006007400600004305501003090078090260804000607037000052000030109
040000010010000503068000000050820341073040009204009006026030100400501002831900470
070410009000607218001000000802009000006700000700853100080041936400370080063008720
600053092003491000079062300790005010204917005800006700000030007002500008000620003
502806349910500820004009060730168004000400000428000006803005000000090008000601950
290470000006003270000102890800516003000300000321097000537000960004700010180650000
050046010068000004024831009002000080091005043070100000200597030500300906009600407
030000026007300090000600007579100842004000600080002071000280530090034008308970064
008670001500400086000020430600200090703000602002906140147080500080700310060501000
200009100910820003080000290100002307400701000706090502025070801840203600000600020
762300900050900081081060000435206800100074000670001000013602000006000024207050008
604000958051608300870305000415900600080000000000750030300070501020006000508104760
002040180701930060090600500500006030307054298009070000070420010900300007120080004
080500000607000548100486200000009000045000730006000085002905004978240601064170000
040908030005007098098030070060280000003070400807001026510004000084002019000013205
530000000201694000700200800960800700003060204104370500008106400010080000007023168
030020780104003000008406503007040050360100008400230100040015906000700000759300801
549703006600008074810900050003070640000000010026405300000007820290001035300002060
005006017008000060069724008002000705610050080030908106006000070050080694940010050
002070000907200000345900672036020040401003006508000010074090000060710408000608907
020148050040000001370295480400700509100300670030000000500071800018050700000803095
003280004000009370840750100601004007209100003000502809370400900060900030014005700
003180000800200061204006809072500090600072035100040007400800000506010080009650204
020000006045709000010063075704028001060304090008000024006400500050610049071005003
090508000005000000107420008020004560800900007400250091000009006903062105600145029
509001000204003500800004309040500068385016047706000030003000400900740600020300051
000060080010705060968012075190206800025100000006859000409071000080300000000608730
210005804007001020080240050540920083090000000030018570000300000379080260020560100
100905060547802000090103000370050000004230581800400000006000718019086230000001050
039200700000700300000500906070124009080306201300000465203080040490031002005002100
501027300402608007000000094900040580008106009004050600040035806800000005610980700
200496700408000020005080006106050034004600509500840000640075090009204007050000401
160050807073008020000000016009030760704210000010079200040581002250640180000000600
405200871097180020080000040200560080500370200000090030004005090000643710031000408
082030740040100000507064000709010800305000400804600010450007000030540008076020534
109700280074080050002510907940020010508000049001000060000152000000390120005400096
000009080681000095902050671400700050000408763070005002000081000059027000708046030
300507060250610307087000025000853000000002039000960000516000703000106540040085900
700050008026900004080740050600007902003009860204805073000004006912530000400108000
870390000006000703000005840204053010510400300307109520002016000040000200908700630
501000003000509002900620000000346905030290000605000320000160759069007801007080240
400306500051009200020000309246001050000650047100008600063084001902500430000003005
039004007000270603065030800300000270800507006047620080900000068108790020000140009
806900400020708603040000080604081000000409800000376004003814520001692308000000060
090000314408230005007900082071060930000100207080000040005000420020610070100572009
043208005907601020600037090005000043408016900000350800006000007300062580800100006
520000907960002800308500001000005794000700160090000008634800009052937080070000203
000542000009013004200700006000054000002007905050209081371406520000071368006300000
000601200050203001000907006230009005091436720000000193070008400820190000005020019
080061000706400010012080004097508000040903080100746005063090570000072040204000100
081060400905008617007009852000000008710850249090070000000000300004507020500102904
804010000301000052007000491070804316180070000946000705000120004008050000719603000
085900436009680000736540000000260509000000380000035610620300800000806900003720100
734106009290080000001407600029061307610904058300002900072000400003600002000000030
105704803030000000040025910701030402009208001008040500004582300500003100003000095
082000170040002000560000098020500006053001040000243080070106530695000021001895000
102079405405020091900010020000080010560100042840050000018000000090040106204060370
002590040004803020030002009007200030026104507300670090605000004480900005200000318
007128005000003218210045700000802000540060000800594000002000904080017032405009060
070142600400750200000000300015376008039001567000090030640080050003010420527000000
409800000213054009500001000002063197030000000105007263028005000300940800004700310
010450300420000050080630210809000000100740580700806032090064070200090400046300009
000008000658437000207960850410085009870190005020600000509300004030010060100050300
005000400910703506200050189090040010000009308083100962020030007040007250000006034
307009080090510007081000950074900000609030000010682709000005300738020006000763100
007200380208031006004060900305026708800500020900008050780350204620000090000002800
087069250002000006100203004500080032600040800020095007960000400000428309043010500
200105697705009020600000100000050002830600041000248369900010700007006005000024036
006700530000040890250603104407000000100407008008032000000010725900078040670020309
025030100003000470108029060401000000006000900230050000300405089854096207070002350
490200300000700001071063400008021070002000903037806010056000008000057620120084005
507248300492003000310900020651000030000580064804001052000000010130620009000070500
000009043002408106003000070987000012200001500005280007020007090078590000059306028
002900030069000840001076020020709000600002300004003900030097458008560000905320107
300001008007800100182030050600047301400619000920300400030068500204070080000900013
906340008030009005400500300107930800509000013000105070710690002840750690000000080
000100050560003002820956000653000019208009003900030406490300008000005000000897245
700200601830567200002000005086005910000008000075026380300050420020840007508000003
000406700000000231587013090000361082008000070032704009006900007903602000045030900
060001900000000170390006000912483650006000012500600090005068400040120000800394501
600390075070001000594208010040165300020000000186000094430000006061002080009080701
920700064640080090003900708810605002030290801000000609785030200200060080060007000
800020100001800003047001290924000700006000509705096320070008004500009600460203010
009080060260940370030060850086709210902016030500000000800070000003608000640520003
210640780006800000040207091070000340439002008560900007004390000081000950007400030
190000260540009001000070945023856000780940000054000000400720080070401036000090720
002000030005076200409203561068002009000060000004090756703020080200458000056030090
020810030908706001070240800060097005805600917000108002300970500090000000007480003
300670000160003009200009043000001084500940076847002000420000807700204900001830060
000190600090748001510200978050030009170000005000007014930402080020800000047056090
078090100054107908610503024706002340000010250001004000062000090000040516900000002
200003019007819042900006008760080900000060034092000800870054200040300100006190080
090012753080340002327900041000063580000708300043000200050000000930581000018000400
891600400040090780030024010000000340618000529304009001000030070900080030400706290
000004500482095600300017904009450360020000081100230005940100006017060803000000009
060050407020007006004610000139040060045070089200000350003000000002504670496000521
200409610450120700981000000310040000092005034800600070020004006164000250039060000
023005060009060512000000008306700080005043206700090345000000600190006020050201894
400062008096407000002000746070510060000600305605003100700005809900780003201090007
059200010160008040000103079080039001004000000031605208000090100906501720810400900
080001405213406007000800030100908000000000053627003840302070518870320000000004070
100200900040807000007069300490025700030940050010086403081500000050600012000018509
467000009908002000003048067370800050602000010500406300020009043006070098039080020
548700001609003000302506008050000290896400030007090850000000010460900072020100083
003060008000010347000003501200040000300079050709008006920085003004120095600930402
000000000568301040000480062000053000900046701850902436702030600004507023000200004
307051290280000070190070683850003010010907500900006040009000030031094800740000000
600024100310600000047910200000000628930080007120000040061578900005209060003006005
000705000321000750405300208059007600007000035610500027030004500000000006502916074
001069075069050000000000901000280090210000386940035020402310000503746008100090000
390140005250983070010000400007390001180500000023800600000030020800200704002760503
500006210100790000800300000000009020015200346007010980003052070050634100401087060
000950430009704802005800006010080000960120504008079000750398000084607000001000370
578302001900004000200070050002410690060900200050700010000008700090601082400237109
307000001509007300016038070060003010050871060000060040020084900004000026791026008
631080090700030045500791600264000000108570023005004000400009050800007010926000700
085039021302060007010020000003976500500302086004500009000290005060000490050084002
000030700074605030000080054207410086000000010850700043010090065300876020002001078
002300450001500208590004601000642379900005100000071086010050840000098003004000005
680300700002186504500000000200760003006538400000904608020405006005600100700810005
450930008780000010932107040010002003240000907309058100020870400000009002095000060
000042506500100420024500090208091060970006002040200030731020009060010000095007040
704800010060015000510000060050030000000008004001950036045623789003791040600080300
903062010800003020005000903200806704008001009304200150000020000107690500402000376
050049800007315040304008019000000900980400100016003000000054021169030700002700098
000080107038010620600407830403100050070840000816930000500360470000050000000290081
051230000320009108000518030270600040046700010000000675900000020430020090712090400
000076048001000005200010709100407003067009004030081057802000300090700500305968002
800074065000013027037000000901030080708420003000100002140069500089000030000085491
000002450040503000007060030094230070075040210032050900009005300408009500500600749
000003000264580010053610780800942006490100070000000000002000140109370805080401003
800700000300000040926100730230078150050093084000410000198300460002000810063000070
620900000000065420507020109800102050209048600040000080400290508052700300300006090
270006509000002670604700080039078050520900700740520003800100400000097000007084006
040615300500002710020090005900106043002000070030500900290700050670059000100230690
007006500030907086080403002570000100893001605000300000316580207900060000050034008
287090300000500006060003700726005900043001678000030450070008093802009507009200000
007060000460250000082070040003740000605918072801002060910023004050000200020190003
200830009000210830080090004502000980604020010800000006003400008078502001165009470
000406700000000163856017040000879016009000030065102009007900005508703000092060300
408000060020034501003560009002006054014250000000400207007005190691020040000098700
987005060000380400430720050700008000000590032005607001004000010013904076060170020
003400060600700003000010080946023078031580000070040200700800349018004605000200017
190600070643079001800040036005291700400057193901000002008005610060000320000000000
000100004004890705070005380200080070043701000708350140007000000890610420610500030
091000802800070090002890700007052103020006085309100000900004308000510409416080000
600000000209387600307000002060070309010000020000006170830795010900810067175200090
823000090605020481104000070000800006507600040980030500708000029009004853301008000
072831500000247016100006200043010009900000065207395081400000908020760050000000000
000000070430090800609075024042010600060700040100204590001500060290086003050400280
000014358104050009560003010002400100083062500600080900405008700800071003310000090
000000850040030709001570400018050092003001000750900301509013007030200900080760130
008160500005200364064003100189400006007608950050090200030010827070006000500000010
000850704870004209149600800008000900300002006620300071000000690900041005702903100
000045760501067080760030900025000890300000104047000206016803009050401008800000300
946020010735000000000007409500002000070350206020090057350040000600070183207009064
390140005840953060010000400001570002650300000073800900000060090700400601005230804
008302000013706080020000136092800400000063700806000021600000004040038019580604070
200500008059080407084020900000300200130900706045860109503078600090230001000009000
800315049309002010002000008006004080008060490540097100030600875000008900904703000
006501084017040030400703000000105208000000100125006403301009800758304601600000000
000007003000430058365000000020803006040700021937001840200300180800206530000080069
100034000690007013030006780001649300547010900000008000310900070402760090700080200
007805900940071000023900007030587401008400000000000070391760008006350109080009003
050000300670549002008002405064200001900051000001900860006103000200490708809000640
809250340042800000070040000000732000004001700701080630006509200200004905903608010
007004060014600870200780003001000050080200000423569700700003906050800107062400030
160539000508002107200078050040201073050000926000603510006300208000800300010000005
000070209000102605023009047000010508501308400008704003486907000090030004050001700
140007250030020400002509008200300905050004007970602100000263590403090061600000000
093605870004090005006700300000503607008900000702006908300407000800200403065001702
750600080302000000648000000000734026400000010000800943520009008069371054104500060
900000020264000179730002800009007010000030480073204590600470001305001700000803002
700201000260080701100900060900150070082000049600094500009020007021670058800010300
085020360006007002200400800009010700000608923060300008900050034040000009601943280
004600907810704065000310084700930800000800040180462009000000000075090038400080056
000100004004920807090004350800090020065308000903250670001000000420610730670500010
020900753400020010009580260850200630002803005603000028004010300270430000090008000
600000208580270300001083009048560000000700084736900120060300400300826007050090000
200105697705009020600000100000050002830600041000248369900010700007006005000024036
926000050004012800000009204009870003050100009280003670347001062090064010000030500
004601009906408007870020000203100800090037160000000090000906000647285900089003050
287090300000200009050001800576009100013007286000030590030005068108003402005400000
040000390602905040070604005720000000410007203000142607057080400300409500004000870
000100008403608709002500006200000005604873092090056000000000067005062080176089500
060530008035008004008742536900000050000000240602000081070069002329405007000000405
823107496000030570090000000900000040005060029061095783010508007600970001070000800
000002060060730000100860034090274080480596000620000500006100092018940005003007010
901350008000482910300017000006500204003800050850000000009024060000005479700108032
160004030409050600000001094902040100300000007040782350093206480080090000500030026
400900310210060004060134207952870040030009020000000070000258460601000005008013000
903200050004100307001508009030090102016023500020080004700300005090840070340000810
080010400000090003579034120050403017100970080320000900010020006000300742702046000
089140263104309807000000100007004000000930576890070010035806941000000000000003025
060200000009407506700060108500300600010500800043601050105806279002000300690030005
000058314200930700000010080102003046600180907837000002380000000500060400976001003
805709201010000000000156400009002043100900860420005710790503000000400950540600007
010094063020000090000070405640900370801050602000080009006728000072030080309040210
000095360200040150000816000124080005879500010003107009040000021060000004580001930
000974800059180070007506091000400903000002010630091005014030000000019540970840000
600080095004065008080007600430600902068009300059403000020000047100094500006700209
900004000302001098080030060120065804090300570003407600030046057670003040001000300
000019002607000140108406005300705004002600900970008053035900406080000500006540070
084025067005060002600090040800607023346010008000400900003002084500300200402086000
009380006024001089080097000270600031900730450008109060000003005003800640052000090
008670001500400086000020430600200090703000602002906140147080500080700310060501000
002050008360900002980702010593060800000840300806000000008005024600008097019470500
610809400008430560023060000090083040000706059080050130004000790200100000860095004
208190700605300020000500008910075200000630004304000609080060092040003000062081407
029000010403010289800923000000030001230060400070080000504071830307650002100300050
060013008018200009070090000643000050800009740020100003100570800530908020000321490
080050200050000003697000040240009580005801006910265037023600008100000360064000700
300012000517683040000007081140000002600495800000001004006700120450028090070100050
200590000379016002015030070527040031030080400081005069750068100092001000000000000
000503900600001840800040002039007020780020315000030609000600297060010080058004130
360902000000004020219500430600000390090000600481030750930000578070090003005783000
600050403090006210487130090049200780002060930008000102000007040000081009006043500
430001000090078301271000096006410007003006010140029608802100000300850000000900105
009600704100700500040082009070001046000005001812096050400008270706050090005037400
400000500007960000025710308030682050096300080002091007000103005000029000273050049
301050090290006040040009306000000020000602001000007634034000862670420003012300057
000040007080050020620903084406130000800004306070800405700380200008009001963400700
003100600610000204000040070080024007930850002062703000000005019190000006256010743
106742000000003201290000050000000000000189503014027000461070900708000635035068070
060090000500000407078056009680027900900000086057080030809300070106805090000062801
500930072960000041020014000000200406605840010400003009080405007006070030170020068
906000103045260000000910450504000700000405010370106508030607900407000630008090070
009205107570009300014007090000956040900000016063801509028000901700003050000008600
920000630000000040075060108492080070701003900060047200200059410040716000000032500
090004132060037094023000007902400300000806410008391000200000600000000973006009251
071530800006007300300000059007010002450600910010209008200904037035001690009700000
300000085007001340502089016970620530204000007003008060635010400700005000000800103
908003200001092480072050091006080004000540026800900000060009000284000709300070652
000024031152000008040100602079810000015200000620957100000530076500070800000690003
300000910091000304008390500003017009704860150005200670050000040602045090089000005
102050940709000060830000020296871530001004000400200001000040602024000870907020010
307690004409150300008040506000003002604509000832060001900206800080005010000081007
200060003001320500038900201010040790060503010507800400009002050402001009080790100
008900036300620810590080000801050002920046351000002000702093068009007000600000095
000000850010030209004250100036010028005007000790300504807063005040500600050820430
086009510000000706010460030069001470100008000070940003001827340050010027020003600
050800020000032081029700304240169800001485069000200040604327000000600090070000002
300050400046038012002004090650987000080000070007040086700063001100802030820000609
000000104001490030304500908800043500013050846500607000100060000675200000420800607
140209006005600940007405002300040060700856230680000504000000098501960000090070010
009603000005000460026090800360000704041002950900406380000008071610020503000060240
130000000062538704500010600070000900000290070600004058016940087780001000004057201
050600700760150002001040090600094371500700089109082460490000003000006100300005008
031408700000090001087010096006007049045020000809040103023980005000001000764000018
000000000005900700400020108620050017001280050050067402702030680040002375038600040
100030907700010004490082300250040008040020100800003209500008600603204090020100450

000540390030098060580060700007001005005089420006400000400820079170900046602000050
084160329003200060900030000130008007000056013460001800008700031000084050240003700
600092078002000300517000200170060802400000000003780046760000439900543680300000005
009120000084000302630080090890006527370010000200000800903802400000050039520430080
000093065690005010050700200300801020001269080000050046006000004809670050400018092
003900052012034800590020001170400005000700000030001000951000067004100539007690410
608701300000003049200095100709004053003500001401900000010000586006152030007380000
205400008000020000478010000000084950000700800843950610502600000007009365604500270
736405009900300600002706000000500070580902306129000000000000700001830020075260891
003600100070800004405230800210753000500000200006080735300010040760908510002006008
003060074402000006006043800170459300300007018020000900900000080850136400200900053
085619000000008500104500609509000020607090800040000900251400798006070240000900061
720058060000030500600400710072304005800010236090200000900501300500040800041090650
020540601005000490408120357139006008004001039002000700081030065300000004500000100
004107053309405000000000901000040000780030405102809370030000502405682100200003700
700009600016020050203060970400086195000001340000050700130040000807200016029015000
742003910060708500000010006900006007205849000080000029608052740001000082007601000
000058314200930700000010080102003046600180907837000002380000000500060400976001003
109700005052000940000952010504000000706010580000305704900020800200000070670498051
000270360086003004930400005063000002040360079005120040000000201008601030309702400
028050000005410860160007049306000270001008006000200001092500008800042105514000600
900000248834025000000490050040030800700650000306007920082570009000000512105260000
372064900000000000040019537001080070030900850068720400010490700720008009900002100
800091700104700000327806001000007349900504026001000500518460007009002000000050603
003009048000085000050470612380007004107000300600010000030001470008062900570930801
020078409650000000947000000000003750405106090800407206160709503039280000000000902
030040179080032064000000003002300491300290700700600020809003602000806000650400810
600000900000705060704900000090803015000019740010074009001207000960138074008400092
002017004604500700050060908005106300003000400720043190070000800308072009040008270
001000549605300010000500020700906208030240000060801790003409000190080450046020003
000700030700000010391000802003460907010280503480350000108090020049070300005023100
060000007237604100000701603000073010140200700008100032092460580006030270700500000
007460085900057040005021060420100050300000000570209034092305400000600320080000590
200003019006982047700004002840010700000030065067000100430095200020600800008320050
408097603600002090200010050000201037000700400735900060070800049902375800080000500
700085006000007100010030805004560019000000000080903507647051002950400360031000704
010500000046170208050002009809200074060840000020700086480601097001007800200900600
025304001006050070000790400100872500080643009203000006051907003004030900032000050
000500008502000047030802006974203050100006800020154370200000490090008165040010000
700085006000007100050090703009750048000000000030802901385071004920400530076000809
708500200091304000403280000002705641000030080600020300130000400000056003527000916
256007083000200695398000701000000002465000038020581000002160009080070000630805000
500000302760025908082009050607190005000030461400068000156000820020080000000950030
002086590980500006000009108100090380490008000308150900500600032000030050836020001
206875490080000002900004007020090700760012300800000920050706180008900240190080000
067050030910800006000032790891400052600305080000010040006100204000003860780504000
003040008800006097920017000100002045285000009000758002007580001010009736390600000
798000036056000010013200000060082000000700304901503802082300709004090000070025043
001680203672000009000070004004038010010094700085000490037420586000801007508000000
730200050028700061040600082060102530000564000000809206400000028083001070007906000
000000070937201006060407503370502960600803204000000000020060489000708000148009007
081006009000800006403057021040070060007340200032001070320098000000100002810400697
405100283021300900000000000008005009000490805004003016000016590000938147090054008
500100000378002059000790806200400081086000000147320090054010203600200070000050014
020900753600030080004810920860300540005408001301000072003080400780690000010003000
009025107004000006206094800800200000540700012001340780400900300030008500068002401
010750002205196700070040080000020470000800206050060009008002047006570800540300021
709015000500906701042700000001320500005070000006000004250160903800030160603000247
000903100000500209500100030047010820091050007608302491003060940700804000060031000
081006009000800006403057021040070060007340200032001070320098000000100002810400697
009000000702150089001690250830201705097006310000009000008470030003900020500300067
370021040900004000000080193040500008506208039080007600100800367035070000600012080
531002900067400001094000080008020040002538079000040120085010700006073400020004006
007301000000056000168290040070105000350920000801003050094010030015830000080604015
081060400705004821003001756000000009340920518050010000000000900009406080100809205
004060085020047900751030004860009300009003050000000409070006090010004063280395100
006070500010960002590800760009000070060407015200650309008009136630014000000006007
709850000300420059010007000807506002006080037040300580204000061600000200081600405
000000010106420800340090072012900736060502008000037500091076304007000000605040100
900350207700000000053204609020860071685400900000003060234001006007008130000030004
954180007060030901100609800015008400002090105006040203000023760009000010000700509
509001000702005600400003701040800079925037086608000030007000300100350200060700015
013002000674000800000001030740198356900046100000030948000900500021075060800014000
002030009608004700010806503104208006000000010086070290450709632000000007270605000
084001900309427008070800010530000049790100280800630105060500002000700001000012700
010020007009060040620074093000001004100380075258000060030040000970206400006005239
050040012709850034040300000000030006930001200170098043305020908000080301081070000
008005031600007008015304679026700000489100307107600002002000010000001046000800205
007302000120860000300001680430000750005103020010007006506024100200710960001500008
090000001850030009600971083170800004030600810900410050200069140500700630004008000
000540390090086040470090200002009001004012780009400000800360012940800073103000060
007300000630010980208906030061523098020108000005400000046870503000000104003004060
109700280038050070006410503620070010701000048003000050000547000000930820007600035
006710302300065000000802601100004280060107000290080700900500800705390020600000539
006008009190005002738290015670050098005000307040079050000000920080024600021000003
900050200153002800000300950600001090790005103001704020004609082206403500010000007
003092106002000859105000000308005200914076003000318000806700000001003900500021038
029580300307009060100006002030090648086040000490800200815000093003900005900300100
070018000408900700600700305030650004000201090060047002003476018000090007704180600
000000002310000700208035004931208400600400090050690020090064001147800005506370000
003008460106023070078000000000830007625409301380006004004001508009040002002007040
003400060600700003000010080946023078031580000070040200700800349018004605000200017
508306200200000871091070360930000640820004010000060729080407050005000900600900080
720506100300900020005020083650094070800002030200050409000205008031000040082300057
160539000508002107200078050040201073050000926000603510006300208000800300010000005
000200039008900000000005002060129703097083065340007008000860051580090076610500000
043109000500062004967034800080001075000040000000200086052806003009053100000927008
000095002405600801970000050310004005800563010060002087000046109700200006601000720
709060401000187000106000780004800910502600007010503600040030170060050000900014306
018900500023584100069300807901007003650100970800050004106008005000200700000030090
070302060006810205800060070107009043930000150000001700010620007080073400002950010
800000410020780600007641500703100804000060000402309060030007058279500000540900200
162000903900650000085901600853000007000076310007300500790468000030200000500000146
080300200070009000300027169020401038710603000003000640050008400030046570069700800
000049000048070650907300804080002900705980301400005200001600470096417508000000000
200000100900073600008420503523600017049010000000204906000190730307500241000000009
005001204004000901100740000500004180017000000300200609423100095070009300650038702
090760801000090002782100000024035007610000024000201008037010000060900013040380970
003060008000090736000008105900030000300027050708009002480052003006710084200480507
002000170000500036900716800090361200017085390000900000005600703100050020870100450
000040002050200700206031000035012000400367005010904230060003004793025080800000503
510300200090520080006108009709060050000700932030985070000050006203007018904000005
003008460106023070078000000000830007625409301380006004004001508009040002002007040
001023000042000958050089030010000600009135704470000003086300147030067000700800009
005604030804000079600718000009800050002000196070001240001405007460009502007060080
150007000986012000000086051003800002649200800800193007008000070007300006200750049
002003106046089000050200380090705012685300000000008600060807500008010903501600400
300001008002800500584060010200045601800637000460200700040089100608020090000100054
815706003200000170000410002400600300090840000503002684050008740640030020900004030
002970813010300924040801000090040380000005200350209007000003408805000000431700090
630000040004602380500490020041039000200006138700008090090017000020000400370280906
000076048001000005200010709100407003067009004030081057802000300090700500305968002
030500804504208010008009005792806103000075400050000007800000702000784600617300000
208000430000208007140036000000007002907004580410509070081602304790800005000005008
000152700000070008400803020561200030280401950030065010000000503700008009800306071
070500000980016007035400000000000009490001870001902003000150036017800452003207190
710800003800007090604009010491080060070603180006000500007020006908006271500070900
203040000067003004000000608406310095090006040300009060030908020908104376602700000
020801000518092000703650000001000000840025100250000430032070005007003201000216740
790604030200018490005003000026000000004002080000307004018230900007080152902070803
024000800000900500300261740030850090180040000740312000070020000400000217802006435
016249708000007046084630009670000405200000800000005927050090371000000080003050690
030000000000500712700048590124000000089120005503090801347002060051067000296000000
000005740800029000723400900002007300074096521100000070589600004001000807030018050
030061700000420100612000405000300960206010047970206000009070000048603010060800504
069710005001003906003009200600091583000000000085026007090140020470000651000008740
070402600500000200801506030610203000000000013350809760060900100090000070032657809
005091038028000900030000625093400006004067390702950004007000050950078000000540700
408097603600002090200010050000201037000700400735900060070800049902375800080000500
068102009230094008401000302607001090000800010003009050002418030310000480004603000
013702005890003407000000002230006040001004700008120530004070001670008200020605074
800900021040003570095240000027060000000170002000090080460709100901030264003406700
007013000030000172156000309400180507000005001000729000000347026064200703070508000
930050106705914200800020005080007300006083000073295004300509001501600400000000090
008706000370529008006041000050400809000060050000915246400007000860100090905304600
050007040090000072730014908007452000120009600000300000503008069046090703078200010
273000801065020009080030652030750000507000083000309020000093007050604000790008406
028670010901400250000029000000043070203860401004000630040000700009006020710080965
600590000940030006070800000003000105050618070067053824584160200700280000010000600
008302000013706080020000136092800400000063700806000021600000004040038019580604070
000000100060037009010028000059006200230810560086452000340001906600200007500000842
005103607006208400910700000600040030742380109009601000004006008067000910000470500
000000061095102040206037050100058706082300910060200000051800600009024100700600090
007040569080000300654703000078032600001000035060007010030900200006025471002600003
000000100085003290602900485419065002700400006050009800000000040074298030060100509
401070800900230000002500003076000010049000562020000070210006057790310280068007030
020637540000951000053082010400205860097108030000300090600500000015000074002003006
080000012620090000170002965200703080004180093060004057800009000000410729007005600
700900000800070064096840207003005090050060010010098405900600540004109020560030009
107260380060104020000300007010008000239006078050000609000003700600090203420650890
500706000070000006961200470089301060000000738600000000705120603000009057048560019
070410009000908746005000000702005000009700000500829600090084217200670090057001460
900641700000302519201970630000006075007500390590000020000030000320060050700009043
180000000530084020060015809000070234003802715002000000078006390005200060620000048
000007003000420076967000000070106002040700068635008790700900630100605280000070059
000024906060010000700000345390852001507000063102076000250000184000001030000285600
800640000692051000150809020308004100047000206006208430285416000060000002700000000
120600005000045020450003070703401502040300000002870030630098017010700200008500090
000080210000006908789002503001020005570809020904000800095308000608200007040010380
003100600610000204000040070080024007930850002062703000000005019190000006256010743
081005000000702601009010035000064000040273090397001002500047020174809300900000700
080270030900000600057100209609500814000901050105080000010306008863000021000012700
042073060070800350003040029285760000030509010600000000157000280460000100020056040
100267000670000091040090270021005040800020060003840952000406020006703000007910600
003780560520000009007005002600190000010304695009000714100060408006200000054871000
670081004000300500038245009206000000740060000050402060000738016307620000069100030
000020435005300100400500692000152700000740000107800050024603500578401320000000070
006971000070080000091060004083029640004800000020350710002090000000142089000537260
019004000407190506862500019080400967004000251000000830000003080050600700306040005
800600007004025019900000503020006040047081050083000700006098035305204001000503900
400900008005074102010625040000060007090200010301059604000030906500000270008102450
009080032412000005503120007300000000020047010050008000805603400270010308134000760
000307009702000060500002007050046002009835000000901450860500103230100700940073006
010050040062807905590010806070008461200000358306100009100000083000090100000280007
004080500078020030209634100000000340180000725002073600000090006900042800400810059
901060200000050003530810067350001408800030000040085021100008000405006030600509702
403009000000316008105700002350800004710003805600001009030004601041000090090072403
723900015040300987005070000609500240000060009502804600000607004067040000910008003
700010490021000008009350070890600540060840009050700006005000007003500920078934001
009310084803070069010009000430780050180003270000100400000200500540607800200400013
001500702490006008570800000900008074714005080630904001256000030000007000000201869
000801070037000010020403509904002700008750020200008105160087250700260000002000067
001086004900000100042009000158670400000308070009400826405930060000004300693000705
800200000003801200002006748100023074027008006006010800275040600000180530300005400
059000030078500000100090675400173000893620100015900060980057310060280090000000000
307000001402003700059078030070004050030965020000010060090081500006000012518046003
600029403200070009007004601710000900835602107009000058320000800590840000100005300
004003002376009054080400000048506000005030000007940081009000035800051749400207100
700604000000000000940500861604090010805410003000002600007800325459003107238000090
301000470002134800000208600007000008046815700830407006090080005600500000010042307
065140090007000004009000250000800320820091400501400000403008900090014037700930502
001900000079610002634000050052891060000300080090540200003200006905103008120008005
501042080728516040000083002003290806900071005000060000000600400802059000679030000
007800065008026700000073008580140000094600001000780290000067000900258400046090570
400107856020850043050004270001000060040000781206980000004000000060010407002340018
690070030000809007107300095700030004800190300360000570070900006000016020236050710
052400090400001702060230080700902030590060200003000970020000000300140629018027300
017080639000000804400605020002070906780060042650809070200907300800000000005048200
200750090109206004085400062000000078040000039803090045000070000702640910600905007
004600907950301068000790023500860200000900070460172005000000000092030046800010039
067800051080100032030520000071960020500400009600200070352640100000080094900001200
496512873002000000000900600004601200201048300900000048640000002300004700100263400
006700530000040890250603104407000000100407008008032000000010725900078040670020309
540960270070205600002000500100700300300401020720050408400107062290800700800000003
070050200980200306200900050002006007300400561500700000000000608108609403004830195
900640008500000014436008900091004580005020400804009000040003800108002090003906701
006073000270419006410000209700030000084700010900541000009120050008356004050000160
300006008050812034000004702000060095000000800400038270930100007001600480086003519
100020700900703608308006002201367405030000061004080000402600000800000276003290100
067900008810700900000084017900040002240000051100250009005029073300008400024003090
706490850508000000091050070007200096300009005964805010000086000143070060080500020
000010804790850020004300000400601008165430207000900000040187050007043089580006000
009006800106075942007000106083641009010509000000720603501000704000060500000150090
080300200070009000300027169020401038710603000003000640050008400030046570069700800
061580902040900180000001500100402007000857000054096820600309000900705300000618000
009002081100000029800170306000904210500203000060000000610000054007086100305490678
093006102008702009206000007060005001387010050520060003402050900600080700000003625
670500038900030106010068000005790001086010070001050640007000800800170260039080004
001500800030010004870302590307050008400008370000701050702104005090085107100000200
005120604006003005043008900024807001008240703100000200051002000002095106009004050
000800634250060070600007205040080007003605100000109300002000053075026810009030062
000906002020840390000210640600308150000000980050690000240000501070020869900503007
582370600001002000300005400005400003629037000700210500008001006170820940004006080
400020000002659041051784060508006704016405003000008000000060938003002100100830000
804000509010048076039510000603100700500004900948003200107000600080600005400305020
000001095019830060020009003480902036900740020070305000090253000002000954006007010
500000000830000007291004006000700490080640000740023610319200704000490180050037009
090012307000500100007600000020400019065108703000257000800040000940001035601020948
740690003806504000001308050074003000500000080600150000059000478007409035420005009
081093020096007018000000000070860300560042109802050740008030004600000800230100605
094620100008307006000190420701009005000000079950400010070080300080206701019700080
007908006050300002018020370000032007020000160765081000106200005000090041509103700
548300902030100504000000063000001008004908100800407029050700201683005000001094006
890100300543009000002600089000080650000200804000390207061038072008970000070010908
268007301400630080009000762605070020030004607000000093070020804020503000900040015
000090381090028600408500000050070062603010079007940000002700010860030040070680920
860350017350108090400900080020090060536002900000506000000001020600070354090045600
930058064010024590020000000060003407000867012002000600003006105400090780080571000
400739060075000090300010070807900000504067100000080547000650020206301900708000013
070315090080000000005006000040200075503000080728150040260541900030027001400090027
109070204038900150000300089014790503050200400080050007420000005006080002800407060
020000000003604500498000006080047005504800010309502700940000300200031060001465902
049850201003006045008047000305090004920030000080002030092601008506400000807305000
503100028002090416400000030005800060600700150000603004007000600001936240960502300
308000200005243610006001003032400007000010300080320406000000902190800060250639001
002403100500069840094000005008000003005004786063580000080040907450020600010075400
054007600900610050003080204005201007420030065001500003010090046500070002306400080
004793180070806092000042067050210000290060050043008600007080003012000046000020070
010700300000005100064001075082150703050600002030200506790400038023080000806070900
009017032010900040008050007200396001106700923007000000501000080000009310063401059
003180000800200061204006809072500090600072035100040007400800000506010080009650204
300090000007082000000003070846000020000000386700009541075430210080907004020518037
059003700003004001070106092000360008201005640000900230400000080308500400507400913
801000000030007560509602301000200405600740800094500000320070954056000103100000086
001603000009580213807000965065814700300750042004000008000360500000070300070200090
082547600300209708700300200000075100000031460600002007007060801900700000000058973
081060400405003682003004157000000001120670345050030000000000900008407020500102704
000000060650140000802630047000002089000000015090381002538060091024013800000070204
090000314805310002001200058027090130000700405030000070006000840080570090900683007
070302060004810702600050010206004085940000620000009400050940006060031500009620040
107000600205071408000050020300080009000090060759403082018030057000520900590007040
002045810490060032008002000900000068020008040600193200000000080047586900806009703
270093108900012000010000250100054030020006705030080600003600080680005000002308561
002000865090600100106000923004027600000806730000030582405000390080364200010900000
009700003700810295380950401294500806500000120000002009000097060000200300607300010
030006870659784012804021900023070090700000000000005000206400503000059601080000740
089010004001400600500000310078500030900230057250008090035000748090300165000860000
008069201000001706061800300010007005050308000000645013500080037103052004006003020
003129058060000940020004300080540793130080506050200000000000105010098000048005230
019004000302750104674300059040100826003000917000000430000006080030900500708030002
057903102010007040009050007000000500490010070061572403000100006906005010032604700
706000002908000001200809000000708903509000067073096028004003270060902014020501000
002003000483600590701005324070200010200090600090007200009050802010804030308000045
040500090900006402062940100000830920239600700500000004000460500610009000804300617
090400310200730980070890040350000469400007002680009050000260104801900000704000090
600003580504290001009050007090507002750001038000030700080000000960074120007015096
108045200070300104064002800640001372207960000030204006406008000003000048001000003
060000874030010006207986500000060058602000000050378160806043700305000000020609001
009006800701048263006000104042167009010209000000580601103000508000070900000450010
103700465000030200006510000030087001014000700807040090400900030092803100085104070
029350004010000057700090600503410009001000240070083010046800005805020301000560020
006039087000010000020576400003600170008752600070040809500920010030085064000000750
000040007070090020120306094701980000900002701050400609300160800005009006416800900
003971002170050006029800100000004080001205700095000200800060309050020648000038501
008000903973608002000039100060043005040006809031500020006470000407000200300980076
008752003046089100000000800000200000000006081650847200082001904000420370035008610
000528910021060800608000400000075000700300280386100504500004020800250300032080040
000000000608724013027010056702400590094008071000007000300800060205103700800600302
400092508000540190930800000100370009603000270080020000309210850042906000000008960
502806349910500820004009060730168004000400000428000006803005000000090008000601950
900080000302504861000300070000930004740010905260400007000060000830009010120840793
000030060000420700000508913700050000009704021030061870182000000043602187007005400
190000306600007820780060590070030050063850007508600900057120403000000010000490700
002074510085060290170000306090200705050800100200700680000000960710600000940130002
085406012002007840090080000400003008500901003903060750850600007030018500009070080
070500008200600050593004600402085100007061000065000000000142080040050030021308546
050019308000024605370586000000001230100002067000908400627000980800000500500000742
490000070003204080270600030914857320006000008007002045860700001000586090005020000
000008501100750009002100000000917408857004006000080730030040105040870200209500840
800000170010470080003281500008020090000910007090030600100040932904000768007306400
010030060300815040002006009900000257080507100520100006005700620008054071106000005
010750002502934800080060040000010750000500103020070009004009071001320400650100038
840000039500600874000090002900700200721900405084052090058060920003000041400000600
509020604100600000068070190704000010215060040006008000600784023000590861052000000
014080007000000090307002800241069000780304010000207008602040000003120085100073240
500706000300900007047080126601200040050060000073050601000030502008091304000620019
700034090004892070098051060580073006901580027000019000000105000040000000057900240
239000510060500002400100903817900620003006000042710090090321000024089100000000009
000360007006500089000491002925014000060200705071035000030000200092800051708120000
000150602010008005500067900798314056450090800006080000080009000100672508005000007
700006120020005096160003857500804370040009060090100500070400005400500080900002704
010700030920004001085901000090000200357006910000590000540070063100200097800003425
000006084005098060800002010500003026070050830328000000002340608013605042006900003
070301000420608007800409605000090000060800000298040000704000056610700049050064718
000300071062710000107005006235140800070600000000008293620030080050901002800050704
009017032070400060005030001700621005306500917001000000508000070000003450067105093
010630270203709018000050003701090504000170009000004020062480001307910000100005080
269083000000070623700205000638900740005030000170004009007000000016008000354092860
870390000001000903000007450308076020510400600607201380009012000050000700104700230
300090640100070000075006830000500789000009160760380004000950410000408050051600908
273000801065020009080030652030750000507000083000309020000093007050604000790008406
500840600060000504203015700800020000015080039900034061600009342009000050150062000
007500060094302000010009000908020031070650000000900780760180900080090317000237850
090000002000001050200680000780156040504009600600030000107002390920307001068905024
010030060300815040002006009900000257080507100520100006005700620008054071106000005
302005004000040100800070300700500960603419720020000401000107009239004010005008240
000090600709000032850326009004070000316085020000600053090430207007000000420059061
080020000040500320020309046600090004000640501134050700360004002407230600000700450
039104080000803000851002003002010506010000000498600002700080000964301850180500900
070350602030600010200100005000010560610000700820536100062070801001800030008260004
264908753530040900000300604070000509816090240052070060005000000040062000021005000
640715082003026190082030007805901000006004000000070900000100405900200016004600270
010450300420000050080630210809000000100740580700806032090064070200090400046300009
307051290910000070820090316490005020050302700700006050009000040046079800570000000
004005970500907416070104020000019200098300540002458090630000000800000030200840100
008030001001005090230916458002060900600200010050007000900301500004579000100620049
000100920907000001310000500000002053700840009085931002000014090069300004430098206
021789003093400700700003401802030006070006045036070020015007009000000614000090050
400006785060700400087105002093570000705030100200069300100600000006900000074200816
020900000305082600700015000080060405240000060956704081000807000472000108690040070
706390080035700010000040630004007000000003028590460370003209706067805042100000000
360005000590004060701000000279500000800071092006309507080100054000403100407052008
800002001600130409003090060020409008560300020100700350700060590005983000906000042
048010600017308504000070080103200009080004750000603100001720005490800000700900836
089540310730100204000002000076008430002061900100700002090405003004609020500000640
500390020002074960004050080007635000000809200008020093800010600269003014431000000
700040000008930000304025100050000000802400610146503029000008032003069501080004960
