000569328030000015000180000074050106501000049006400802103000004000006980920007061
400003102670080000350004089007060394008145000060300000000801935000079601005400020
040063907700000000601700250000009025563201000009050301000000706050836002126400500
806290473020070060009605001000068190904120700600050048070500000000000680000082530
040000709003024000012897430300908007000201058720340010136000000290700003000100004
050006007790001450000530008024100680000028794008300501400000000089060000037910860
000000019173000000208160700350209001000010052700450008900020800040831507030047006
204000900806150002175300460960200000012000097508091603020000180080000000059006004
007302000000071462052006080086150023004000000503068100005807040000615030360020000
910000060060910008007504390000040920090058100431200005100736800009400000806000703
400739060075000090300010070807900000504067100000080547000650020206301900708000013
452000000107000000000700165300000089205001007700038214570004900040009756000170043
398402001502610800000000700005709306860040200930250078000030900703004005020007000
080009502000072900000000148017236085650000021000100790460007000023980600000603010
601402803003150096009008215000005900500030028007200004900020000410000050060081709
057000000213700000080192000632908001000610090891000736520400000000050920304200800
640900031010034002352000709706000450009800160100403027000250300003008290000000070
040000710800300040000540020000051000020004067060730958587000000039000284004903576
600000900000905010107800000060102079000083140030097008002509000340718095008200061
278040065041000092900000408000001050863050000000693004006000840354860001000104006
305000602000061300607200009000040800031870020870002061006920100403000700050084206
407530680039007504050090700000075210071000803000218000006000002010084395000003100
829704016000000400000030005578600000460015980903040600000000068706102030300506200
004096050080000219007080000000000846700010923000008000070064500039850067046007381
000000160630501200801740009970000001205004076300070805100060084080009610009008002
794060201081972040200004005042053070070680004900020306000736000000001000005240000
700003000403007056050104090390081560200500071000740230072005900840000305000400020
906030400400506090070401650000073041387900005004000007802309004000007020000258030
804000002730000040600009800000470900970100006400206705300510268058064071100020000
004050302000000000300260481126504907000000100407300608271090546800010000000740003
100964050005710064040020091500000609008042735703500012250030100000009006000100000
028670010109300850000081000000043080706590403004000790080000100002007030670030542
540010000000024065063700004004950630801400007009007200708500316400203080005006000
280395000000002000591000004059807623468030001700106090907080060000003040005070009
468000300000800742000194000034001900079468035010000824080500000040007509006980000
000100798010080060502970401040090080000360500860200070600000007120049053090007024
240839100093470602800020040300060010001258430000900000000001026010080050670302000
100034000690007013030006780001649300547010900000008000310900070402760090700080200
802760000000504000000820001300040070008095030020370069100400007456087900007900648
050900080400070093980100200305010008800340509600700030007061920104050000060400310
096284001025600000104005082000760050900050120572008040250040010000009078000300200
003867900986450702010009080670040503008010200150900000000190370000500000000072490
070280001002106003601054008056001230000003010000007540260005904010000070700932005
085039021302060007010020000003976500500302086004500009000290005060000490050084002
052003000800000024673940100200005007060304891901000030506001243300000000000430980
005030004978005630010020758403008000100470500080009043600052007000090400097600001
090200007206070501004050003028400709000000630039005482102300000060180000840097020
007000680310700000096040000000170000970500018860394025025031807100920456000000000
300420000200090408409001307003075080000000015795608004500042000002009040904700650
008060040001007805604208070807109400500000090000084307003700010710000600005913082
249005100003000570010003006800401029900067381070090640020006900500032000000004802
010092030730400090986300204040105009059030000200009083000960008098504000004810000
000912348380007002014300507107000400050000281028000000003120000000005014061094020
039070510081004000076000039090600000024010305000082704000090076947800050300520900
070018000408900700600700305030650004000201090060047002003476018000090007704180600
054007600900610050003080204005201007420030065001500003010090046500070002306400080
430000000007009500629050008900008063750006084300274950894600000070103802000000009
000007003000420086615000000040105008050600029867002150700200890100809470000010062
460070108050861479000003000000900346370050080000000500001005700940030601506710004
020900753400020010009580260850200630002803005603000028004010300270430000090008000
009000000000574000200300010362907005708000903504000070680700521900250400025680700
019200003040031050850007142560309008000400000004106305100500020005000804030700061
040035200080000603506809000920010007300980002007060039070006980610308000800040320
861029000032010000509000000050006034010204050607095810380952000000003040020040590
009008000000659308580000469150300200030080501900020780000060904600005810700803600
921060080400598002530200709000902050010000004780004020100350608053406090040000000
005120604006003005043008900024807001008240703100000200051002000002095106009004050
020089000015672004806040095008097601000320940000001000004010500602904703000706000
604000958051608300870305000415900600080000000000750030300070501020006000508104760
600004520700200030020100879800506000009820000502041000000010040280059007940387050
000360000450721000060040810501200604040100200020003008800600090095800041230019080
278000009406070203030004600105700008000080001000560490860000700910602005300007926
030800650005041820860050100006010030010002508040360709090004280520000000080120900
706005001200000507100072090402010000000086104015090076640050082900000700020368400
000609007037401020000030090093104805170000000540900100480000051010006209709508400
059200010160008040000103079080039001004000000031605208000090100906501720810400900
603000080040370002500048903280590000010000890090804230030000000050082006460900528
090000001850030009600971083170800004030600810900410050200069140500700630004008000
002008165804200900060907000920070800000005000350190640040009030035741090080000704
064100090900000107002937040006293000539006010287005300008002000425060000000509004
982000000006382900000097012500070004000030080617020503060000000725800400004065178
030470600700050409000602703800007090304080070900000050205700040690240530010805060
030800650009021870480030100005080030020005901090310507040008710560000000070150300
005073006031000090407600005090000603003006040000030072750068204308020009010597300
089010700020004090400600203104098520800100300050006040296800000300001900001902807
010000006030980000009370458000008003500030000081700642102853900000600180650400230
200800690010900050600520400090102503030050080580006004700030809045700002900608700
602180037908003600015000004293805000000694300006030090000000040704068159001000700
809037000020109000507000104070000008000214500260078009700821043102000785300040000
200000100900073600008420503523600017049010000000204906000190730307500241000000009
030650028100700500005004007400007090608405203050800600080170040010030780306200001
305010004000082600900534120500100009680049070030800000003001402096200710010400030
032004000400000800000800054105000029900000741624010503008170405010002007307059010
040103070009070000060400100024501000300926004890047060050000906008209007970805003
009000700100063090802790430010009200000005809096087010060004100401376005070000640
000013620340200009026005003010060900800100040069057310600020537000008000201530400
085003047030000000000780930014020000300001002052070190700102403003000061140830720
536907000000052000001043500000000670857326910960470020070800009020030400008014000
700000269002600400006020001907230000000590800030084000410002386803400027079300010
008000005376000400020047080453160802060480001001072003009000204510200000200690010
030650028100700500005004007400007090608405203050800600080170040010030780306200001
039004817500970062060100000910000506840060070005091280000006000106305724000000005
027600300005070000089000007710000508000012043300008971074100000803054700291080060
000002450050406000004080030046120080039040120012070600005007300103004900600200574
600001000090400031470392658002930000705008910360017000020000005980070002500240000
060070005200000001805921037004062050000310084053000700400007006016080070700590408
090200007701060904004080001079400105000000480038009672803700000040530000920016040
900000005300080026050746009090020560020068090608090700700600080035209640009800007
100028706900360580000014003510400000403750002670000300000130070001005209089002100
005300090706201508030800000000058906908000100062039040100500480000907002389010070
600090480001000793048010502004085000060000000389064120800071059000000817012009000
057030000030906005400005163001380607800007001300400500205809010703560902000000050
010089060080030900003500800000000050000900100300016007521803746004020005730104298
607298340000000090403005000170653800006080070020107050040006017200300060069000230
010390007708050009006800530090608070080030000603040182275001060001900008000500704
507009600020060000000500103001038405800605390005094812100020080084050070000400230
003086594020103000400050000000000031010300248090800056901030400034025009050400073
806234050000006083040010090605047000034080060070560910052009000100000075000301029
643002519020504068080061007410000600360050001800006400100905000000000000904608702
903062010600007090007000503300704605006009001702300480000070000804290700509000142
900080206300607580000000143700200001080004390129036704070490030000000000690103020
000520760270060009008700042006309004400000900900240080300050491005900370000007528
000271000007000960204098700002010305500730090001005080003000070086103500120960034
040098705169002400807130000008000530000060802000201900706003094090810000230007050
000004500075618300000509680100300020750061800430980000008046000010000204043100078
803025401049000568000090070000000647004800230605000810908501000000780950307000004
006030080000806300040957210100009040000140500204000109080301670000460093093008001
009700430003090000012480709006007304700010050908630010381040600000300002040068003
000904510000762000730801009072006490840090070093000051060100740010008002420000100
000471020090008407504309001005090000068004003041007250009010080007800004080905076
040070100090000000008042050463500900700600320025830070650003210000705069100200508
006108094040290000830000001200001060390002017600709200700024005010803400405000902
000001006300005908000400005006020750100000080523004001439650010657300020008709063
120600005000045020450003070703401502040300000002870030630098017010700200008500090
800075030000890000206300089090080250700900010080041960020169005000000806003020194
200083050908040623003090000072800010100076230000010004000030097490028005037009040
009006700000498230182000060508000002004563008007800150890307000001600893000900020
200040007046928000000650200900030001023500876001800043070084060830000700002705030
873004210000050803010803000000005069120400000300710450280000090001086007600207380
000040002060200700703089000035094000400872005070105840050001009397058060600000503
204796008000080042508000006040013070016000400000470061000007950107504000403900027
000008000071060300480700000604853000027049068809070130030010090092380000700506003
709060205000290000182040390050600947014700000900025031000100000023004010060830009
004985010050046029003200050598170300002050000037000000400000208316020490085600000
008400000002000000706300089400083901680002475921500860369051000004200100005004000
670000032300670180804203090090006000400000050500107000085062300902341000743008000
014080007000000060802004900179026000420307090000109002201060000008570043300018250
801000000000014000009003680306590008000076300007020046794005200062100874100007069
000315000150008000070000080060004000209003450400209013001806240802040560740021090
010060000002903071308100006040801039000400560723050008239070000080204000060010027
097060000010000760040987120209000014001594080050100000078045030020010006060002051
540007900001000070007094006024710500058009120003580467300000615010300700060000008
000004960207000104490010005605002700002000016009670500308500071074300829900040000
907020000000008900103090047002961700060500010010070365000057000834200506500306090
040650820090000753200000040050009210002087304003040080609104008500090000304700690
530000600008000020400001708075020000003050200000810576090564800001980437200107060
010000200000080040003200089004002007000030654600457002100503000908120760500876910
020000071050070020030250089009002008007694035063010000400760050000320094300005210
000200810416580207000070009060400003005003002043007005020368094000000568098005300
064000000008400039139200004000003040006100300301070968807391400600048120000020800
040070100070000000003065080928500400300400820014820060280004530000602078600700201
009205107150007400046008050000482010200000085081506704018000503900004070000003200
000370080310820540068000900000480000127000490000207056005008060604030005800705230
200500060000002090090017503900056000601478000050209018300760005167000030005940006
000000006587900032610000000001800700204000908895017263100708620700090500000200074
040530086000190700759000020000300090065974200910000840020050100001260070607010500
500706000070000006961200470089301060000000738600000000705120603000009057048560019
098000070100000500000380000001060830070890004030700050689134000023070600714256300
398402001601850400000000800003904107840030900210580046000060700706003009050008000
803000742040020005590040060000510836069080021100063000000051280000030609008006004
021054009400006127607802030900070200004083000700600801500008400000345070840007000
050000100000309000002806040009034607030900080740000539460083951000075003300400708
084001900302689001050200080760000034490100270200470805040500009000900002000063400
000630009605010740020084005070300080000850026803420901090570400060100850047000000
468000300000800742000194000034001900079468035010000824080500000040007509006980000
106450000000809504405270080000005703200340000309680450072000830000000940930508000
678503090009070004030000578020000010005000030306901800702050601500002900190680020
008069201000003705012400300070005002040201000000874069200050034103042007007006020
800052701007810000003006000750138902080695070030000800410007005008003019000400207
000000019718000000309160700140603005000020087200790004800010400050837602090052001
640300059709100840005002300507000008000000461491000520900000000010708600004029713
000000001408203000715000040500092608069004003000076459000720005230605000907400206
004300005000060813800007602309750000100030090000290386000900201431800700902103000
040000208200580907001042300002007589004025000390060002750210090000070005060300021
014000800003608020860020701930800050001000000008007016087102045500086000026403070
000004000760800403304000006800051040913600052500000801072490085009000230038502000
036050210809016007000020004008630050504100302300002070040060890012080000900703020
100034000690002048040005730006483900837010400000007000450700090701340060300050800
430001000050072308972000016004530009007009030590084207109700000300920000000800905
620450900500006000300001465013080590008003040900507010040760032109000600000804050
006009753007500620513027090000006070378090005002700040780004530030070080400080000
040805007905030801060109023080006135570000000030082000600300908090050300803060400
000009400057000900004060010009607050520001070000002390040986137010700600068400529
140209006002600410008704003800060030500372840730000502000000081306490000080030090
670080009200650710800092050509006000006001095007030420700009000950200060430008901
410800307000000014003014080005763002034198076170020000980001200060500000540030000
010700300000005100064001075082150703050600002030200506790400038023080000806070900
040690810000385020000010006508030007100742080074850030000000052713509640800000000
004010790001004050070000300000893001400057063103000008028040007010360425305270000
000605109000902600007180023004300010030500097089007300326790045050846002000000000
100964050005710064040020091500000609008042735703500012250030100000009006000100000
001000700042030080860000500094078605005002008628059004080003200000825007050701006
300490710700650040020000009090500008160320950004080003840035090002100080030040270
806245700000000802000009400020530601010407900048000530700080205080026100009700084
000800167687002000300000000000306501510009400008451032192500070800120040406000200
264908753530040900000300604070000509816090240052070060005000000040062000021005000
001000400043000700800090300482107005090203000300050004710030040530420607600500193
734106009680090000002807400026078901190502067400001200047000600005700002000000070
000600801400920507080000000850004039329160008070000120000010054742000010100002786
079004080100080004600120503061408000003000678200030100025803406007005300300010050
800020670005080190020009003312050068060800200040002039001000500907200046050308900
029040000103800000000900243060497005502600734784500900907000460008000007050300008
806000920003200040240000571102946000080000009005017000930072080008560007007030204
002080010437019050000003200020900003914002805000450700200030000001806907306090501
000080409600129058000507006300960084080030005290005670928003061030600000000000340
510004020940000630000000005000315702070940300350280904000460003100850000408721000
003600000029500070081300496002497000405061030007800000200084003000025007900100524
100208096020509007479060820004050078602380009008000601503700000201005000000802000
001040530540000020030007001020180006005296740004005080160000074050371008000462000
000800200627150008000003960040798000705030801308060040070900026580000170209600000
500060210401200008006801500002000051750102306009605000805400000900000072010938400
800700000300000040926100730230078150050093084000410000198300460002000810063000070
003520010900800020028003504200050083804107000009008400007080100100340700350900806
940703508003080740060010000000007053230045009085090004051000260000602000028070930
200000000040180035710360290000020050500003017007006009190658072630009001070030006
039600005000020063680900742800000590006001007350400610720000009000307056460050001
000000001280004530590067004000082000640109083000743005400001002000000050175238046
976300058800970000000058900720000003408500000093120000149860275000001600000090810
085137000600450000030000750061020035003560210204300800500600100040000000078200496
007906318900000004603000050410079006008005470070004001005600040104523900800000205
008700052000150000265008700706040500350260001809000004003600207980004106601000040
006802040300000001008700000070049002902500170013007400580006010031090060760010534
590040082132090050008150070070021000000006431041000025804009500013700040000004800
000600001600040090480000030800000210065820300207030408008790000002503187570408003
045109823080000000200860400061932007307000012000700600000014700008096004930000201
000052100000780046860900005008106000500000802706805400415268090089000000030010608
003008900075401000200030704400007009002650000009080356087140600000093400394070001
000005290000070300189200700794100000008000009230609807907054080000026940460800500
090200007601070302007080009073400508000000970029008613502800000030160000760025030
260080709800905004100060500418600000030750040000090306680341050050000401700009003
736405009900300600002706000000500070580902306129000000000000700001830020075260891
500000000920000007138005009000900760090840000850031290285400903000290580060018002
300001008002800500584060010200045601800637000460200700040089100608020090000100054
000000460863000072400652300502006100100000240006091000000080010980127050700900824
670093010500807209009020500030009680108000900407260100000000000000971800080635702
053098020006250000240100007005002009080079005001000378000985040500041600490020500
070060000001000850300087620100204000530870000407300980600000700042005000813740569
030008001080004702170520006097152603000800204002047005048900000309200000001006050
412080069000900502598076040003009600009050008200000070001705320300614000006800400
000000620408600003026000009361007002002419008840000070203061054004020000000948031
000800200682750004000002680090468000208010906301020070070600042830000760506100000
400970300008002900000001706730409108080000049004000500507068010040017690216300000
200046080095102360600309001704000052380010000000024000106073945003000000900260010
849030000010007040207000500164095000500300004700004058006003705400710093070050026
060105487048723100007000000006900732000370000039000000920430008070200300603050290
007058000095700000000031875200010009006509003078304500730046908000170602500090000
920000800463020051000003429040100300130900600500307004000206000089001540302004070
004013905030050400095408007060080050008006340050034010500302081300000004840001500
007634000560791300009800000052410038030580201000000090006002500020008003780950020
000000006587900032610000000001800700204000908895017263100708620700090500000200074
000592000000603900000001050507100030090800020406307000602730800053940702740010360
008000901000005308009030000400120009080046703001000460024000830375401290090002054
798000036053000040061300000040098000000200401806701905014800507009070000020013094
020000000490070000065100427003800500974602800000309060501903000200700340006481050
000800300980600400710590620030200006460109702200070000005061007800700100109020560
080600075290500400054002000071400082000800007860709030308045020005000019906130000
106300005005100098003200060007000031500930004400702806004620000000571642050803000
000000000310804000000530080678400100004086270020000640000640530035127496400003007
035486291000070004009105603207008300001030008300049000000000012000201500126000409
900730086046001203000020470800043007090008510000295308000000000000560800010380752
079000450401000090205047601040093010050802000090406038300008100980170000000029040
009000425060000008807002600072059040001040070438070506900703182000518000006000050
930100000851600040600008719086000003000000125509730080790080031060001090020040600
600007902782409350509302070000936020000270003000001690090020130070000009800704000
402850907007000005083000641020600400300700590600015300000000000076003820250040763
006105000720060000000032006017800600004670008602500073030050709209307804000090130
042037000000500047603008102200001009730840015060003080400089070007000800001670023
620107350000002900103008700006910200500004690002050004015040007480070530000305009
800020670007060910040003002578030041060100800020005096002000700406200035030806400
005080920060500001910302040200008000001703092740050108004015076000000500157406000
090012753070950006152300098000038540000705200085000600010000000960247000037000900
980000040000089600061450800000178260000200309005093084042000100506000073809000420
306000000001509430400000916030910800018047090042300060059600200200100050103002040
406500090319006805800090100783600900020000007045000600508100009000003420294000031
017080639000000105600301070006040907750020016980703020100807400400000000003094800
000640500500010724470800000000096051804050300601002070300009007946078205000200600
006750380010304902308000040000070006800006013100049000004000509700290630095030028
006817209020000684900000751387600190000020005002000046000063020093070000070190500
020705080000002190000641500060208930030964010040100200007000300480010072602070800
600875300200039451003201068000756000026000900050920600800000004007500096900000570
000290417401870030250004908009708020003000680504020170000041700000580093000000800
030005067000032080600790100500000804160007392902080000296070000007050046050060720
903062010800003020005000903200806704008001009304200150000020000107690500402000376
020010000000005609900023470500090000703400050041008907800006000170050206450289710
038024700002703004075619000067005003024090600850370000041000050000900100700050038
590270040360000000040610000009508200610402085080090000070045328050300010020906050
500009400009624007720830106000003009950010302008040070000307054302400080075000900
600000900000702080702800000070204059000089670050037002004108000290463015007900068
000050008310209000095100732050000070172000006830020400000510060003067041560380007
000000801380040000067801290000008302035016048640007000026000900003180450004603007
031408700000020008028010094009003071072090000106050209063980007000004000815000043
900000020627000198410002600006001080000060240045308760700250006501003400000104005
008090730702004005030700040380900204004360009900001060001003000005010306670509108
005000003430650907060210080020170509010025008300000006003401050042030600100002074
090000314805610002007400086029080670000900108010000020001000830070360050200195007
806000920007300060350000487504291000030000004001043000960017050003520001005030708
002906540009500000150080200506078012023049060701060830000602000200050070405000100
423000809010504006056098104007065280000000007040370500084700000370150000000009302
950080400014003065062490000070010090000040700000007140290000010006129004103750280
006000000007000290890021605900500100071000040542038760003010900400809000720603480
080010240032040009400709080090050002020307060063080071208060097300900850070005000
000006532050304078030007090120000040903405060005001700097102050800503020000798000
017600095064050030000023040923000400006408901000060003600800000070046052042070089
089200015070150000001090820000000150120079000048610070650387400900000008800006530
005140900040908700629035008030600000900057406050000300590002030200000094014060802
630008027051027090000004300000009000500216040769435010040000280100040005000050461
780600419200040000010900002407020900000017020105300704040105270070000006350096040
000000730003607028000250940080002153610400000900178400840009000009501300001006094
900540000001620098035000026090406001000009003126005740007054000340000805050037060
000006107020000050701000000500700301104602080987100200643201098005360470000805000
000008040000000920600000080080079254049800006701062308002705410507004032030080005
004107053309405000000000901000040000780030405102809370030000502405682100200003700
060190008370000040189420600043000800890000070500608200008051060020000507604700031
000308100870009002904000703000065007700802005538000209027580046005000000009403570
706093200538102000020856000895004000203900041001300050060500037059000008000030090
800091700104700000327806001000007349900504026001000500518460007009002000000050603
349000851060500009500100002913260080000000700007804006004352000035401008701000500
300050819902800004584300007739080040105000678020000000053008000000005400801004790
063480000007001090005090280000000928049026000720013400851200006070060800000508710
071600900060749000000302060030007080706000041180060009000800592000270004328500710
030800061070019352010600800000745690000000040460000200000071400009280136008500709
403921570600400820020056390010080060000210007970504000000000009806000032507630000
004070009009204085006905417008000000005709348703600950400050000630000021000062090
000000201050401800701250064006008000807600010100009006624735090300040020000082640
460900050009000007002805460000003790073001000951074608000700302287000000040128070
050000100000801000001609040007065208080100060410000537540017683000026009300500701
081093020079008034000000000040860200790014305208050940007030002900000700160900408
000004105060782943029000070000000697940300050275009000600120509100450008350000000
200008400097604000000502009980000106103069000740100002500027648600801900809000003
070050000450200000020604051200530000097100320014020005105087900760002584800000003
051000000800203500390000000700900034009000100614035020060342091008170403000590206
300967802270003610500000000082050370005004900009081000603000028050230004020108500
008050000217003600094602007005060900100000060043790020000306010481079200906800040
030005067000068090500920800200000604380006971605040000463070000007030018020090730
000601004001040030634020900079410008000700003063002705400006359820000000300174006
760090084019000703000600002020008300001025070070109405800902010030580200600007508
090000000802704005040201780400016590001400060065900070609002010100070028008109400
105080609603005000000006310430960008000831904860700000090007501047600003010009006
000400380035080047020360000002000690100000000800746050084650070759208401001904000
600030045004010000950000013060800031001200400485100092003000107006020800890751060
004000000006700002900030010800697204009010780063000590001060803402308105038020009
030000867800006400407300052000068040100043605046950000025090004080030071903000500
020000071050070020030250089009002008007694035063010000400760050000320094300005210
056020394200510060300640000000060002801230600004070000403050209008092470060700500
905000000008300001602000409080020095020080346300540207063200900047900020250810000
000500008207000049090401005972103080600002500010964320700000950040005672020040000
240008100580016009000932458826005040000000507970040010060027000350000874000004000
140008900000001000309260507201000800500307200007502603010020700700600132920103000
065080002003002001002400608024807000056190024000000805010000207008740000540906083
900076100004001006076400030000004060708095001200803007480039005000507010512640000
520061090900000401600409003406080300050104008700200504000847902090000000047900180
071000602003670800400250017080539700930800021604020080090010208000300100000000095
600049030094320005180050090010002070230900006900060328000010060309000081501006700
087103920900000050030700600390010000000530810810060075003200108100405007709080006
105704803030000000040025910701030402009208001008040500004582300500003100003000095
010903086083100005000480001200041860005609000900002030050710600390264000006305000
007405206000010500500029800010072900080100400006090302002967003970030608001040700
500009400002586003170420906000007002290010807007090060000204031605900070024000500
824190003705203401013006728000809207000004000080070005002008006000000100501300980
007601408900200060010090305243700051605109000089002030060014000001005040008970000
060908002200050600370100094000090000950800026081040970097506840503089060000000700
068200109000010600431000520090400030000000701003107804789326400305080060006900000
026010008000520090700809000060905480004080075805004230040002060589600720600300000
030000000000700183070083952340000000895370021100804507010000805760200004080047000
001392040400050980906000300000700600600920050095060207572086003000010704010200005
030000075082103090104700003825070900090042600040910502500001304003087000060000008
040500200003600080120780095482300600600040307000900040200057104010096000708000902
000090287009000000208100040020500600003901802801020793086012400310009570090006000
500009400002586003170420906000007002290010807007090060000204031605900070024000500
300970000007000013041005002185340260070100800623000104000017059008502040010000008
010902608607340009249600170070023000000700010460500300004200500000800704058037000
143582069050000080000004003438000190090000006000493008000705930006000054915340000
800204005050013079000058020003960250200500900001040703005000180068300007074100002
701259006000370014080100050804000027207004180010800003000030240420000069006090300
019000470508600090724951800062170500000200000871030260087003051000000000005006004
300092005000400290090007043058006007007100000403578060820004050509700604600020080
700004500030002046006050207000000170402785309090020458000290080050407600070500004
089000524260500001010004000000250478020600300805000002000900200051832097000470013
700800009509000800040159630480021060001040028900600004390000512006005000050403080
004060090030045800106000003200934700309072164700010030000400600000306912610000005
010000079000030020803020506000600400600010050370900618507098060100074203008063700
093204050006397000001006903030570180570081096000060020380000205015630000000000001
230950000006170284400000050084026097000009300709008005000090500060280740952000800
806040100000063040402700608070104920090000007620057080500408010203000000080530704
190000260540009001000070945023856000780940000054000000400720080070401036000090720
070020940004800300206900001040200590600704200025100064000089000860010430090602080
001000230080310040000040918000620800120000654806075000600187020200000781010004009
000460008400008050008705400003000890900307602600850003800500210004102080201900064
900002308000870504508030000000000700061540900702903840030200079000090605295061000
580402617610009800302600054000003006005940370000000090007054100400090030036020080
306000000008605390700000246050230700079046020023900050067300100500100030901002060
020400000008300456304000007600700008542083061007000040000630100000004085061258970
093820000007053108008700290710309000082506031000000907079630000000007300060100780
900050800801472509000091004029100006000000950740005002065710000000329600400006310
671090000095203076008006040056002703900087000700050408540008007080000930109030000
700000000104806075003071460020410007010000092830060010000000840342108700006507003
010680042900025801872401009007000050230000978080000400721800304006007005400000000
000036075093000600062170040000020000017500832230801000020600050600009708078240900
010092030730400090986300204040105009059030000200009083000960008098504000004810000
000010650350000047706003980460501309030270010020000000070040001900100005201600734
000000002860000400105049008956308100700900060010650080080091005547800006201760000
106950008007003506008600190513020800000506704604000350401065000700000200009080040
800497065904062080760300010670020130003001600010800000005210470200700000080009002
030490001900000023018320006000670190607900008090500060200704309069030047700050000
000802054008104906500730108080400000051000080204001005070003201402579003600010000
000820914000605000004300068000170405030002670007004030085030190000000047002718350
700800302908500700003096400000108200005073840381000070002000000160407583030059000
239000510060500002400100903817900620003006000042710090090321000024089100000000009
300006709009000080057081600106095008708030560000800010073018250002000003400309001
069710005007002904001008200900027346000000000072063008010980020820000459000005680
905000000008200006607000409050030027030070584700540301073100900092800070860790000
906030400100908050070105320000051042293800001005000003701503006000007030000416080
000000720192005400008402006003084070040053061605000003409020610206010004000340005
000000205290053000007062034708006000300520749500004008005040002480209600900600407
750600080302000000648000000000734026400000010000800943520009008069371054104500060
001002057060309402009041600610598020904073000520006700300085040000007005800000006
700800020002006908039002070290080014005400000400950280908034002001290407300000090
800020670005080190020009003312050068060800200040002039001000500907200046050308900
020109307800020096017003200070040502000000060002710043203001070000504000160208905
500370000006092400004050008009520004400081000301940082003409000940030706680000903
798000036056000010013200000060082000000700304901503802082300709004090000070025043
390050874500000030060000915007400080659700021200001700005000008003296500700500390
000075006000000901000900740017308000536201400090700032783000064165000009900080017
970000580000700403020940006003590807590000001080004609000421005052009010100075200
010056000900020065650010720064098032008040000500030010200500000001400607805901240
700000501501007000004016300020053089490008700850074006209000000605090234300740000
004096050080000219007080000000000846700010923000008000070064500039850067046007381
430000000009004500186090004900005086560008021800136940657400000090701602000000009
830006010000780060046002380089230500070008003003070021605007190090000050008529000
401063805903854167680000020000015040708020501004008000040006009000070000000901703
801000500070208040040910006000009120050000008930084000720461080364805000010003260
873004210000050803010803000000005069120400000300710450280000090001086007600207380
000004060000070805007080200826109004100700090309605082001460078700003006630007500
001908000004620103002103009819002607000700900076000004020504800100067300098030700
800900300006000400127043905030759280000600090000000000003507001754096002610004570
540801020000030801010700360000009000609000030005270006320040700060358209908027600
004190600610000423702300010060000030070800105028953706580049071000030000000700004
053060008010803250020040300000000700006300590742051080030509000560430907070000430
200050030540001829603249157001000760000005000004902308090010002830007000005000980
021090040300080060080460032002903480010020500406500010260040378700032600008000000
009027360000004080530098000100000903765900200000240670020459800908070410070060000
300050819409600002258100004695010020701000435040000000084003000000001500507008240
908006325007800046600000000070309000150027000804001000360014580081503672000000004
009040517705102430001905600032000000597003060060050903003000098208400000000800301
000070050090650814051020000524086000000700240100004036007062300035008701800500400
005790062074008510060050000008001004003009000410072950930010000001080043800230105
704290301050006972300157006000000094047039060005000030076500403081000507000070000
400800050053000900600000103060001300038409560142006798070094030014008070306000000
160700050394018000700036001006352800080001245070900000840100923001000007000000604
603000800040070600080065001908020056700608040060130700072501308006200500010300070
090040080860000410074003002080210900029856041400007060000000120005120309207060000
900002370032000408070300012000009000004076900780020500260901854008000030000508726
060037490403805000000000035500028070170050920009400008310549006900700500600000309
640059700003780410010000890900020580070030000024810007000200000100540009009671350
001380000000900805008200600090010500004002037600430120710624089200108064006000001
620480001043152790071009004100690000007000900306720815060000040000800009900030600
040305008205409010308000500004600003800903040937001085023060000050002001086000702
508090060009000004060528091000472010602000400704010905006000203031680040040005080
000805270305007049800040000060970000709306580100000907081059400970030158000100000
070050960050619003006002108020405607005000200800000041600581492004000000500320006
600390075070001000594208010040165300020000000186000094430000006061002080009080701
274080000060092047000000100930100080006250003400009506003065008840017000609020470
802350490900004000010006820050000231090017050640020000004002000009040760160908042
589001070000004080700608103800000029900580031430900000600405017305079000004000890
000200004710306052060007010270500049000020680801074000007900038023700096009405000
007000680360800000091070000000690000240500019980721065019032806700160952000000000
010003200063820000294000083050008007129000005008510062001002000070130608000706590
010000200000070050007500083004005009000080312300791008500907000603420190400153620
700000239040730000050109800810000070009201680004073100007005068000017053596040000
704803000651294800090000005040070980530010200010080653000000748400600300080001060
400070080710804009086050470000120094004007000600080207200700100047000905000048732
004700600187000023090342807000270000000406080000800176506100790809000041700904000
007460085900057040005021060420100050300000000570209034092305400000600320080000590
020070800900001623000263000000730080030106200460950000009600340180005709076090010
807040000201700003030002070086950001000623007403000090000030089074800502908005704
009005021350010600001009500090070003630028940800030006900600050176053080000090067
600000208580270300001083009048560000000700084736900120060300400300826007050090000
120007005900020104007051028500786040702100500004000007000009750005000986803075000
014960372006300090030002000002008109700030000158020600490073021000004900680290000
800600007007082013300000609080006030016073050043000200005067092109305008000104300
000040009970130602000089013000052930009000000630000058201300460500060320003024801
270001365001263790830900040020040080098000000000590001080000073013054006950000004
012706500039482000060053040980060000600000708040800005000528904090000807800040360
396007502084205600700400090000900003915000406200000908007009105530000209020800070
065080002003002001002400608024807000056190024000000805010000207008740000540906083
350074900010092056900600378800500017000080030003100004002006180605031000030900060
490305010000104000503027006209006007080000405034000102368001509000709004007003001
008050000000008709120390086670032090340010802000070060010040008230081007007060103
954180007070030504200504800035007200008060105002010403000021340006000050000300701
008043006010800300043006000000680001900105067861700009600078025000900600150302090
008400000070609410010000907827060000050701060301004070080006351093002700000075209
061002370004057080200004000800900000972405003000003859108009400000720031720001500
080000005040907008037604092004806920603490507800205000000700013070040209300000700
200105807003040000140000039000008492086002000504007018005980004000600080038070956
900000430060900500087001002870000050000080004054009807200108000540070619701546080
403050800200708030005006920029001058700600009100005060007480003000007040941500207
400062008096407000002000746070510060000600305605003100700005809900780003201090007
020059030309010000040000906195004000200067500008093210906045000402001680500080070
000706239073500800209080000120050306300601700000070005402000073000210468000400510
000059307072310000030000801006000080700420013100008092510960048000500070640200035
800502014500940082000030600935807061784000000102400800009200030000090000301005207
640715082007042190028060004302401000005003000000080500000100605900500078004600930
700015080002730096008000130064027900000890074900406003600042300200000009400109060
086240000070000410000000083190000000000810027823467900702005090008072005509180030
004005970500907416070104020000019200098300540002458090630000000800000030200840100
000503701000070020007802493350700602008200005002940037070054109080007050000080006
000205000000300070001080050018009002302501846007820190109750300075000080280000017
080001007009600800150000946065030009023006510010502763630005000200403005500000300
700032506500080470064009000097004100040015987000790064910800002432000000000041000
010050000004000510256900400980020040043009000000031006408105702062090080007208065
400000350056904000030052060081060007000109036603028905809003020070480100060200000
370408560080500901010009000001804020023100600700002038038090000900280316200300000
900100706000046105060709080000200003510368024003007000000970400001600200026401850
082060005000500003301048790705004600000700009260805017806050001000080574024003000
100007009207500430900000002796320508002000097318000200009006070031070820000100065
200506003083000600009420800800040936032800000006309200000908040050600120194005700
006000203800000056024600800000460700000000520407009301603708000000320175072594600
000300000230008901746095800001009000050000090090206300062943180900801020810002050
000460008900008050006305700003000180200803504500720006600100430008509060405600019
080005000000400005120087049300200571070001004519703200006900000050300600004570813
000002600876004100039060780080459001000080507065200030042790810050000009000600302
001600050046830000780050009400086070100004030000307008803760491900240605000910000
020009056006305007000040102002010903060800205301000060600280034000401780004053020
009500480502090630000682090740901003230006150960000700390040210100007048000000000
501006080006730045080052000150900000007000000029803754710009430903004800002070060
090085060053090400010060907080009700047650200005403010200000390008007021039010600
400002130090304500060105700500047910030059000904000285300406002702000060000501009
000460008900008050006305700003000180200803504500720006600100430008509060405600019
064072000010003480005800021000030092109085000003200805907540263000000010501028000
082300040014089060000400013070540080000100709261090004008600000026000430007208095
000008501100320009002700000000234805325006004000090630060080203010950400508600190
010600758075802000908300061803000006001056830500000000400200300237560009000780002
007305820940100070020970100400021680001096203000080040569007000002000006000600732
970000580000900306050780004009470608260000003040006105000219007013008050400037800
000700816365480297800092300609007500003000070400053008000000700006500030700120640
307400009100386750620509040073604020060000003004250900706005000000000805230008006
609000501350900046784516290500000000008090650010030400003000860060020300207003010
030400270420705001800001060080000040710003002050928706060300400093174000007000023
706002403095007020000109060009060000260500008400270056084000630000400010620913500
000007003000430058365000000020803006040700021937001840200300180800206530000080069
070018000908600500100300807090180006000406030050093004004937051000060008607850300
094620100001503006000190420906005001000000079710900080060030900040706302025800060
000009208482000170691720030500000012800200346213096000030070501000031000005000080
020000000560010000038200514002800600715602800000305090201706000800100460003459020
708200091030070046246000078000000800407006903009020610003609780090081405000000100
000705080026090570070060093030000900002349015004601308000000064000236007007050830
000460008900008050006305700003000180200803504500720006600100430008509060405600019
510000360000006000090253870902300040850600703000540080020160900100030050069070028
000000003000130000713000085395000070070920046624387100467500020100006000002800034
230001060090000000000062370050024003679300200000906000508047900924100056060200401
003006005158009007000520093600210830300000001802900006400062050000001009587300602
001209000080000523072560918007000000059600042200007806300090000600025397700006080
050030269002000300019000458005723046783005010000008030670080000004506000038000690
700036420900408500480150300800003000003780602209041005000304200300560080000002050
041007003006059000570300000200806301000035000000000895000003600683014952054090730
800000000630290004074300060402803007360000020150402090506900300700604250903000080
240839100078120906100050040700080090005963780000500000000001054050070010980305000
820690500960470010000000309200056004109000050050039200705020000090010725300067900
720010000090405020435280700903000470060000098100500203049850601310000000000140900
030010004080302061020000039040530007700000025090000316002659108054780002000000570
193280005800019730067000189080020000000000060420008397738000400904002800650000000
000070019600438000758921006907010060800095430503000700005000173300000080090300005
001070800060058000008600540237005980816000005594860200080400000000309004009010708
002030400800200657700850000017905046540060170000100000900000063070613090620500700
000350208043000000180076304300080706061435900000000500010023470029040100030010800
062140980050800000030005104040980006001650048607000500900006810408510700010000009
160002350000005000040800010007090020419607008030000490050073060700006043093410075
380500070006100800900020041094250080000000004108604507840005000000000950650782403
504791003029080160000000004000170040040008001671002309010600050950200408030040006
007300000620010850401605090038146025060208000009500000056420309000000406004009080
005000004000463158364500000701635900000000001980020040430200007007810093100006020
806000320000034000035600107010006008008100600703200019380001090020400005054920830
600390075070002000349508010050439100090000000426000039280000007035007060004080301
600039010032007904100002600003826100010000300076300020890000703704010208000678000
800090207005320080600000094400100020712080403008000010007648100584009300069000800
690030040050092080218406970800075024072000309000200708000021000040060015020500000
200003400030100800070054000306090008004037620897006504003500700510068903009000005
500000107301520004800000352710002638630108470085000000078000000203900080900200040
000009043003104507007000010179000038600007100004910006090005020015340000036201085
130807250800050097000000034000370000000509748007100023601200079950006000070930005
000302100150806000208007693005068030000700260002010070001004086400080012500600049
000078000000030640603250800000800057518709463004000908300080016006310500200000704
460031000308000000509428030295040800007050400600007900054000610000090080031080527
000097002056310048021080090570030800200000060300240050000023079000000281002061405
010030780690200000008064290037000020400003000800479360100000000056310008080046152
040870003805400207007100080300020010020019630490060002760050000200001050050280046
096007081000000003230104500060721300001300060045000107650000010000463058078009600
006920000010670005003045960000490078467801320500000006000304080000700002608012400
940000601020043500000690043000207960790008024010060000009070400000406009250109086
000000060037009000402080719509010020801732045243056000000020600020860007010000280
600008000532900408180340200000000641495700000861030009300205004004000150008100020
068009004420005001000830006803760010000001080710900460000008179052010000107490020
007800050005060370100200900501000409040019000000024007703050098450106730906000045
070005090500046731100003004000009276000050103604000080000502308009731065301000020
560010400002000591400539000086200700003000040040783006050408007094007008070300014
000030904719200506035000000000800720007012698008007301082000000170020059004083002
000000406847560100006830090420095001090000650700180000002050764070028000530700020
000008190080270036067930400100805060700360010000007952050000300079000680608090005
500027008480000070001840029945730006000050940060009300200504060308010000070008210
020401003076300185010007000002004509100070200007805400001700020209600007060209014
500001000040070006010403850280006300005307008000080000050069087827500693060008510
005940760600200004487061029000013058154092070000006010002600140000500090000000807
806245700000000802000009400020530601010407900048000530700080205080026100009700084
079600402240003006081040079000058000000006900463020780090060003000010008134090260
300704650670000208000206073200000010080650000090102780700069531000500804405000060
104000030085400209026180050000900702907040001240700060000006090063090005400001826
789000000005900073300070010001000090000087501452300006500001430003794825007805000
050602000000409563000000000093000800000376000040598130670285314400060900810040050
924301700010400006000007340040000527002570000705040600000000060079004052201856004
050800020000032081029700304240169800001485069000200040604327000000600090070000002
201740063609001800730000204456090000008524000070000508000000480094008670020050100
310085400090604030560000097001827050009001208820000003045002700000500604000006015
230080000000032000010940830001270003709050400000009607095700248002508006807003900
580402617610009800302600054000003006005940370000000090007054100400090030036020080
007295100020700900000006007000069200010000009000510870180050304604001008975384002
009008000006040020400710596804057030690000250000906004900300010701800460200160900
907630045300851000050000860000000080008000900100209576730040612090020050002705008
204000900806150002175300460960200000012000097508091603020000180080000000059006004
043020008900701020070030605001350907430000060000072800004000070826047009000603084
000003041170900000400610520340000060001036008900802310604070950850420006000300800
507080010082700500000590280670000030030057960009608004000300890806004000910065002
010450300420000050080630210809000000100740580700806032090064070200090400046300009
007139005000002967400087000000070004530006008600800000050004780703508192080010406
308050060005016003000270000500001840847000001160008700050024900004107300793600200
002070460000000010001023009059107600004260785007000040048000100100790350735000806
408003092003002004007190003600000980705060000900425306009006100076040020000910460
014960372006300090030002000002008109700030000158020600490073021000004900680290000
048000000709005104100400006204038675390000010080100090020600000060207530903040062
105080609306002000000005340730820006000716803610500000090008705057600008060007004
006502431205090007000000529009050000001620908730049050820704090004900082090000000
000380050000500604540967013060721390308096007000005000080009000036070100107600009
800000170010470080003281500008020090000910007090030600100040932904000768007306400
360008047900240005840370000608000400200403500030600082700060300406702900003090100
001070800030096000006100240143005920582000006697380400010600000000901004008020301
000800003034200000560390427810000730050748016006900000700030201940002650000405000
090002080476000000000310794900003608065080000080260940530000009802040300000537021
023004000015903020407500306900700531000009000000402697260800900504007002000236000
000007001830960047405001080000700023300804070617002004100603098080009000904008002
000002060040380000100590024060125040980634000420000600004200085056740002007003090
034060901700012680080009000023050790007020005500078030010590000000000413078130020
005730890843690021000001063000210080409080100080900002050007630008000007201000045
500007890060305407102008600010280000028060030300009000005074300091000745000050128
204030500000096302008000060005210003600740205300000018000061054006000830710580026
526079000070004320000200056090030160760452000030000500087000005900120047002045800
000301502082540070005209410900705380570400000003600000820900057357100000010050000
000048000402000030800096400006980300084007590379102004040020016610000003007560900
001020030090108050605400280008004900010360508700800400200001347007600000980230005
290470000007003250000601890900712008000300000746089000625000740009200010470950000
090708062000000007278306090029000000004065973030087100000830001002000740085074030
581000900700010004043020715412036089070000300090004000007002000854100000069305001
706800501000500700205400008007048100501090000400050836070104025012300080800070003
050460928002580003030000400105002007600170200900000180008957000000210000290630501
004207010082050700001300028700920050290700080040006090009005370000400060356072800
090000070350000820680307490009180207008003049720460010100000083040008000000691050
010092030730400090986300204040105009059030000200009083000960008098504000004810000
000470002006301000002000150690007500210000800304058019040000921520094380000102070
020807014400600002510004007070490020201030008050001900040060703080000200063182500
006802040400000008008100000070059006602300150095001800980006030063040080510080692
407020000006150400300090560000000905013270006740005132000701254265000703000030000
603000800010090400040036001801040075300605080070280300036807902004900700080100050
020900000305082600700015000080060405240000060956704081000807000472000108690040070
000270530006580000579060042008051270260400080000008650600700300000005400050046108
070140000302000018001000002410050209007419065506003080000021800058700020004085600
003000900005301700080000003056040030300086572890230010000400207001600005009570481
007139005000002967400087000000070004530006008600800000050004780703508192080010406
003000089195060240020130050000408002900020070502600900204003007800000325300780600
829005004000400600610007980502961040003070000076800009000190030908024007060000092
000000160630501200801740009970000001205004076300070805100060084080009610009008002
196000000040103092200609100300081706000507009000200030807465923400000060000090410
000000050003100804769504030000097001091050040076800520400000000058403017600075403
080000075730980006040007001670139508314000600000200003408690037060000000003500064
010000200000070050007500083004005009000080312300791008500907000603420190400153620
008705690290010050600020310520084960800107420700002001085203006000000000400070800
900004200706009000124060000243701560001305082800602043000900470000408000060020001
800075030000890000206300089090080250700900010080041960020169005000000806003020194
000000850010030209004250100036010028005007000790300504807063005040500600050820430
081060400405003682003004157000000001120670345050030000000000900008407020500102704
009700005107203480002000000025000700701300008308000520003684950904007000076090803
920745100300820400050091000800200703040510000760000000090108300100000589002430670
060037490403805000000000035500028070170050920009400008310549006900700500600000309
000200500806390001503080964001809050074002080005060012098570023000000840000608000
500000000830000007291004006000700490080640000740023610319200704000490180050037009
000600000010750024004380015001470030000193567007065001000000008082900470460027000
040805007905030801060109023080006135570000000030082000600300908090050300803060400
000700008028034100910080703007510300300940017092000600040020006079000031200360004
008900000040003000197500000023006570050280046009730201005004900004357610300000804
398402001207310400000000300009103706610050800740890052000030600405009003030001000
700403056000201470000907000040005000009000087030892540205730000103040792074000600
008634500036000100050020034002009305004002000570083096085200400020300007003806050
040809005305400801008300040000060200160240309580003000409020100801730096000001400
080970010070800509039510780207405000950000200108206050005041000096700040000009008
100300004709846020800000000001520079570093006004100053027001300000000048680730002
200070500700000090680451027063812970108000002000900030020003650004620000006700048
586002100000450087004300500103800042402017000000004015001070058005140009940003000
080100639000050080927806000750010800002540761008070000010203006003000900004705023
900000430080500700071004009210000070000040005068002904800203000140070398307489020
071090004056700819040008730000900503030046008708150090007560080283000000000809000
009800030300700200250013009006120390090360000032000410800030070040201680067008020
003008051020000906005673400300400890150087004000060310000100008086009023530004009
000190072926080000000020098809063054045000006603040900000000060584630007060002580
270001365001263790830900040020040080098000000000590001080000073013054006950000004
062500497070042160900607002098000071140000000000105034001000740600010008030250010
020037540058006070630002801062900314010380009940020000000003000000000105591000402
000000010000217000000004903360040782740800000098100306804763050670008100239400000
020700604806120070000300001152603007607000000340207000089501000560002800710006900
000001020200805106157300004501260008090700005006004730032507009010080007005100600
001000503300000100020351007400030970907620000503789064005000630000097805849000000
060090000700000901019056003590017600400000019021080030106500090802904050000062304
495010300300200004007903000600081927109006008002400010010592030903000005000008079
703409000000306000000150690006000000008070130350940006087004300030061042610030759
040068050000520006568000920009100030000280071176000009090030000000010502785690304
970130600045097208000400100600800003423906000750004000380040002010060005060009340
040200310800760000902503000750090008090150240200000901170004009068000003000830164
010630270308507096000090001204080507000970008000006030031860002706120000800003010
360407510490020600000063400050040807034001000078006300009830000700600080820005034
014078520800006000003400087100003000098002064000860290040025830207000040006180002
500200006040005301300407500810000600000031790207069004020108000060002050790300218
000001280708205010204003600030026501050000802102300000320080007900530008005070069
007060000000900360020340710400193875915004036000000090300029007750000900004070103
065204080200001043000090500800750000050006230073010850010807460700009015036005000
105000390600519000900007210000096500300005907250080060000078600890300470023900800
900010803400050000001000427000806045084030019002900000140302908208000034700004160
000006070080095000003400502907204000025037649408609000200000154001000003349500008
082050000610072005009813002000160204000000790940030060038004506506320000000005310
958006004000970600002400890040510009007069030310000020063005010705102008000030045
007000000500800970800274050070501206685723091000009700200600000103900002000040369
000425300510600270003907005000502480405000000072090000620350090000060150059000862
602043009000200000000706210109320000240000000000519800018902460036450000020670130
800052701005710000003004000760139205090487010030000900280005006006003078000800409
256007083000200769789000205000000002635000098020853000007630004010070000360402000
003000007862704310000360800700026130050000000310007059027030004005078601080001700
200600700000008063506740102070009010000030020002150000104900350700061049659304000
007980000405200008809070210090460700028319000140020000370000502602090000004050067
070005090500046731100003004000009276000050103604000080000502308009731065301000020
790005020200900508040032009604070900000080001910250087350001804100090000020008095
070410009000607218001000000802009000006700000700853100080041936400370080063008720
000043010506089420001560000000800000069005071705900002094070030012004087850091000
001000230080310040000040918000620800120000654806075000600187020200000781010004009
908006325007900084200000000090702000360084000502009000450063710086207543000000006
504780306000000000023140907000070658807320000046800200080200000072060804000018790
000000620906200005082000009314005006009148003270000040807039064003080000000672038
009400062000002000258000417803005000010700000507630049780003600432000951000104080
000007640403905008679148325000000802200800060700490500807000203500700000060300400
009000010007060920040900030003000050050390146090005008931008060600000481408156003
004600907910302086000970023600420800000500060450169002000000000075090041100030075
100084700075201300620000001080000013910400000234018000002706100050002604009100025
003700060241003000007940200019000056030100020008000137304050671900004000102078040
000200100410090500902003048120409085008000900050012400200600053005020760760305000
902601800000402130164070502700504601400000900020007400800000210090105000040060705
000009030500060280732058006078605090090800100050002068900326800600000029025080000
080451070507009210610702850000960047000000165003004080806200001070006090050000400
010309050905700410006004030004000500020058090109603804000005087540800000780026300
167020340500049006408003000900010030010536907075980160030051400000000000009460000
006007800042003000800002030004031960007509300030060740003006050428090600705024008
007246903090070210062000000280000005509087400000590608024005380000420100603009000
391700000850109004040060900760200050902018000415076000000600400084020570000400302
000000002310000700208035004931208400600400090050690020090064001147800005506370000
937001040060300001082704953400030000200017504706040809000450000000002180800000026
007001065004080700390706000000630597080000023053907180500400070900010208012000006
150700406060000892804026705000100504040078000000000360000037900030045001578900040
003008460106023070078000000000830007625409301380006004004001508009040002002007040
480003015005070290020501000078006042200030001060402008030000107050007600047065009
890460007130500000004030198000020900705090834900700520600050000301070600000013740
008005031600004007014703568097600000135400806806900004002000070000002083000300205
080000200643020985052080007039460100701090400000030000000600070375812004010009020
080100026705004030002560080008000090270050000410038752000845600800706200000012040
079028410843761000100000007004800623007900000001052078600200030700090000092000705
010008064000200790607540000000760008074300900065004320030000409982013600000650200
000000201050401800701250064006008000807600010100009006624735090300040020000082640
000905478005010302460027009090204600800700500704059000300500916050870000600090000
571904600900010002000806010005097000030641050004305009608730190002160008000000300
030010004050402071020000086080240009200000017060000425008931502093620008000000790
000000800050070020001034507690802175108060030070310008020096004430700009000000756
300006008060138092000002607000080021000000300100047560780600005001500840054003276
060009007084037000001060008905008000803005401006073082200050060008300700107896200
310002700904706020000080640800100060507800900020560037100035090035200001000600058
703050091208017036091000000900000460430890005000200309170030602004100000006020043
054002300063010740000340000009100270320000000040293086400006030098530420007080100
520000907960002800308500001000005794000700160090000008634800009052937080070000203
100630040600000009000090600003000204040000005902503100090460753304015896050370400
050060371000100200019743080702590800000601790100000500600408000070006050045002108
003007402007000386000001007000069008020800005001204903090300704106700059274500030
000000201050401800701250064006008000807600010100009006624735090300040020000082640
987016200304258000500000006109720040000065003730040000602000091493000700005070002
860000024007000000102680000098530040500040908300000512040000057701065400905403800
300005000007001009080320640738009200002530700400002000073008401126450097000000023
005927830079000010200600005020010503057004001900053008600000400702109006090402080
405007002700268401608100370000000500903570120000410703201090600050800000800640000
030005070001090000807006509004530206390007045500940003000082030000600010489100650
600040008000000000081209500940010026030060004106408300005801742819000030004006980
900500040000010903400009500578364102100070000040008050004050010709600825000982070
094038172060700800008005306005000010000000000400326580000493050043580060850007200
050039000309870062010000080030080200200316845506000000005400007170020409004107300
100000360735100804000539000603090020052810040000600038040057000301080459006000200
000200306000004098048900001029456003017089050005000000080100060706540000192860400
509603070324001060080000150700056932200300780030017000000430000400020310000160005
000265000561003004700000659912058007040009502000002100034007960000084071800100000
029600045708050030050020090090500000030408026807000050000007269902360804640000500
205400008000020000478010000000084950000700800843950610502600000007009365604500270
690500048017800003800200070309000015006941000024005067000697821060000004200000050
000052100000430097860900005008107000700000401601504300187246030096000000040010802
030005067000026010200730400500000601190002845408050000971060000004090023080040970
570008004000010500019305280003021065201600403800000000000850009085706140940000600
200809074180400500900700008720064030008000400400903025001005080842390600000000043
060501000105400290400923000796050100000080003503009006320796400607000300000000672
084001900301829006090600080740000068130200750900180402020400003000900005000038200
030002068801904052040078900400001080200009000008020000080047009706085314300000870
000104005010000200040600078820549060090003050750800304470056000130008000060930407
420001000001073045005200061008002500050090134309100000590600080000030052034025700
500007040640083207007900001203015890400300025700040000076500080900008063004630000
615030478008400000470000250280050003700001000340700605004010090000902800002863007
920685000010402590000700000073208060000070083600003200300007001059064032200010850
190000260450002007000090154046819000730240000081000000300950010010406073000080540
000406700000000231587013090000361082008000070032704009006900007903602000045030900
004105067005903008798604300907000005256000003400051006570060009000000070641009000
700062300463080920000100400200841500340200078000000200504600700970010850000970600
930860070000509600004070000380000720245018390097000400803050004716002800000000037
000930700009205400057080021530000000900657010006009840080090000020048503095060207
038600009070010020100008506009006001700003850302401090000002700840035002021009480
010003200095160000346000071020008007584000009003540012002001000060370105000604730
264908753150030600000600901010000809936050240042090060007000000080069000093004000
400100807300409210802050000000800030978500026030290080001600000040912050206000401
000300400576000030900002601495610820000004000002970546300206008008000960060405002
086040300000700201270031008903054000805020913000080500028090037507000096000403000
070008901500096000430100508006020800210087030090000206904000100100769300007004690
001300500067100200000508014000010702058023100019006040182945067000030400000001005
000370000157000032002005780000803090460090008089600075008050003206700009040180207
260708010709000060031600507500894602000100050300506009600003000002000370800207490
590032007230871009008050032009000020400000008800200001000128000081400095060503084
500000000830000007291004006000700490080640000740023610319200704000490180050037009
643002519020504068080061007410000600360050001800006400100905000000000000904608702
030008004209000500100563082852700340000005000700206810020630708008092600001000020
008900036300620810590080000801050002920046351000002000702093068009007000600000095
070004013000030000319025047040086005053700600006000024490003070000900406061402090
000040007040030050280701034401890000700004802050600403300420600004005009892100300
610000000073058204002010050200000709038090100700102030057000391180034600306001000
600875300200039451003201068000756000026000900050920600800000004007500096900000570
050098612490160007600000900080600050709053001000080370006540080001300400004000726
007009200105003700009100030806702154723050006004086000000200003600000040400308591
000702000628000035000600920704500890000000007950478060205000340000000006130246589
207800300500002090008039025001523600030008009750000800020340506040050070370900002
280500004070020500500306908005080000007400209020709103000100092803950700910600800
000004960207000104490010005605002700002000016009670500308500071074300829900040000
801000000030008650507206804000300506200980100075100000750020498084000207100000065
002001005314080090070200108840020070050060810067308900408000530006000009790006400
013000207800070060675000830009600010060300025020709080700100092000007500056248070
080000005040709002071405083003806740709540608800903000000100096010090307500000800
400107005807060304003890000705020908030010467060000000000340829300002006000956001
038015000750000000040973086020100400073000690465709300010800200004021000080090043
309470100024050070057009480045290006000000930930010020402085301070060090000000007
106025300300000400580000000090100503050090840704000002863902700412700908000004206
301082000900600350007900040540270601000800020092050700700068514800509007035000000
005067804070040000063800079001009065080500007009106080210050700000023040804001250
004023760860009200001680000093001582008002003020000000045200009080004327170000450
709002003015080700020071005080240307300006100090010620000004009030058070058600401
005004000000000513038100740000000090401800657876000030087530004059067001060018070
679800000400750800308010000000900532807060090000030678013000050005401320706300001
513800096000064305020050000031490607000608000600000540145907208000041700070000050
300507060250140903046000051000295000000008025000710000813000704000901580020074100
200073008070000160080150027090804070000017800040002600165308002020900003908700400
000890000080201750009060300720316000406000007905400106360008002000603471001070080
013002060006010005008007401574063102009075006000048000090700020080300019032506000
000079005003000001561400000645800027000001009000050060092586743406020010807304000
001876003003000000078009654009003700710000405300741800034000020050460000100085907
275000380000852040008700900000640010056017003001000024607020100530060070000370205
001900043935070000002635009296000408008000030003000605600010900004800761000764300
040910200810054700300000510030507460004200890590080000950800600407309100000100020
000400260006730190058610000009027601800300750000046000000000800093280407001904530
900007001000002000080604007007008015108006040602040003403209806009561304006400070
305074000000915832090030475203500000060000508010007096601020050900300100800490000
130970680295300070008000035000000463080034201940006700802057000000002010009010006
068001900570030080910805000600000400000900010390452060140096508800314002230000000
090030670150607040630954020020095400810060009040780000900040010075200090080000002
700085006000007100010030805004560019000000000080903507647051002950400360031000704
003000089182030470090710060000509007200080010907300800308002004700000621400690700
000037045000000609920410007006003504007004021342100000000008006008760492760500100
000005020927680050000004036006031900038050002010020360000007090760009240304802010
203650098069000000580030000670000025051700963000006700390200400000064001016800059
060030401094000306000009008408000167053180240170000800006800010900300002000201954
070005090500079483900002005000007341000010509107000060000908106009241057801000020
000080409300241065000907008200830057030010002590002140413008076020100000000000930
008090730702004005030700040380900204004360009900001060001003000005010306670509108
007962000100000000506301947071054890053000204068000750004090300000007089090040006
000200350703000009598001000082700000030009076910608000051900423060005001070010965
000100497080070006010450320002890705805000000037005000408000573270504000000007214
061002003000305600008001259002100005009500728000700000190800460275490080000003507
028073400900500030007009180006001020170800956003065000000407003480350209005000800
005067804070040000063800079001009065080500007009106080210050700000023040804001250
070043200400090013051002000030020007205460308007300100060200800700809001089006405
004032700763080200051409608309000000020008007000200951176020000000950060092006003
000751234534000007007930000600000700301000058708500109006370500902000006000695800
900540000001620098035000026090406001000009003126005740007054000340000805050037060
503900006207051890000000054096810230020530040000790008054000380008060079900008000
204006003005790000600004025852000010300870600000201058070400006420100089060023400
403590080090600000006100479004300000031025047200400008009060050840050901005084030
720506100300900020005020083650094070800002030200050409000205008031000040082300057
500706000700900005098010674201600080040050000083020709000070501005089306000360047
002003000483600590701005324070200010200090600090007200009050802010804030308000045
000400501006020004341008600005003910063010002100084300007190063010000200609802005
001098007008060100360005240023001400400002630010007002080500900190706500600020704
006105000720060000000032006017800600004670008602500073030050709209307804000090130
602005070000002400079604025400260007007800000068700592804027006700000050006300049
000900000031605274268000000089052060005301009074000002740130608000040003090260700
540007900008000070003049005079560100061002350005190267300000712050200400090000006
000256800968070025750003041021030460000500000009042058000004000080005214000107006
005304006704200083800050090600090100309001600050736400580000360090003850003870000
701259006000160027050700090802000015405001360060500008000070180580000074007080900
987005060000380400430720050700008000000590032005607001004000010013904076060170020
840160900000804060000000820163007500970005002400380700054900000210058309000020045
360008047900240005840370000608000400200403500030600082700060300406702900003090100
000300289000921050092000000060040700900000000107000040500062091009135807018097532
400023706090705080000680300000407138009030060801250900000902070076000420500000610
005006830030490700760508000123609000900010203070350609047900000610000950000004006
100204600006307002200908170350709200000521308000036000600040057089003000000005806
504200063006000700317060020009008300200400085685010007970001402003040598400000000
031568000950327410007000003019000006060100800040900030200051084100800500000094021
350240090000036000000700060800060142402580006037020980201000630509000000063890010
900602307007038000100970000004090100700500000860001503590080620080059030470026800
920700064670020030003600902890402006050390407000000209169080500700030020030001000
020810030908706001070240800060097005805600917000108002300970500090000000007480003
010630270203709018000050003701090504000170009000004020062480001307910000100005080
000064005065800040290100030001008300970050000308690017400087160000006004610000859
040952308007000000908400602009603000082700036400001920090100000870090204005074090
009030180000070020143080006028060003007100608090058700702005000030007201500093067
900050860007081004815600000000598600108040300050007009000002900500070048249065100
000800690030600010064020053090004000657219048000006520020408000700003002980072001
090007120000391000871452930104009600030200000000030084200910070007508060080703000
204000900806150002175300460960200000012000097508091603020000180080000000059006004
240900178007001006010020009000006203501340680008102090000097032000203050902050000
810000005506948100200001800005000060304006790670400301001080270750000080900060504
032900504007200809090000020006103002025700300304050900451079000079000046200008005
060500080205480000000300502007820053004075100080100000801009725052701090000008014
310005007600070190700018300400020050207009060009406730000007003801600500002053680
500009400002435009940260501000002004480090203005040090000307082208900040051000900
502673900817000000690000050230700080000000261080004570000050806970100320360908000
060070005200000001805921037004062050000310084053000700400007006016080070700590408
002000000700692048600053000009004603173560024420037000080120400000780030060005009
000300408590000000034078900800000052023000080005203006600730040017042009489000237
008700364000469020020080507000004710000000080401005002310640059970308000000591070
000810057514000000700520041030002008900700200070060503109003020000205009200179804
050019300009078100300062048183000000405100090000000050070600200621080039004051680
534000276060000539720600840000040007406230000000000960697021050005300600000504002
053098020006250000240100007005002009080079005001000378000985040500041600490020500
690070030000809007107300095700030004800190300360000570070900006000016020236050710
300940007940000068051730009096050000080100020204800930008000190100002000030410872
000000179084901000001270000500030000960100300003097468019006004206314005430000600
078920000062001709500080026010090050800105490050740200005010000100802905239000000
103700465000010300004230000010052008038000200207040030300900020042103600061405090
600214380003500020805900106200098000501000400700100039058601702060400000300020060
000009070080500300007328954740003205832050410000004000205000006604095103308000000
360000900008570236209003040004000051651080000700005000820946503000008620500200009
400710065601800020000604890070028000260300908300500472100907503000000087000250000
640715082005043970073090005408206000001007000000050800000400209900300058006500740
007983000041027089083000250000000805000205190390008706000609010100342900000000603
000080210000006908789002503001020005570809020904000800095308000608200007040010380
004060000590800200000032040065201093800000000349580020436120000050690430970000006
000200006032004800096170240240030760001000000500610920300700100015390400009040053
065840023900006000100300700030004000000000346614539800009408635486000000000760090
002500908400080007067091402700859000008027305506400079003905000940030000070100000
069210004002360900000800020000628790000941506006700840400000070005002063017093000
607000108040780020008010900064501003000003690790600010800120060500360700076000201
060500080105840000000900507002750091008026700070100000807001926039205040000009075
800092607006004008075008009010480063000000004480960001040006075600307400701040030
040905376579003000300070900050000049000540810001800527680000205000006008090430060
094000005000000900160000008041027009576000004928050370659302017010008000030900026
200301089005600100061800300750100900000009253090028000810006000006003791007910006
040000039010600704060302815700405302003871000604200050009000070000084500830020900
003078200092040706000005300700490568805007400020006003000004820006800947080019000
041060002020000087000030940037016050084020076006000300450001000710590003960080015
005602070007300000823107000040200080900008060082900047000501806100760205509003010
005000800008407050400000000090040206204100380031208000700903125509024038000000497
006105000520090000000062005061500200008930001309200048030040802602307904000020560
000000025000100830000820741208074310904006500007903402070000000049760253500000008
102050940708000010450000020921785360007004000300900007000070609074000180209060070
080001007003200400790000851047010002065007910020609574270005000100806009600000100
005730249000804501620000800100072000236000705490001600000100956060090078009500000
690040053000620794002507000800102370310070028000004019920000001708000002004230000
020890703003000050400050060900700030000020508752000401086032017000600085001509024
080010007020350160700000392016902780070063001000100000062001000000890210009025840
810326000004590023200000001408900010300002050050607082046130208002060000000280500
194200006000043002060071580841390000006500000000420008608009050000000630530764020
308000000700601403010035807200059300103000009009010085070004502960520030030008004
150307860300605401006000000090030724000406000745008003004003080020100006900280150
069107850520800904000500000403009080086004109000060003802970000700001508001080027
700400935300007008506000210200800409687309002000002063400003720005004086000070090
700009180008300900920048375040000010076092403000400007000010004402067831050000060
200000091400310020068009000040073500309080040000450013010690250920001378000007060
950080400014003065062490000070010090000040700000007140290000010006129004103750280
170095800450100007090070030200009170007500204900000683739000400020600300860903000
273000801094010006050040279040520000609000083000306010000059008030104000560007104
