301950804008000006940008000004670200050009000000532487407800031080364029000100000
302070890070600302010093745000100003030724060060000400086012009903007020400030000
006000258300000400057000006581700090009036520630150080205308007000600012900200040
641089002329400680000060109502040301030810000104000050200007004406000200018000060
730000800200106400006083079000005006007001050615807003502008004080069001100400087
008061035000000970750480000500070046410506080300040002200607000006000759075910060
000000730003607028000250940080002153610400000900178400840009000009501300001006094
700015080002340056004000310049081500000750049500403008600074200100000004400508090
090480500800502007030001094000009100005300000204160300189200063750900208000800910
500009030026701098900052460060918002204560080809300700000083900108000000090000005
005203640010649087096800013600050920120060300900700104001000700000080056007004000
109030850008000060400200000041987530007600208060040000000405083734060005080309001
054007600900610050003080204005201007420030065001500003010090046500070002306400080
600008000738600402120370600000000326362100000854060007200801005003000270001700060
000004000091502400270003516010065903700000840029038000950001204100200050002900007
900080206300607580000000143700200001080004390129036704070490030000000000690103020
004300060036008200800750039009004006453680001000100800900065003000800042267010005
530000600007000030600001207084050000001060500000810924090327400003490162400106070
670000590100407062005190000007020030209730406500009008010078250000010000042003180
060020070473106000000700916910463500500080002800000094620309705000200800004050300
000000830100000900320047060500608302643002190002010706000750080430009005807000410
071090004056400931040002870000200507020016008307850010005670080618000000000508000
109056400000004090803002005080075900201080750004900683400100009000239540007040000
000000801380040000067801290000008302035016048640007000026000900003180450004603007
000100200010805960524036700100000000005010080078569100009081306000700400207094050
007006809006400005000270060500300690080950072030601084170800400400105007005700200
000305900054000300300006008600000104027000093491700005102600739800902406036000050
000020519200100460910085000302000170071230800000007390600000007739800601105070000
300040000062170040509000076700680020000017805908002000275004090406020758080000002
000000003000130000713000085395000070070920046624387100467500020100006000002800034
006900700304080650000765083720500048500029106900000002100203800005040290082000000
002070460000000050004053002069105300008230196003000080021000600800910720647000509
900641700000207563207380940000008029009500810820000050000010000690020070100004036
300080054204009006507634020070000002423078610090025070040001300100200540900000000
304029180001470000050010000025000308000008000698530020800046502000182934002007000
009800605203006000060402709000510007305000001720609004006900003002175006540000012
006300401004960720000004600030150040681040500000780013090020060203490087000601000
190372000506400930000000800800006410004703006610009070069030040000120600401060702
400107856020850043050004270001000060040000781206980000004000000060010407002340018
005089071900500002600001009000050300400012006163900250206893040090004060004000907
307860041406250700009040030700601054805000000140500807000005400500020100000078590
010003802500001040078205030000007920009030015207094000700008500390040070020709063
300012000129675030000008091850000003600259700000004002001700450760021080030500020
000100600593082000006300009060047103970000856831005007600090024350020700002001000
800007094000864573400539100008316200050040830060000400010200008009008300003070020
900641700000207563207380940000008029009500810820000050000010000690020070100004036
425083700000004030301907500038600000060309410049802006000200000002700003003006295
300640200640002300500830000150000073890317452070005000000200980030700520720100000
500000017130040098000701000481050000075098002600000003214803009753009004008020700
060000270709142008002008100090530801306007500004600300600905082900006000801020006
000002687300010000206050010850003000010098463000104050005000700000436020639020148
000008920280190000493020070042850000051206009060401257600000000870062190004000000
201740063705009400340000701523090000004513000010000605000000510097006240050020300
501002079007900023200043000102037080803050002000200105760094000000020047300100590
020006000004009730031470800400000300090000605070504208000008062080620403010903587
670109402051060009094020008400800000805000290020050000006000910000971300089640027
700400620460007050200108709007002493000500016000000587370000000100000934002034075
059003700003004001070106092000360008201005640000900230400000080308500400507400913
020007004705043020039000078983075000004106090100409050002500301590004007001002000
500693007000020409700001005610009020253780090090002530000030901906010002000078003
012706500038152000050038010290040000800000204040200001000913805080000306300060120
100630040600000009000090600003000204040000005902503100090460753304015896050370400
900008234400230900320000000264073100000002465080060000000820009092300500610900380
685071040930050700000040006010800627050000190008020054041090270003007000570000039
390200006070300420400950010109042500600700140004003000910020000006405290200030605
090070004745300862320080000000740610070000523080520047260030000910057000003100000
000005002957804100800003490730050004040307050000040670200570340004610020180000900
300764108067500403800209000050000080000072010000006009601000975523007041008105000
080000205001052097050090003005000901000080030800010604970508006064320070038700409
070806020026090005001002600230041900000520180057000300095068014802000560000305000
000019002607000140108406005300705004002600900970008053035900406080000500006540070
007040025409070080520000074000109250978000400102000000001054060003800541205006800
273000801081070006060020937020340000107000083000807090000091004010704000590002108
460200000000060050079000100000609480030000501980041067006104738745000009000706205
000713805386002000005000390023090700600087004070001080060008009107400200090035670
004062300600300020003000800508400010300009000970620034000006070810907250237080069
010200580083106207042089006000300020708001030100000904001490003059007060200000801
008070600300081420006500708030400106080000204004800000042008307007090062090750840
000010650350000047706003980460501309030270010020000000070040001900100005201600734
048370001000018000007025960000501200451000006782003000004000735620050809070800002
000302051900180007002500860600400000030908010109720600071035940800007230003000008
071090004094100357030006180000900801080037005903580060008250070459000000000809000
080902405140070630050040000090200050500084009208600340900400106835000000000807503
037054000500090003948607510001000060790040038000981005020300040000265001003010050
000208000310006208802090600000100900056070000790634002000350420500409706420007030
040900200210605804000070010001000002030250089024108600002000760109520300600047001
050200008000090460004370200070000600032600005946005012087401306300007184000060500
008069201000003705012400300070005002040201000000874069200050034103042007007006020
932080100000091003064002500007658009305200000600000020850004000400709051009800642
015082900000690001270130800901008054007400102840050009720800000030007400090040030
005030004489001750010040286501009000600180500020003091100096008000070100073200005
401932000007040010500000000035009086008007402040681705100008350000513800000760001
090867000070214950000359080100030200500020070002748000000480300000100720630002890
070200039000704008205008407080000070410902850030087100058000300000061040600073902
000005740800029000723400900002007300074096521100000070589600004001000807030018050
907803501002000080080014090006000013170306000005140007061030050030400670004602008
670109402034080001029040008700600000806000730090050000007000120000973500045810097
008010059000400002054607001810004070306175298000000000005063120080020040160009080
007800065004093800000075004530460000046700009000350640000087000100532400083040590
200700000106090070005340192304080760060570004500100009007905806009000001050420030
020000490004509080390048700040020008032900000005034026009471000403002870200000150
090034201620000000000079860050000020900750030306092540080523609001000002069080005
230000006051098300000523781172000009080000073000005010006070000923050007040906130
090105007157042609008000051000206000709003106206000004001000700000960005004301962
610000930800320705050640000020030691001060000036108040080000500900582300005010408
160000007030000008042890360420016000091000070000037419000305090070109500200740601
500009400002586003170420906000007002290010807007090060000204031605900070024000500
801000000030008650507206804000300506200980100075100000750020498084000207100000065
054000000100804205263050100400500017075029408019000020508041600900000043000090001
005200981900038405407051000000070309200000010000506800040803000763004058000060143
806000920003200040240000571102946000080000009005017000930072080008560007007030204
803000742090040001760010050000980174089060025400051000000026590000070403007009008
000000201942000536000009407000306008008510740034080010006100004389704065000005070
086450093300900402040108000400070000870010030000090204907000540008000301064503907
680350472250480060003070050700900000040000029192007800800090236020005000000000594
130970680295300070008000035000000463080034201940006700802057000000002010009010006
000000000310804000000530080678400100004086270020000640000640530035127496400003007
870030090003000700001020000020007461010083200004602309140008506000256000086000927
020807001005024700093001020008372019340080000270400600006200090002000508907008060
000706900970004086605080200000068040500300120308010007100003090800045700063009410
100300270070005046000600098030900000010050829490000710001030900823009561069020000
020890703003000050400050060900700030000020508752000401086032017000600085001509024
800256100140090065000104082710003020050002007003580941001730000005000800006040010
001900004050000020900465100100070000830004610702091485510040030000100260000087041
045729000000184200900006470790003102103200006060000743050802000230070805000000300
810730000700100680000006104970200500001000040600857301030090000059600807008073250
010074900705396241000050083050000000006010390400703010009635020000100460000008035
308050060004073008000280000900002410246000003570004900030015700005308600862900300
500000810498102350000800700015640903006000470000300625650009008000086530000500100
500708316702030809380005047010000920000300700004086001000070105000002080005491002
000000491700109000020800000300070600865030074007680015093004008270590006050008037
009050004000309010010008920034570080190000450080000030600180397950437000800600001
005307018470050300302040000000682000001400006200001903520718004006005802830000005
000906002070250840000780390700508120000000950030190000840000209050010674900302001
001600300002030800037080215006500720020907140700008000150000006960315002000806001
000207809000003000270050030309078204600940305705062000400006000007130506001000483
020037540058009020370005908091700634080340001630090000000002000000000709763000102
789005461000678052200400000068000000004002100000059306605030028890010000470200010
000429800059760300000100702700000040800000001042001007604085000010042679023017080
006050319095200040001390000008060100000708093907010008060000780103687004004009600
031040060006002040900007002007900028618200400402000750003000085000583210000401076
004300005000010642700006308109740000400060080000530794000800201387100400501604000
003510980940300201871602000200045009539706804000000072000100040000060020100053000
008160500005200364064003100189400006007608950050090200030010827070006000500000010
000006001000280070108037600052000040800002007734805962040020000061504080280060005
043109000500062004967034800080001075000040000000200086052806003009053100000927008
293004050800005000005000968476009001509301670012470000008502006007008020000100005
600000980500769210200003657375102008100300090060400020000070500700000142900001070
060009007075023000001060003206008000903005406004096012100040020008600700607952300
081093020069005041000000000090260100520019804604050230006030002900000700270900403
500010070632007001000024609470005006250061080000008240904052760000009104001600000
270006509000002370109400080061025030720600900380190007400500700000041000002078004
090700060520603970700205003060800005080070120207014006000400018000020307100358000
062030000190020360500004091309000070025743006700100800001407059908065000050000700
000020005035674020247058006000840300000060200059030074000000500124000093590012080
050000100000309000002806040009034607030900080740000539460083951000075003300400708
072000800046030200180004600730000190860950037020000580003020040298540700000860000
940000007006305040870090010090104000584029301007500000001230800759040020008900400
473908002002000904900000070025106007060003090090400001507800020209000716600000583
400020000002659041051784060508006704016405003000008000000060938003002100100830000
007962000200000000509801243036045790021000406075000830002010600000008024080050009
002010703007800020945273000059104000003000060280705300020300510000507002030020047
001098007008060100360005240023001400400002630010007002080500900190706500600020704
390140005250983070010000400007390001180500000023800600000030020800200704002760503
060038000203040069700009103470120900000300400029400750030000070000062095896570000
600000704010400680000000509920803470306120900800905300760040000080000206003602140
900030100610408057050007008100060700009001006206070801700104902021089005090000010
000903080120704590903005160005000300809020006230047900600038005050000041704002000
402501673067030090000000085000003016030002000170800002010006500700100409053409701
030020540090007000050840000703015062004700003219000057000000100000201375371009024
501042080728516040000083002003290806900071005000060000000600400802059000679030000
010832006069010530200000007000200009086007024070460100090020470608300001700508003
003060000050902003920080004300000041000390028240700006832649070076001000409007300
008016040906050803000078069060720034147500000300461070023045000504000000000600400
460200000000060050079000100000609480030000501980041067006104738745000009000706205
060034900207000100900107000000703509500946728670000001051060204400200007008009005
900860034008507006016000008650108003807629000000050680000002809100085062400000500
000036100000200007000140082890064000410000960020801003000620815089000276600710400
007000600506471320020600040900003256000710030403020000000900100009064002615200074
000906002010280960000750340200608150000000280090540000720000803030090521100803006
014080007000000080608003400125034000480706050000508002801050000003870061200061530
802350490900004000010006820050000231090017050640020000004002000009040760160908042
409002083086009245030000901570000600090607102260001800000025406005000009620400000
006070500010960002590800760009000070060407015200650309008009136630014000000006007
000906002020510480000420930600301570000000820030790000850000204010050398200803007
080000070700050031154037900605000400009521008000000150061300700023749000007065800
000008190070920063069370400100803020300740010000002348010000800032000950907010004
062500497070042160900607002098000071140000000000105034001000740600010008030250010
260080470070001530000050000800062050510400290000810640350000902004230780000007304
003009048000085000050470612380007004107000300600010000030001470008062900570930801
083400001040100006109758200070020000601074008030500467300000600507200810010007300
009603847400907015600050203060004000093071056010000700006000500905060034000800062
006080090500001040078309006305906704000000000901804503713605480060030900000020600
000013060009000203380200000020079800806000009970620501130590002060000190298000075
027600300005070000089000007710000508000012043300008971074100000803054700291080060
000276001003040000652000097005604700040090605970050040569030072030805900000020003
230096170010040080008300004000060020870030041062410009050023410600900500400005090
020807001001069400098004060002193045480020000910400200009600080007000604806001030
004000008060410030210905640170280000005000001600057403701340006000002309380500700
030050109170080040500031002607300004910002070000710058800504000000060897760900005
509001000702005600400003701040800079925037086608000030007000300100350200060700015
932080100000093002045001900006958001103600000500000080350002000600305049007800325
007001040006050107138024590009005700010072050720403080003000000470009300801040009
348201007702050041000008039006805000050947002407060000004000105030020080500084006
000890000080407150004020800590314000201000003307200401420003008000709325005080040
081300700005796400000000000910200384000907100050803600006020901000579060520030840
073000402029003180000267000008010009965430000302900650006020003001000070007806290
045873901690004003000200085800000100709146000000080649970308000300007890000600500
045729000000184200900006470790003102103200006060000743050802000230070805000000300
040809005305400801008300040000060200160240309580003000409020100801730096000001400
806073420001906085927540000014300002009010540008060000105700090402000800060000100
040509000701630020005000300010068000007003000983400071006941030120000497400800160
370000600002386107010500008705002400060070000040010975000200064804061000029050031
020001578000002600340007090710000409034500002800000015403108006007006154160400000
000070009087000105904815070600050014005003000400081036000020800720038001051900603
690200510000009007308041002086025000700000965000710080065002400100000700007853026
009070056630950420002400000800039104010840209064000000506020000001300580000087640
961000584375940000004006007502080400000000850038200009000020605107800903600030070
000504006205000004340809720000200001027001800008750240890070410002030000500140390
630008027079016080000004900000009000400785060785163040010000790900040003000030612
900030100610408057050007008100060700009001006206070801700104902021089005090000010
260010003087000090900268140005070000406800700700004030070482060590007480648000000
000284053002005608005063070871000402003000190040001007090000004007496810060018000
000040007040030050280701034401890000700004802050600403300420600004005009892100300
085092067000000100000417853000040710250001300007008000300006571001723680700000900
090085060023060700050040902030001600018730500002806030300000890007008015089010200
000000160630501200801740009970000001205004076300070805100060084080009610009008002
402000006970600820000524090000007000051490700709005462037000049006900500800052030
052010040084006003107403008640570801038000002001000000026030000000609300003827065
257830060001004208438012000000000000600281790010070025000008319000000002194300080
000058400005000003208093751000006900009047600020930040160029005080005004507160009
040050200200190306639007851023500080000000002507020413000065720700904008000700000
609000501350900046784516290500000000008090650010030400003000860060020300207003010
010500803895210000324807010068905300070600050003020601080000190000080030500140000
090060000002805001070300056000200000061508000057619842000451600084006017006702000
548300902030100504000000063000001008004908100800407029050700201683005000001094006
600900057001007040072008060080000014240013000005460078719006030003104009000050021
008096004100007000047020369680009500004000290900203080070080100006075030250300908
230500000010004205090206070000730800086000002903640057150400930409053021000900000
000050043080400000453019072002905037100040500790002060800600001010078000320000784
000750903009014002010020458000560300000072809200100000806235007190000034020000085
036090200802070401000200007024130560000040700510800040200680170189700050000009004
731400690865039010900010008297060001000120073003004002528000106604000000000000500
671090000053207046008003090016008409200079000800040603540006001080000260307020000
000200350208000006953006000061300000030002015820904000084500761010008009090060283
000013620340200009026005003010060900800100040069057310600020537000008000201530400
410800307000000058005042090001697003034581069980020000350008600090200000140060000
030005000007010500152900004003700200000130940009250000360007020200564703784001090
005903000740020800600008315001030002090200086206084090030076900900801000000392070
010750002205196700070040080000020470000800206050060009008002047006570800540300021
980000040000045900041280700000438260000100307006057084058000400409000025603000890
600040008000000000048205100830050019070060004906408700007503986589000070001009450
000200570390008600702300904560800709030070826000030045000907460900024308000060000
040500076078006001005701300900105000010070083750030019000007025501360007800050030
600000010074000586300700000800070090000600700702403651900040060406030275530208009
403098000000402801207500903830040050005800300000007200001084062040075100560000490
400600085295008000000503900008200300009004710042130006980351200000006501104000008
039600005000020063680900742800000590006001007350400610720000009000307056460050001
000000130850003074049072650000008000000530001100000490506309027004826305030750000
080010000705382401000000380103004005900206143040501708532000000009050204007000800
800640000692051000150809020308004100047000206006208430285416000060000002700000000
500001467700600003034207000306180050070400900001070680002716045160090008000000006
000005740400092000372100800003001600098053271700000080134500008007000405050034020
504791003029080160000000004000170040040008001671002309010600050950200408030040006
002050067806700540045000312007000903904035270023070000000008004400300000068140020
000031058092400036100068000060004590203650701400010060506100300900800000078090004
900030100610408057050007008100060700009001006206070801700104902021089005090000010
083516000500000831009004600020000000001009253005182060002070040900240010048090520
050092300002000460016403002029065804000809000560000700073040000100020003090038527
000040007040060030710309028305810000100004605080600301600570800003006002427100900
100680500694053080000940003902000070570200900000000001720890000063021050400730810
000048520005003961020065000009000845000490000010050309132070004098000102604080700
000271003100500068790800014902000071480020090050793002000607000009004005040082007
090200007206070309001090005062700504000000670018004932407900000020180000150062090
050020040060509700800036051005000027000000509946070108092301000000904800001760095
000190380061000040089320060030410002100005097650070100020050400010200008890700023
010003802500001040078205030000007920009030015207094000700008500390040070020709063
090004658500003000028607100002006001030421809014000060100075300000000017307160004
000000057230070680700010940000057000170204830000060015009600070020080104603740590
007800050008010370100200800405000907010089000000064002904020018780401520501000096
106903005000000630400850090004008009089470010060100407531024900000300140040090050
290470000004008570000603240400761002000800000716032000841000960002300050560140000
302070890050800301060039752000300007070652080010000600091043005504008070700090000
430007980060300741007480000600001003175000000800720150000003500351000069006905200
806000320000096000075200106050002007003500800708300059540003060080100003037650410
300012000526347090000005043230000004700164300000003007002800750170026030060700010
008690300009201608001070000500400890903510060020080510804120000100030480060005100
000000306209064100365701490014020030000908000590400618000040073000600900027030001
920006301400008065005901000200010030000004750548200600004090020090000540103642800
060000400091080063800060120005607030908000706030958041000031980000076002020090005
003040026071300004060052030080400070007060018105009040014600300600008400700034102
921060080400598002530200709000902050010000004780004020100350608053406090040000000
005002106000506900890073040041230750002700008000961230000010027010024005000350000
070005090600024738900006004000001983000090407507000020000807205002513069806000070
005009000490500006200406900380000500049030860106050379800693002000740080072000090
020107000000306209600029847000030005500000730400008001070410690060072000240063078
249537000000006005075090000302700140198200700700010803430905001000002504000104000
040000003900803000106009085561400000080057029007081004600008050309706400002004906
537062080401030000800050000010003500600001009070090308140587006700009801000400752
700000603000000952006000040003000285002053170590020430000600890408009327009048500
017080639000000204400609050009010405380020061650804020800501300100000000005037800
074100360200036000006008021900070800507802090008090570000600007420080010700204908
084056090000803400002001080090005000001000573000047900106070829903580064040009030
750600080302000000648000000000734026400000010000800943520009008069371054104500060
080605900900028165000000070003006002000954730000231009001480090820000014045090020
271300500000200070005076018093400000020807056050030900902740600000508104048000002
820003795001009003000582641096025008500801002000090050309000000000948000072100009
800203500500000926042906000005098070090000630001030050008000090000721005250849307
060005429290004005400290000501906800080307100006018050050740080020000500807500030
040000208800710603003025900002008169001067000680050007370180090000030001010400036
000070050090650814051020000524086000000700240100004036007062300035008701800500400
025000000387100090004072000098510200200086079056309001062040000070000056040061020
070142600900370100000000300093718006056009874000060030630050020009020510582000000
600905800010200039890006040961850004000300100002400900009602003040108250206000400
670109402052070001014050009700500000405000180020040000001000370000297500047380026
000751234425000001007290000900000700102000049706900108001820300203000005000367400
061002003000305600008001259002100005009500728000700000190800460275490080000003507
531002900084100002029000080002060070005823096000040250016070300003019800040005009
005073006031000090407600005090000603003006040000030072750068204308020009010597300
200836014010045000000901300008410000005302040124050900901080020072000830086000090
040690810000385020000010006508030007100742080074850030000000052713509640800000000
000000000720109406109005000860010370010030600357000014600851200000043000240906503
806000320000026000032800107080009001005600700903400086360007010050100003018260490
004700016100000008070600403010036027030070500500801600080954360906007004000008905
004706230700400001320001400000345620640000000080100704230000060400600010006238507
000503290079000401200079000600400923401300006005028000000702100953010670002900300
200000035008470600096013000003159007025300900087060100010000400800026001072001580
000023901930070005701000200520807410009654002003210060084700000360080000100306000
014080007000000060702003800196057000320901080000306001209060000005230016600078930
004000001000401800102063094430000600097600210005130700010300050740010006028040107
090510002100007003400200801207001360300600408600300000082046700500030004734008006
610000000073058204002010050200000709038090100700102030057000391180034600306001000
006000050040390070380006201164800000803009400029004180205480000600030002401060500
000001070600407080090060100500983027004000060023740050006009000009024813430100706
600004801000100200123095700005018903080020000071500082007003008410700009002901040
030086000040005000780430620410097238027000040800050710078003401000000800069000307
386004200702800410010000060409050321200197004000032006000901700840006000000000642
001089005580007060769004800972050140000070500308941000630092700207000000010003000
890067324203000900000009001009084200038010009040000806405602193300190040000000700
000030001600920080904008250349500000000043500075010400060004030082301900090680705
001098000080703125700000008070004006400620010630185040309400000826300050007800002
000050001500060080300008590017500000400306719038201060205607900106430800000095000
072400080900020047004030002090063004305800200400010670040007000806540039030001028
305200407600000001000001560007510040201006700864900102000190005008070304570003008
002000074050070000000904026506082310314700200080000009003109040008507630065340000
600008000738600402120370600000000326362100000854060007200801005003000270001700060
005200809704050060002009010020700000800905700907001285200410050009800103031090070
000081270010002008205000690690030540003060000050000003576003000428090310100420056
740001620001002000082609713203006040000030051108020060060094000010003402000108006
470090106060000000280406000903000010047650823050000070002705001500001790016930200
307051290490000070210090563730008050050302900100009030006000020023046700870000000
306000000001509430400000916030910800018047090042300060059600200200100050103002040
020015308391800470000007006030000100100350700070600802050703000000080020217540903
025030100003000470108029060401000000006000900230050000300405089854096207070002350
760304009005920000003000728070600210001000000280513407038045901000039000009000503
605010700080056004941002805002097006800005200090280000300008002000001408200009657
060901000003080956029060008614097500000050090900010460000520074040000380580603000
150007000783052000000081035007100002529800300800263009008000050002500003900720016
040001007100004023002005091035080740000007000000003256071000960096000834800039170
020900000703014600900083000070040306680000040345607082000301000518000204230050060
000043010607029340004860000000400000052007063306200009095070030063004087870092000
000500039605928047080734005010000000500090000006800390000000003067150020293480506
503900006106035470000000035035840760090510040000720003051000980004090052800004000
425083700000004030301907500038600000060309410049802006000200000002700003003006295
801000000000014000009003680306590008000076300007020046794005200062100874100007069
000284053002005608005063070871000402003000190040001007090000004007496810060018000
205700008006398000307000104000080019060400005070530420800050600004002003700064251
809200003042800700000004006005003098030009627061000534020300900300050000580071360
700003100002050000350076840806000409070628013100004000080000001290381004001007230
015007804003061020020300050050970401000000500071804060064780310039005040000006090
000080004400002810000007206370951400208000009190820763980006000500000600060248500
035710200602080900100005000290040836000890000000630097000008300080253710017069000
000360007004100026000452009395041000040900105086025000060000200057200061901680000
380451200604000001127000050090500617001803000005070800008300005000985040012000930
010020480040003092300058710000794608004500100970001050200000000009080020138205060
086004205000108600300650109005000910471000060069000047003271090710860000090030000
692000740400900060580000300020036905900082673000050002075090100016005090800001050
000210596290050000751300000600000001070564000480100002904005007560001048810600200
307000009820301050000400003509002104060905008480000000798620500000089040240570800
032601570000008060406050109000000000005023801200007305100030058020809000607405032
000000709000049050070501238061005070803010900000023010010904083009082467000000102
000009040500003610930180200000850120008402096025901400160000000057310060002040300
000750903005081006060030845000910700000072504200500000906847002520000087040000039
300409600006028319009060850060800030000200100700306000407012960003900040090000578
901608037007000160085000000300102749100007003008090206079004000000019005810056070
506000308014580002009000001037020160000000000002810073973050410458006000260079000
007040025409070080520000074000109250978000400102000000001054060003800541205006800
750000390308070014206013085070061000060000579000030000000050007900020050502497803
005007604010030790700010053906801000047900030058000076060040080473100060092050000
050008090380700010600031078000012530030804000206000704790103040063400021000020007
005602070007300000823107000040200080900008060082900047000501806100760205509003010
020001760900540000001020905000800040056009001049013570270000490680950010000082003
000000000570608304201004000150070860090040200628000079900462700000031000340705906
000081079093270000507094860050000006730008451042900003361000500900100000200700010
403082000800049325907000800080436790000910008000078006008001040090004100104000053
000040002050200700206031000035012000400367005010904230060003004793025080800000503
500708316802010705710006029030000460000500900004069002000030604000005080008691003
095000030640010000708004162000009400003040020800065001000002019450100280200980546
900080003600790080005010902093405200100020300040007098010059006300000804067043100
708305400001690030000480000000140700010008649430500000376800200000700016005003874
000000960007149350090570000010700800472600010080001206245360790000000680060900003
014300020007208104603010075040020000009006513000090480000530000058070090072001350
000000605043105098075086000006000500050074060307059420260001007010803052008000100
030009085592004000600070109000700532100800647060500008006020850420001090075008000
375000400000190235200053700004900003030002000050360120500809360893000001002700090
100074900090130705207000040040300800908001403001048002082093070400800009300002050
390007204070600190000009306960073401410090038008004500009045000103920000007060000
000007030170060802408130005301700089950300100000906050040200000502804690000050074
026001904000304100403609027700000008840106300035000090001003080007005001204807500
080390000064010309003004500030702000070000050520063784390200800040005097100809030
008400009645000078000080062000210700580004103020360894050600000860000001790820040
000068000000040670806207000003000041981004260050006097000000080307481906400509012
040000000005023847003704060004200708050090002092307500000070480470036000086900103
080073005073209084906050007050090800040001009600000000805927040000805730407016000
108240053506137028003680000000000000035000040014760900407020000080510007000976200
000905478005010302460027009090204600800700500704059000300500916050870000600090000
000190072236070000000040068502038094089000005704050800000000050621580003040001680
000080210000004706147003905002070001430208060705000800094701000603800009080060470
000000406000738002281050070807005000300070640006043097000006039195007004002091050
000003085050780004700040600903400070075031006046290008000000502810024960500000807
200000090003107406000040023020063000070584960609270000090050001702010009500792800
308050060004016002000780000400005670712000003680007200040098700009203400537600800
080000123000800700960100085027400039300706000615020870003064908000300000200010340
090060104000435000042000703200050830005001200107302090053100009400003502800570006
105804002080020000030001408860093000300005981090400200053109020006500107200070500
000100798070030020502960301040010070000540800320700010600000007890071052050004063
400800205000070036000005010040098072390024000500010904050961020700400000021307608
741000009230100050000800132075300046020004300000675018000000600907030081002080507
079600402410002008025070031000056000000009500563020890030010009000090006291060780
908700003300201860004050010750103600100005008003070109000809006400002080602007401
070803004410000038000046700600100089530000007080654300103400800700002003020301406
409000006005270000000009000200360570500940860006080000702010609180700035903405708
061002003000305600008001259002100005009500728000700000190800460275490080000003507
614305027090020006302007010506000003000000080001003060408032071063078002009040050
600020009900450610203060007360002940009030081080010000004300000000000560896145720
900000470450680003720904000008401005000050008594700000142800000000060100639102807
720058060000030500600400710072304005800010236090200000900501300500040800041090650
093080002078010905000907003300000004000059278907208000125700309004800001000035020
000019000070230040008504000050601203000750860036000570040065907097420600680090000
800600007004025019900000503020006040047081050083000700006098035305204001000503900
900206080806000509520078000308520601057604900000030000010095268000000700009002405
092000014170020089430906002800050000000107800900200507213000070004530900009001038
500040800600058094080109060900385040015900000008006200840501900060070400057002600
040000003200709000906004051482900000050083049003056002500007060309608400004002307
419207300008043090607900200061000003800476009570300000082004000005028001006790000
008070600600051730003400502090600307040000106002100000085004201004010068070920450
701060324904003060000052000075084032103620000000500000049000010000048009210305076
005830092000000300300600500900080450000007069400910000590721800860050200742060015
010003200046210000239000018050001004763000002001920075005009000090760501000105780
002000400709060050800003060900002005103005004408901032601040307234700086000020040
060350402034900000001874000070010008900082504000007010000265300040038100027049006
079000401348169270000070000000030000800645000050208140020017650010000390600900014
450800700000050094300000050000005802823017500590000010900082601018370900035100200
804530700000002000023179600007250009905000000400008035208041006749805020000900800
003700060724003000001450200059000041060100080008000692905070824400002000802045010
005602070007900000832705000050300020300001080048500017000203508200850701509007030
000700500040000273002040006030000028080296000009804160020600780710028600690003410
050009002090084036030200007910075600500900008800600150209000005001502004005407260
209300680063000910010000302308457100096008000007603050600500031000206000005010806
001938425030002000052000070490010500005820903008004007006140059003080006019000030
040000350000457208008091000502800430300640080860000020089003165600010740003500000
000703560000016020060905008305200890680009003092608004801060030007000600256000080
608031004070800150300400080720098031403010870000070000007289360580003000200000900
090801057602900013508003400000000041040090000203407000005006904027309506400700002
008300000100000975904000000820004159350006200709000030093045080410980002280007400
000004350000381000230006090600000400040002761012048900003467209100000043400035800
000905478005010302460027009090204600800700500704059000300500916050870000600090000
509020604100700000028050190603000070845060020002005000200698045000270381087000000
289053010010004390004029006300540000000290060000007000840030675500006480007080031
001500702490006008570800000900008074714005080630904001256000030000007000000201869
000000420004600087000241030963007000801000364450063900100700092097812000200000005
008920000971603208003580700000400900190070004507109000310062089000800370004000020
080045009003090052005070000071950200009000000208300597006007905054829063007000001
102000538068031409304090760000054000000009010940702003500020100420007000600040087
003971002170050006029800100000004080001205700095000200800060309050020648000038501
000020096008340070100009000063480709491750300070000000387065410010000080040810050
064807921100005003000041008700006004005010800030700006490050002000079045201008079
390007401006009050047015068600000010400600230001040000810270046020006803703000100
507000100004175092902380000000008020875020010620001704000207030050003601700006009
003050010000280004050000080170009460040000305308005070004000721700600509532701046
607081050034009001019000804002090048040205060103807500000003007000008006201064005
420803017010000000800010094002908140000030600391002800040009700000071068763200900
107300008095001403062940700074009000609000007000170500000807600400090002701060389
000006532050304078030007090120000040903405060005001700097102050800503020000798000
390140005540892060010000700004970002830200000029500600000050020900300406002710503
160050807098003040000000029007030490904510000010098700080162003630870210000000600
500040800400081065060509070600875040035900000004006700210408600050090400043002500
009003786050008000000427005090000004500749030467830500900012000005980007000500293
920685000010702980000900000037804090000020078600007400700009002068073059100060740
008043006060500400031007000000370002900802031823100005600081029000900100210406080
027003004385140900000070030053918000000030015814050690039401008076000200008000000
900470006600200000870030000493020051760193040100050300016000007089000063240060500
000000201942000368000002405000807006004310850018090040007600002286709014000008030
976201300050078009000000005020097500500124600087500400090486073060005000700900050
273060090080304200405070800006041587000603000800000003700500300008430701062000408
100208000900306000020005034000564100406827050085931000002650000690000380040080006
060030401094000306000009008408000167053180240170000800006800010900300002000201954
304200057005000100907105043090041000620050000050009716000908000000002031532007690
001523700003090000079060200000600140096000070030052009907005321500200960000976008
061000280020085000003109007680700020400800000100240358000060500046032801270500030
900010000031800067002007019004600972700000030890002005280401500060080021305000406
021090040300080060080460032002903480010020500406500010260040378700032600008000000
500000100206097803070502006060000700100024630300086010700301260402050900050009040
000630009605010740020084005070300080000850026803420901090570400060100850047000000
080012745031470206000050810075000000200049080048000569000090052090030600002007030
000031007370009160050702983000000010460005000039107002700210530000070400800004791
601004200790103650000900001000390006036040098950008002000000803800205900023079005
009540006000008040680100705300090070970002053060750100800070512040025800507006000
050020040020309700700015083007000039000000401941070802072104000000702100005930027
045263890300008400001000003003690050400500070009002104800040012206807300004006500
000006040742501908560000130059764200400305000000000700000250096005697020006013000
070018000105900300800300502050420006000105020020086003003257048000030001207840900
900010803700030000004000672000703018019040067003500000390108706207000031400009280
800605900010038000520000610791326004000000107400090006040072800000180400187000209
730016058846500000090082700005721040000008070017300800409070280000005094000009010
600100042045036097109000060091000450060704000402008900010657000027001635800000000
082060005000500003301048790705004600000700009260805017806050001000080574024003000
347000029000000000081720000508276934000400100402030007800304251103050000200000093
046530001010264800090000040009100500250096700600057392030602480068000000020900000
020700604806120070000300001152603007607000000340207000089501000560002800710006900
010028390000030000243007560034950810006001005020040900009080203400360001075002000
910750402040016500006040801038529700090007000205000030020080000084005600009102040
005006830080450200120908000214803000600020408050710603068300000970000340000005006
709002003015080700020071005080240307300006100090010620000004009030058070058600401
500000700004006305069375040020040600750092013006003008300860200600409800085000900
000540390070083010380020700007009006006018520008600000700890065690300041802000030
640715082001043650035090007108507000002004000000030900000400801200300094003100260
030568070960301852504000000090010020400700081100402060002130600300200040670090000
002180704000000031140900000000009040408070050671020903700500316005300009060241800
300827060004196038800400070205700010430000750017200300062070000000980007048500000
001002800050600001830005004209807600000010407067200509906078300070400100025300008
503901406047020010062004900015200097000000605700480200000162300630540100000003000
400070080650302004018040670000850026004006000200030108900100800043000201000068739
439000000000007952000819300002090500950460070700500409598000620000638005300900100
801000500070108090060590001000005410010000007740013000450831020932604000080002360
000004530350009002018250000500000890960418300100007600206300000430026705000700203
000890547097403002000607080360008750008020406050906320500004800710000000089000004
460900050009000008003804970000005390092001000576049102000500409945000000030498020
013040800000023009908006307036900008002080070400230090000060004075401630064500080
060001900000000170390006000912483650006000012500600090005068400040120000800394501
060280700057491206812506049090000025000060003003900607701050000030109000040000002
350074900010092056900600378800500017000080030003100004002006180605031000030900060
000004500075618300000509680100300020750061800430980000008046000010000204043100078
040980537030600490070320010307542080050009320012000040780000009000700050000263000
460900050007000009002504670000002960054006000926058107000600704673000000040879020
000080900002090000094260107405902070208107590070056340507010200300000004100008003
572008140900601875016500030009000000350000420604050089000040200200713050031000000
004620003830000000560000020025080407146950230000002165009803040200000000010075089
080040310140000000037000249900054800002600405058200700070005602000006050600082137
105704803030000000040025910701030402009208001008040500004582300500003100003000095
002407005670010043009600100003049580008020000067008300000203400096500200304900057
000749000700000000690158204030960007000870046876000190520000310900300000000490785
003060000050902003920080004300000041000390028240700006832649070076001000409007300
580000304002000000930000000300401802009800001018070030005902640063007090194386500
500603900004008000602070081900080300100090004048760095860200030000000040409837160
089030000000059382320084760000070000040000020050402803002007490601008205400320006
500720100800000069003890020907108040020040086400000013030000050206354000080067094
300081060100400080078000521056010008021000400830620157003900000500003610000058002
000200006032004800096170240240030760001000000500610920300700100015390400009040053
000200450200086030649010700406020900008130064500070000300061095002000000860902017
005304006704200083800050090600090100309001600050736400580000360090003850003870000
000085094050000021080200700301520000862407050005000610900602500000001070008370146
031040060006002040900007002007900028618200400402000750003000085000583210000401076
600930205030200900095006030540020098086050002000008070970001800104002003000067140
834000200600030910009200300700620000205004000060380504406009100308100070190840050
805007009001490756709020300004000207002080190910700040106000074297800030000300000
408023601021008049060000200050000876140830090070600014080370000700086003030400000
000890000060402380004060500310678000407000006506900102650009008000206419009080050
000800600469000010000106203987510420000060009026709850032050080090007500700030060
430000000009004500186090004900005086560008021800136940657400000090701602000000009
100050208605040007004000506000074000500621309217008460003000020900200700400015803
010370004000145080000000070046953010000200040800007036000020000304069128620700495
000310400103074600064090012900000000007650900030749000400000700309481050080507049
050901003300506017000300080000800064814670532005400000940058006030000009001003048
010050930070003086080067540008096070702004060400030809000000050020600798860000104
000900503054810060001600004400000300085134026003090008002006400100020007067051092
000301069950400700026009080700102096080900007601700005000200900079800004510607020
020148050040000001370295480400700509100300670030000000500071800018050700000803095
000006000050700090896020403507004200049630005003000041010000809000061324405280007
260080709800905004100060500418600000030750040000090306680341050050000401700009003
035710200602080900100005000290040836000890000000630097000008300080253710017069000
670010080983400002040209000000008739000362000001794200260900017030001006000607020
300100000056203980000500230901080060003700005700420310569800020030600400074902000
102007903050000006070650020501760008006300500003004670000432005410900302039000400
060741080004200106081039020000907400900150007040008200850006030000003070003812005
005340820000012560004000030062081045050000018401003276000430082020800001000000093
009005021350010600001009500090070003630028940800030006900600050176053080000090067
071902006905300080230816000000020504000008007000030960040201609090040810610000402
001000700042030080860000500094078605005002008628059004080003200000825007050701006
000200780008509030006007050060495000493701500050803000600304200700908400504610000
100000003500070090070002801004006030600407002800210040005720010200064300317908260
000040009986100007070096020000010230105280006208030090009060053500921780810000000
010630270706204013000070008302080401000520007000003020047890002508310000100007080
040000039030400102090203754300506801004182000601900020003000040000051200950070300
014500023087400000050010008930600004070908560800200010000062900096100207128090000
420703000809002000617905300150009403000000506046000020000804001294000608780250000
002070460000000050004053002069105300008230196003000080021000600800910720647000509
004602083060000190100093000000807009740050802806001007000370900013060008079020054
470000000000072401650380020546900007708210004200000305004700698800000540090000102
060904300100000209207601050523040106040250000000000042008100400059780000600090738
210034700000092508009000300300907080960010005008003470801006900090070063020089040
000006001000380060806014700041000070600001003795408612080060000037109080160070004
093265800700103605640000030200001300009006512000000700902804050500000000310702906
000540809025970000090006037000000905500360410600005002940250000008709650053004090
685071040930050700000040006010800627050000190008020054041090270003007000570000039
400570060008023700572890130007300001093040028001000006324900007900030010000000043
850127000400036010107000600071643009000001037005782000064070001003210005000008900
200070500700000090680451027063812970108000002000900030020003650004620000006700048
120007005900020104007051028500786040702100500004000007000009750005000986803075000
001003005007109263300000080800000300070910602209030000100026750692075000754300000
600070208500040000120608705400700009082495070700000050060000500900850007804207910
000608029801000564000000708018070095970086200006005000100060900000300082004790316
003000092002000701701409356000000008026708510390210600600087000200040000800052903
080200000000487200027600050004003607192070800670040501000002005005014000006350172
500100000378002059000790806200400081086000000147320090054010203600200070000050014
005600041430500076000083000904006000750240600000008425500004200240930008003020950
284006970005090100001500600807051090053279801000860040000104080000625010000000200
200000001000000235104060000050900074090078512016020089000050020040300156001706840
050020040080604300400059087001000063000000704246070801018905000000106500005740018
350874200001900300009003845060708000100300900090040600402030000070009002935007064
009080060630540780080020530067402850305098040200000000400030000006204000870950004
000190380061000040089320060030410002100005097650070100020050400010200008890700023
004207010082050700001300028700920050290700080040006090009005370000400060356072800
001006000370901426090035000600000037509807000000394080003010000240070003157603800
000060080010705060968012075190206800025100000006859000409071000080300000000608730
030800650009056230460010700001040070090002108040530902050009410370000000010760800
108240053506137028003680000000000000035000040014760900407020000080510007000976200
340085100700290306820030409460350910580009670010400030100907005000003090000000000
007983000041027089083000250000000805000205190390008706000609010100342900000000603
000310400309027800016090025100000000002680500090732000800000200904278050060403078
007040025602090010190000083000302540236000100805000000008014050001500892503007400
706092084000700095053001000601059800030040017200030000000020900890070031305910006
300001000400037600100685030006000010950000270030206500000000703003162900542370108
190600070643079001800040036005291700400057193901000002008005610060000320000000000
600020009900450610203060007360002940009030081080010000004300000000000560896145720
000500607000471050907000413700005260300068100006214078625000080400109000130000000
375000400000190235200053700004900003030002000050360120500809360893000001002700090
310002700904706020000080640800100060507800900020560037100035090035200001000600058
040068070001900008090020640900300850010000090052894010006059300407000065030480100
706000002908000001200809000000708903509000067073096028004003270060902014020501000
000000060069501004074690300502060710030970820007200000750080090600100007008706032
020000006045709000010063075704028001060304090008000024006400500050610049071005003
020003061305010000000078504067081093100005600009700800600800100008040300290350470
703000000142600978000270013301060805004010002009300001500026000016000000007190456
760090084019000703000600002020008300001025070070109405800902010030580200600007508
720485600630020500405007908000300000203096000561070000002010430150000072300040005
200400709030060800100500400006942050000056200524300600802600070690100002000090364
095480070480070000107065200640007830708349000009000407004000006871004500000008010
003050000070081003180000002300070120000308645400000738619240500030007000240095006
008050000217003600094602007005060900100000060043790020000306010481079200906800040
032601570000003080905040306000000000001026907500009801400030015050407000207105063
806005304000900000020000870940100508000020719071580420100402080500801047204000000
070006005431900068000102700000050090904700003086310007040007380008003006063041500
402060300000082000031459602003040060010200038009000427900800100160920050000610070
100069075609000000005301096050084700000290004824000509400900001003150480506000003
020801000935074000107960000002000000370059100560000370051040009003008706000127530
275000380000852040008700900000640010056017003001000024607020100530060070000370205
400060800200080150018092040000000409087920000930610508006100000100040703805206004
070000095003000604465091070000000509600009103598003700040030950709026408000050200
015309800032050960706002305000104670000720000200900003008040739901003000000690200
070304981100080600003900000406207000900540060001000748010076094008039006360000010
080000123000800700960100085027400039300706000615020870003064908000300000200010340
038600009070010020100008506009006001700003850302401090000002700840035002021009480
608701300000003049200095100709004053003500001401900000010000586006152030007380000
425083700000004030301907500038600000060309410049802006000200000002700003003006295
803025401049000568000090070000000647004800230605000810908501000000780950307000004
406100098100408003800096040004007020060301800080269000030904600200685004009000100
093204050006759000005008709060830920380027064000090080610000503057680000000000006
007010200500230000102070839026000500000507090970060308053090006000053001780400950
048010072300087090000000100080001069070002503002030807064000050805400721100070406
000700000805001904026098070400270306062080007000040080004007608009350700010860209
065000290400967015001000407043096100106700500927050000304020000010000006008079300
000070400308500006046100082207905000580020090060000207005701300001483025400000170
030090067000000100082000009940607021760003000210800730020000004354000078879436000
390140005840953060010000400001570002650300000073800900000060090700400601005230804
075006010000407800280009670028305107000010002701600030060504020009200050052001400
000800326810200400060750000000070084107002000480901072700020045040097200609005010
350240090000067000000300020100020937903870004074050810207000640801000000069480070
170000403620080075000000060000029510030450700206708090304001007500030840080500031
005006830030580400610403000573908000200060304040350709061700000350000610000005003
970000580000900306050780004009470608260000003040006105000219007013008050400037800
080006000426305000137020005300600008700290000000180300815960400004001800060470950
804010006300700401000482059005000003600200040143006200032600800461820000080094000
706005001200000507100072090402010000000086104015090076640050082900000700020368400
060000290740082010020040003000003000804007300032068500480290006516800029090700050
090043000060280007000957402007020005000370600000005000020700806540002709879506203
506207000000460500003508007069300870047000105800002060930800706100600000002100943
042073060010200350006080047123450000090708030400000000269000410750000600080042070
007580603450000700000000002090700000100056920670009145300190274009030000740260001
700003008800540030350010902010000600970460003400230509092070080000980006540100090
709000100001020006005900030000800001040679502570000903910060308607300010832790000
059700004001563000720000000602040100807035000000029380504018720210070000973006000
076040210100070090930001758040009820060704001709800465002000046600020000450000000
003608100041009030000300004950400300600800490000100280030087509089561720500004000
000021400805730000610000730009000380406080000020357906700910004900075100051000670
300000070060072910012080600000005060001630089009708035984000720006000391100900800
403921570600800230050076890090080060000510008810703000000000003901000082508430000
000000010106420800340090072012900736060502008000037500091076304007000000605040100
500010708006030040090607000000250080059364000201000654000720890300095407008000305
720058900000060000604003508000087090000904081900200000005300867140605000300829150
400003000100076000800000019000062000063100050018057600580094103009521708600700590
701684950026000080008100000104700268000015007003208500009571806000090020080000700
000053100570100803109040200000902070093004500807010020020090000046831052005000089
000040009670810503000037014000085360009000000530000098203400170100050940006072805
120000400004003906000100728302090000810007040906420801268310090001508002000002000
000430000000129463400005090070000600105690700639010800806000000014762000790083006
104000700020050000083040102008003926036020000219085000045070000090160805000090364
204600000030190450905080300809004005450006709670910024500208000000060500096000070
006070500010890007290300680002000050050703026300620809005007938930068000000009005
500100090406300050900040302002070045704005006800014003040720500000001038319050060
307400009400936750190805030085102060070000008004760100702009000000000906540007003
007400806030000010081690700000708050358046970004000002000004190549001060006920003
284006970005090100001500600807051090053279801000860040000104080000625010000000200
502100049080700200100402507010807000000000610054000008028570030630084975000910000
302070890090800104080039725000700008010953060020000500076084001208007040100060000
070280001002106003601054008056001230000003010000007540260005904010000070700932005
007800600000970002040056001876000210002100306000020970394000007080740009020590063
987015260000000100020609000000030000695070310010890405030002007150048006400900801
000040009680930401000018063000021370001000000760000015906100230100080690003079104
468000300000800742000194000034001900079468035010000824080500000040007509006980000
001900004040000090900471600800010000230007980107029345420060070000200410000048069
630000040004602380500490020041039000200006138700008090090017000020000400370280906
000207100760000900200490005120006000000012800040580000012074568459008730806000090
000091087781305029000270004802130000607904000030050000208010506000003070005002408
902050370000802000400090021503960400100000003080024056830049705090000000007180930
000064350087305000000102400504020010800517600100030508050040002000003740740900105
000271003100500068790800014902000071480020090050793002000607000009004005040082007
009054016001020000008016902000695003086247100000030047900472000074560000600000005
082000170040002000560000098020500006053001040000243080070106530695000021001895000
400600700037204608800700004040005200608000037700863400073010000000087569906000001
001002800050600001830005004209807600000010407067200509906078300070400100025300008
760900000093000054008135690004060001000420509052300000006800000000603902079200436
009030010800075003070060090300800000600719342002643900000106004050004069000520801
204006003005790000600004025852000010300870600000201058070400006420100089060023400
003586410060009052000014007200460090040008003008700506000807000089602035002000084
000809275806000094700040086070000032005390000000700400260980007000001629500602840
090080610004006900003014500408000059070390002020508300000067205206005000057100403
040305008205409010308000500004600003800903040937001085023060000050002001086000702
100007500005000132623140870000670020000000048734500090001063000000052000200781903
408520030020000009100790460000200000902053070307800045000005601009014300561002004
736405009900300600002706000000500070580902306129000000000000700001830020075260891
259017004000000007007460005700008400098021060013006800000604100600003049300209750
059003700002009005080401093000930001204007530000100470300000050601500300507300986
007305820320900060090620300200086140006031702000070080461003000005000007000800916
000009000031000702020007510000248900053910207000305640084093176100000350000000029
870346200300010008500000013920407301004800500003020400000004005106200970405030006
789005461000678052200400000068000000004002100000059306605030028890010000470200010
270006509000002370109400080061025030720600900380190007400500700000041000002078004
628007300003021070000050062007030006040008290306140007530204000800500030700080025
000200500806390001503080964001809050074002080005060012098570023000000840000608000
700000540508206000100054207024000300010342000800005124300420680080000000207003450
800042070260001005040060820080750003504006090700800540090630187070120000010000060
920700064640080090003900708810605002030290801000000609785030200200060080060007000
085137000600450000030000750061020035003560210204300800500600100040000000078200496
020006000004009730031470800400000300090000605070504208000008062080620403010903587
974001005060000017000475080035010004000750830047002006050008000406900050010530048
600000078397051200200470009076130002020060000540200601905003100000005006000980430
120000600000018200300050407093500100200089300005601980000004500016302049008100706
971000030000090100002001009060934520083215790205006001000059080000800903020000054
264908753530040900000300604070000509816090240052070060005000000040062000021005000
080100026501006080002350010003000040840030000290084173000412700100503800000067030
000002600208360095017005030000006400136050087409008060800000374720000000003600128
600500201008100360020000000007200080000043000910650702306824090009317654000900020
507003000069800020123040070001006000042538097090702600270900000030050060900060082
520008040907400306003059080004000000670000410050741000760124890090080074008000100
000090381090028600408500000050070062603010079007940000002700010860030040070680920
002800000035007092000206308090300705300004001170085006000402160701000520023510000
074100360200036000006008021900070800507802090008090570000600007420080010700204908
000903000906080740028040019002095800009306000403000602000810037210000060304709020
184002630009000000030400709040000982000690003090520000420006000007049850950807420
030020006010904703200060900000249175790000060021006000047600090002415007600000401
507003000034500020216080030002004000049731062070602400190200000060010080400070059
040902000000040500600107940013000600097031420408000701024000007700524189080010000
006080910800291005030050008903520001700014580540360002000000306300600009027000100
005001000017500046000926170000300010050004620600152800801030000006290730070015060
000700000007540090301900470908127546100060002000000013010094060074603000200005104
061500090090003520000069801670090002054082000129030005240000100000200070700301260
000890547097403002000607080360008750008020406050906320500004800710000000089000004
507016090000703065206900307100500000084002000020068000090630470470289003600001000
820000034005346708004000000050900082480601000900002460360190200040800319500020000
500000708340790000010058903982006134050400000000902000600030201830100060070045009
000068253000005716060032900600200034050076000002000060703504000206800070580607002
690500001008000497207010030906000002170903086030050709001000208409006003700200060
019004000407530906863900052050600721004000569000000830000003080080400200605090007
000006000050100020861050903503008200012560004007000051090000802000025439208470005
090023700000067050000010389200070000400006027007200043001002930350098210002630005
005270840200309010000010320003000090900658002408030600004065080060800004301000965
060501000105400290400923000796050100000080003503009006320796400607000300000000672
210000000790005402000824109047010800600908700003040960030000090000650007576009204
600001708450300102710240000803002005000000087026805410007600020200008006301000804
000001036200708041000304050100840000050006700009520100000000413301070082486032070
600000301000041007184706090700000500009075400560390870000020050407589060906000700
050096020649000700017050009000173590000009087000260000080900345000681000090435060
802700009050408000060902083010006920240050007090000100000690300109007645670500001
971082040080043000005700002610007000009230600000000751100008079008075420000924030
723900015060400928004020000107500840000010003802304100000203009095040000270001004
021970000070030906000804700700415003050300870090000020000700134007002000918503260
000405700000013650009860002002500004951002803487900215030000090140000000005108300
050840076070000050801005000094000527708000304015037690602104035000080400000000102
000504006205000004340809720000200001027001800008750240890070410002030000500140390
070002015035000000006009000069081000000060030020095604042510897051970000003806540
000000420004600087000241030963007000801000364450063900100700092097812000200000005
078090100061508702530702068705003810000060350003005000024000080000050621300000004
040000125000047060603020407208000300360000280001302950002015000186270030000030600
000000800000080210068320000000095030049000705703810000975460000406008300801972560
800700004060000820000290300005000009200930040140820630520109403007002000410586900
070302060004810702600050010206004085940000620000009400050940006060031500009620040
002900030069000840001076020020709000600002300004003900030097458008560000905320107
000004960205000304470090005301006700002000048008120500604700091039800472100040000
006900700304080650000765083720500048500029106900000002100203800005040290082000000
007300000830070290102609070063217058080504000005900000078140906000000504004003010
603479000401000730000030800040207005062800914030006000008004503900080600076105400
000104005010000200040600078820549060090003050750800304470056000130008000060930407
041000206309150000000402910460000082008027000002380650200800007006070040070503029
048370001000058000002019830000105200483000005215003000006000342350090108020600009
200000703700060490640000002000182054000007800800409201501006020060800540400070316
000060091965083004010900050104097500000601020530000900200006745050030000071509002
230000006051098300000523781172000009080000073000005010006070000923050007040906130
097820000480005009026491700130082000040710000600000090000000062060038000204560378
215890070300000182000240503000007940920086010000059060079034020500000000800610009
103070600070201004800600109009834201040000000051900430030006000900302007602009540
000802054007501209200430601070900000021000090904006007010003502502149008400070000
004900372810000090230005010006400801040600000905038704000000000503007049490260580
709002003058030200010097004030680702500003400090040360000009008080016020075300906
040000350000179208009045000407800690200690070960000020072003584100060930004700000
038015000750000000040973086020100400073000690465709300010800200004021000080090043
000903000906080740028040019002095800009306000403000602000810037210000060304709020
029350004010000057700090600503410009001000240070083010046800005805020301000560020
600708005020000800308004760060050080030802074890300600540006008001580420200040030
900730086046001203000020470800043007090008510000295308000000000000560800010380752
000007300407100208503980600200043509600500807050200000006820035090306040305000100
503901406047020010062004900015200097000000605700480200000162300630540100000003000
520004073300500900600930800100306207096000004000209080765090408000020060002607005
970130600018065702000200800800300006346709000250006000620010005030080007080003260
000005740800012000245900100004009800032078419100000020527800004001000205080056070
050039000309870062010000080030080200200316845506000000005400007170020409004107300
007013000030000249689000103900370502000006004000524000000732061096400308020809000
803007604960010850000830010205003000000005760000400230020000086001389072030650100
000001300300904010810060740000000001206149030053800970901605403030008006002003800
100000903683000517950130240800050604002071000030004000308020400500800309001046000
053800040000400800080065091075028900009500206001900700100300060590076420600004100
354070208000034500700002040071090600009105800080200401800400720007500036130006000
460000005000800206802695300090304750704050600000007009008079501001030040940006800
004601070095702400160000209009060008000300050070940030023500047746830000050200600
030050270107093040020070000340006018000019003901400007290080651700005000003160004
020496010610503009000000005007009501050600300900050008305700004006100953041005706
059002008200000965768010004000060500605007090410503020004000000036800140072030059
804000509050098037079510000206100700700005400541003900607000300030700002900304070
069004250000732090200050100004968001000071002108200069000006700905000680006080903
362000050090030000875000040040000010006304507010780620008000400604820179930500002
073021098020800030801004000500000467040700005680543000000080700260070041004010053
080170009704000008005003007400000891000930000971084000002008006600450203040306715
200046080095102360600309001704000052380010000000024000106073945003000000900260010
400092508000540190930800000100370009603000270080020000309210850042906000000008960
100034000690002048040005730006483900837010400000007000450700090701340060300050800
090105007157042609008000051000206000709003106206000004001000700000960005004301962
005090010067300000921870003100042095603000270050700000016080002700520400302900007
003050000070081003180000002300070120000308645400000738619240500030007000240095006
080006040070100509005002760000900010000041275120070930000400600210000090093207158
052003000700000053839560400100005002090104365305000090507002948600000000000750230
987015260000000100020609000000030000695070310010890405030002007150048006400900801
902070401003009000140605003400780000307590000856430000700300500010068070600050809
000700000805001904026098070400270306062080007000040080004007608009350700010860209
052000080000087320980100047000290438400601000230070900360014000809702100020300000
007000201103000500008231007000010409064020000809340050056003108071082006080090005
348201007509040081000008042004809000050463008903020000001000605030050010700014009
120000400004003906000100728302090000810007040906420801268310090001508002000002000
208050009100490307900700060007065210802000000010200670030007082000902006624080001
000010650650000041703006290960203804040680070020000000030060005200400007106300489
400002130090304500060105700500047910030059000904000285300406002702000060000501009
000000720192005400008402006003084070040053061605000003409020610206010004000340005
038970000029485316004100090000304000640850200090000508300098104002000000085007030
080100026709002080006840010007000060590060000620017453000395100900401600000086090
970130600018065702000200800800300006346709000250006000620010005030080007080003260
020009000490050073050023104930085700000000005805710060602500901010960000500001480
041075036006204091020160708060591003400008075000027080600700050010000000000000312
304000950905240000671930820810400000002300008430100579293000080000080003000500700
004060000270030405109470362700001506560987004408500090000000000000600047601090050
800256100140090065000104082710003020050002007003580941001730000005000800006040010
000200008000819302208045097010920003890060020400058061040000000007302009100076005
062500497070042160900607002098000071140000000000105034001000740600010008030250010
670301050031008607900700180005600834000005006000040010714000500009007241050900008
900000430030100800018009002340000060000050004096001308800702000150040287204385090
300008200500020309402931657050080100908000002006005000017054930003600000600703400
030005009070600800406703100600010354043800001001004900709100500010078006054000710
060741080004200106081039020000907400900150007040008200850006030000003070003812005
078010030000920507003078000400201060010060700600004250000040800705682413004007009
100005004028070001943082765000563000050700980074098003009000500730000000280050070
005740006092083074080000000401030962007900100069005700200050001013008400900300057
500008062098004301207000009020090500850402076900001204000000007065080420040200605
031040060007006090400005001004500072176900400805000910002000038000493250000207049
006000705750040060030056080380002690040305000060008053870009210029007400000024009
604000200031000405005700000800000050150347098000805107700900840308076500000430702
184025009000004028020900700000071600047006205306090000000080006631009007800640130
080700009003204600401008302045300000006051090010060253000902504204000060009106008
052601309000050400890002650004030900000007000601029503006095802040810700078000005
007246903090070210062000000280000005509087400000590608024005380000420100603009000
210700040903400010007005200534079000090850670070001490700000060000008020608317050
000700000007540090301900470908127546100060002000000013010094060074603000200005104
001903070000087910090600000102800437006001500000735620009004002400006300507290060
080000000407510096600040100800900005052006900390007000500803009260094050903005481
300081060100400080078000521056010008021000400830620157003900000500003610000058002
080000567053006009000570000340090070000734200107008090594007008670400903002000046
007000000600800790800716030090201805786453012000008300200100000908500007000040283
063050000900003705008170309075004002000002050390060014007000190054901000800607540
020390150004570302500100090057000036802005000060009040600000420010050080085260710
000342105003960072000010004087590026500000907060000008609000700001700049400209680
287090300000500006060003700726005900043001678000030450070008093802009507009200000
004050302000000000500360794416903205000000400207800601345080916900030000000490003
207603000610000002000802640030071006460080001020300084190500000070028063080006790
180009043097038602000020000006070029900006300020095060005010007200603800410050036
300000207000009048005041609804205391000004700012000406000090074050813000090002103
009006800701048263006000104042167009010209000000580601103000508000070900000450010
000200810241680309000050007020300008009006002073002001010768094000000183094003700
009017032070400060005030001700621005306500917001000000508000070000003450067105093
003902700007104009100000054302076591069000003000008000051039078034017000976000000
009603000005000460026090800360000704041002950900406380000008071610020503000060240
000004060000070805007080200826109004100700090309605082001460078700003006630007500
600002109000490008500000200007030820069005703400706501070218900806509000010670000
003005006407062903002300700600007300209040605005029040500030800310096570000008200
790005020200900508040032009604070900000080001910250087350001804100090000020008095
800002300050000004610540007583004760704860102000000540008006400005030000400209873
070090106091008003200014009800000500302109008050406010034200080109830060000900201
008752003062013700000000100000200000000009046850461900029006805000970210045008690
750006081009000005000084003200408500004200000690100020046050310917840002300091800
000008010804100207001200869306987040000605308008400000057000030900070682100009070
080030100105008300600021850030005070426800000000910423500004906049060000060150200
500673002009000050630000410006000005305480200900035104004507931092301000100000006
000500008507000049020401007215308070800005300070942810700000490090004763030020000
082000170040002000560000098020500006053001040000243080070106530695000021001895000
300200001400030280016804700031020070800010690900500004020308107763090050000005020
050009002090084036030200007910075600500900008800600150209000005001502004005407260
806109704090720300010000002050800400930010065040390800060058000500040008203900540
300050819108600005542900007983060040401000753050000000015006000000008200609004570
789000000005900073300070010001000090000087501452300006500001430003794825007805000
030070000004005087057820640040050061970038250020006000010009408380200500005300002
910000060060910008007504390000040920090058100431200005100736800009400000806000703
050013004000748051100090003091000000007039802006000170015374908700801040000050300
500000000803000902400795100010802003048050010009470285900536040300020060000008307
278060500904070010001803290002958000503600409006400000007004963329080000005000000
375002090000007000002060000050680102900020850208000009100030020834295700029016030
692000740700800060450000300010048206300027495000050003023080600067005020900001030
000076230804050000032189000503907000070000001640200050020500080451890000306001045
006950040013008200980000060091700002350190080000230000007009004030802009249000158
007028000003006287081004006000080003030070098059460002005000000070240960094017320
300500007074006002620700003000000070806090350900065200002030760060050109590671004
081050304064213070025070109040027081802004050000900042050000010003001500000500400
015082900000960007790510800106007089002600501370050006580200000060001200020070090
007900438824350010010008000040089000000500024501234079000100040400000380063800090
908006325007300069600000000070904000160038000409001000390045170021607543000000006
300408270005720034074000000419075000000080400008003710103000027050217003080090001
021809756090070082070600941010380000000000060002007100307500409250190600040000020
810030067300005000500070820080000200203708409090640300050080000000300190932057048
070400160031200005060103080600009201059700030007010900026080300008900607300620010
600049030094320005180050090010002070230900006900060328000010060309000081501006700
960500001500073090030009007140800000050061700080000000090000012320984576005016089
390100000060050002050602307080003409000910060249005070000030020026070904470096500
080015900061037025030200010000600001712540090050190300000000573320004009005300400
050380074600040290024500000800073050069800420010004000200490806406008510080006000
620004090010008000900570312206750481800040900070001060080030000000400730364080500
000800002900301760052467000200500600503070000608002010095018000820730000107600058
700060340100009000038570029000000008826015930003607500094056070007030254000020000
601004200790103650000900001000390006036040098950008002000000803800205900023079005
800053020001000800070028409005604000024017090190502708030040200452000001007205000
400023706010605020000970800000702569002030080506490100000307040045000970200000610
600004507034000200900516003068032001050009042090005008800060735010900000306008100
000002600876004100039060780080459001000080507065200030042790810050000009000600302
400000003030010060809503072003700024500020090607408030300100005270005600900042310
000905073003207000040360208037090005000502804400003060020630081300008040618000050
790813620000024008842000001031090007209008010604150000000780005057000000900300042
820003795001009003000582641096025008500801002000090050309000000000948000072100009
200580040060090000000720180003040010079008060480002903000060432040307000936000578
007983000041027089083000250000000805000205190390008706000609010100342900000000603
059004300103502000600000580000006003908200001005010029002640000470128005801005046
307009080060870004048000270019300000402010000030794502000007100193020006000631900
001098007008060100360005240023001400400002630010007002080500900190706500600020704
001820049080000030307450080030004697705001000600030400256300070000290503900040002
000270360086003004930400005063000002040360079005120040000000201008601030309702400
008502000030897004007063285000108002802004090050200070509706400080000920400000057
103700465000050100005310000010062003042000500906040010600100080079403600081605070
674508923008900740002000000801000009400030007027860001045001000003496005700200090
005830092000000300900200800600080230000002056200160000510728900380040500742090068
060024109004300285000000764045700000870060042206001807600010000010240056050000900
395040010200080500000510209000690050024350090109000003860205040003074025500000300
256007083000200695398000701000000002465000038020581000002160009080070000630805000
001302450530000710020109000302800070005000300000635280000200007276501800100003504
000002450040105000007080010094530020026040830035070600002009100908007500500800297
803000009000000000027195600005300900610702530234600807001000098500020060902061300
608079500007103820020000900050010000060420300204060079876541003400000610000006050
002000030009032800701908452064005009000020000007040516908050020400273000073090040
167020340500049006408003000900010030010536907075980160030051400000000000009460000
005000009200500687000600500320160000079802063800407090540976010910004700000005030
010000205500109007080405900009014008004003092058796003405000106300007009800060030
040980537030600490070320010307542080050009320012000040780000009000700050000263000
013702005890003407000000002230006040001004700008120530004070001670008200020605074
807000435006700029000000070760021083008670000042000060000034050500082390920007804
068000040940000060002004195080075000021430009030960084000000857816009400050003010
074601250050439080001000400700025300000078029300940100007000060280060000516007030
942700018016000230537000940009050600600000020000042090003080400481905002090026000
001087002570200063000005700600002950042000006010698200000020098807450600290030400
