700400935200008006604000810400700109567109008000002067800004690009005083000090070
920700064470060090006200803390506002080910506000000907632090700800070050010008000
608031004070800150300400080720098031403010870000070000007289360580003000200000900
004600093020800600006900248002708004009106705031050800008360000600400030010002086
000040090096000003430500008029000380040008057700120640004207910010430060008900034
009670010026439500000000002000947106000001307014000000381020090500000081697008230
002400000351680000806300001500026914090150000167090305000040203009001807000007040
000021400805730000610000730009000380406080000020357906700910004900075100051000670
000470002007106000002000710910007200820000500703051089090000328240098150000502040
070301000280704005300806702000060000090200000762030000405000067620400093030012458
030000000000700183070083952340000000895370021100804507010000805760200004080047000
000058314200930700000010080102003046600180907837000002380000000500060400976001003
720058900000090000504001208000073090000209043100600000008100372340807000200935180
006073000120846009730000802300010000078400010200738000003960070002387004080000920
050008970083000460790015000025000094070800302040000007509624730430001000060073000
098000070500000100000420000003050640050340007070200030731894000042060800865132700
720000000300500100018006007100460500003009001200810306401657920005080000860091004
504791003029080160000000004000170040040008001671002309010600050950200408030040006
020009560030700800807042000960507000040030970070004620405063708010000009200970400
000100000015603009006092030700526004204070100000940302087060493000000007960700250
000001070500306080090050200400975026002000090065410030004009000009037418870500309
001700002000102090800009160000270500602040980040800036293080040108000300570603009
005270840200309010000010320003000090900658002408030600004065080060800004301000965
530000600001000030200001809027060000008030400000820167010582300002610574600407010
103900027000030580042007000910060205800070300700509100068040002001203700050001034
070004013000030000319025047040086005053700600006000024490003070000900406061402090
000520760270060009008700042006309004400000900900240080300050491005900370000007528
004700016100000008070600403010036027030070500500801600080954360906007004000008905
000297450050800007000630801079180000600070089040009010064003000000008264010406370
085137000700480000020000710091050067003670920807200400600800100030000000078500296
009800605203006000060402709000510007305000001720609004006900003002175006540000012
005600014030502007910300006290805100073900600000030409042003060050020700080090540
300806010061007849000000603005670008400008500087030000902500000050710390704980050
083400001020700003105839200010080000504017009090200175800000900309100650060008700
030020540090007000050840000703015062004700003219000057000000100000201375371009024
084001900309427008070800010530000049790100280800630105060500002000700001000012700
405090072009500308100740000320068050007305004090000603006009407000187530051000000
059003700003004001070106092000360008201005640000900230400000080308500400507400913
080000030006840507401075800207009000008013009600700450879260300000000160002504070
004157002000080100561023000800001309010692004059300000002000400008719205000060038
002050008650700002180402050327040500000910400904000000006009084200004071041320600
604310200821965000007080000769540000000070084100036057010050020080001006905600000
050200008000080540004960300030000400087500003415003069061409205700002634000030700
106000594040109000002067003500080401204600030700204000400830006601072000030000215
850100230093052001200893000910008347380000006500034000470089003100006000000000902
000425300410700650003901002000609840701000000046010000650190080000050930039000165
003900027750030001001470080008107030049050000100090042210709053000300069906080000
907000000500029000000507190000003800830050200670041009000632005065418030043700028
700950400000100029639004001001680900040090000097400860050702310060009070074500600
932080100000093002045001900006958001103600000500000080350002000600305049007800325
800700000100000030273100580320017840050028069000560000594800610002000350031000070
100964050005710064040020091500000609008042735703500012250030100000009006000100000
300050819805900002921700006238060070704000381050000000012009000000008100603001490
000800300980600400710590620030200006460109702200070000005061007800700100109020560
070100906001900800006700400000604000219530000605007138100820700804370020000009081
000005719820600004005094060004080000080042300070006841100400900947068000068009002
000706200104000050500190300706842503005600478000010060041203000070900104903080000
290001070000760840040002900000000009000090500580307000800905723070280100023076458
780600419200040000010900002407020900000017020105300704040105270070000006350096040
053800040000400800080065091075028900009500206001900700100300060590076420600004100
804310060300760400700040000000000030057008900008024671400070089009480302182000006
701560008063900001000108009080071065600400003100350090000600002206810004510092000
018000004400950820520047000041098200035070000089020030002500907000703500100209006
280530604490700800070000030300008000008203541000050300050610490000405710000380206
348201007702050041000008039006805000050947002407060000004000105030020080500084006
040030701000407059093000420300004017001072900072060030539000000800200070100845600
090708062000000007278306090029000000004065973030087100000830001002000740085074030
760000500038700042000351700302609010800403600010000007076205000000000371940180006
000010537500080402003000090100408273305002000040736001000020000004960005239040708
700009180008300900920048375040000010076092403000400007000010004402067831050000060
089010004001400600500000310078500030900230057250008090035000748090300165000860000
700000501501007000004016300020053089490008700850074006209000000605090234300740000
060900413000306900000010085700092504600000072023100000807030001906501040402000309
005020631080050000071903800508062917000300008020800000307501406002670309800000000
000000004500140390497025610000000002000206045050870900083050060000000203625930081
420000060007000200609080005005090680002368517000500004730001008286040000091032700
000070800684501002051000300000000419000205687000800230405002000003006708816407500
090400310200730980070890040350000469400007002680009050000260104801900000704000090
003000210006403000009210000001704008874000000005620100302040601607302400050109730
001050000000040803054020170009310580035000401102475060506090000000560090928700000
017005000800200370200076018070590031084620000030000204005060007760009502000450003
053098020006250000240100007005002009080079005001000378000985040500041600490020500
070000080000601700041870602100209300460130090200000410090062000510007904300004027
340085100700290306820030409460350910580009670010400030100907005000003090000000000
701259006000460051050100070903000048108003260020800003000080520280000017005070600
706093200294508000030612000973006000608700032002900060060200048087000009000080070
209186073060450000010007006056001894938040001021060000003508000000010607002000300
920700064640080090003900708810605002030290801000000609785030200200060080060007000
289061000650380291013009000500902000008000000040050316300005804805006070000020530
080040030006001980050007460609400020704000000530102600890600004100084306060090810
060005034000060258040902710600070090070019060050624000205300000006008005190206040
003510980940300201871602000200045009539706804000000072000100040000060020100053000
059004300103502000600000580000006003908200001005010029002640000470128005801005046
008064120200310060104000008800002970390070000400900056580706001700009005003800092
300200001400030280016804700031020070800010690900500004020308107763090050000005020
905080027302000108070010094460200800501000000030045910700124600009803700000900050
017905020040600800090004057400176905100000048065030000600200070000001004250069380
107000040000080090900000300790501008304806000608049073030407820020150930870000050
200506003083000600009420800800040936032800000006309200000908040050600120194005700
604039007009070002030420060090000406140067023007000000000000000012700058385642019
240839100093470602800020040300060010001258430000900000000001026010080050670302000
000240030082009410004000900500098102410620000200001600073580009600100308040002701
560000930840006000000538604005040003039105070700003490080002700054001360900300800
800497065904062080250100090790040510002005900040600000008970340300800000010006009
072000800049010600510008200760000590190250046050000180001040060687320400000860000
450270010000060400208100705009007004034820006007000320703000048010684000005700690
400000067006700040075640200718005406000079008050800020290004075000260904041050000
740690003209803000003205070031009000900000060400710000028000634004108092590002007
493001500102500670000000040000100057340097002020005900030810705509003280006009030
000406100060130005090800000650703800907265314000000076800000630035021080016000007
750006081004000002000017003900201700001600000480500010029060140645190007300045600
090100000020900850003802000070603020346700005810594706007000090001058070080400360
108045200070300104064002800640001372207960000030204006406008000003000048001000003
307009080080750003041000950024300000709080000010492308000004800568010002000827500
400500809850200000006480002500603008049007060060900704010065080003004007075008041
004029036000008040370004005701800009006070400900240078060380200200007090037002064
160002809040680021802790000021007006050049170008000390200000000000068240615000900
100000209078902036006100000000010902200004003794203008050006001607380005002050690
020037540058009020370005908091700634080340001630090000000002000000000709763000102
006007510001920006097006040074100300030050000008060924709630008000209700013000690
210640780006800000040207091070000340439002008560900007004390000081000950007400030
310040070079013004000700301502070080100900706004630010080502000007004002920007058
008050000597001400042908006005070900900000050076580020000804030781025600204700010
504200063003000500617050040009008400700100035162040007480009306006020781200000000
001259000000803000932061000090008370000094500064070809503106000009080030476030100
436005080090300504005670200000800405000100070060040938007008300000090756950002840
600029403900070008004003506430000200562904701009000064340000600790240000100005900
609020003003089000100700009007310900015092037396005000260007300004203800500900040
902070401003009000140605003400780000307590000856430000700300500010068070600050809
000900602009021438003006759472000100390010070005004000608040090051300040030062000
500300009309008020080095310704001200600704158200000000906053071107200080000010900
070900603500270048601500029000800002319050060200367014004000005000008300937005000
801000002090000010000200430000000125509803640000504080710632594906005000350007800
090040080370000940064003002010820400086479035400006020000000710007510204901060000
090000380800005009001000004200300045049750803006480000002500700067020038900671450
080053700050000043403012600031860020004097005090000360005700400840000030006084509
000900000031605274268000000089052060005301009074000002740130608000040003090260700
030000867800006400407300052000068040100043605046950000025090004080030071903000500
380451200104000005275000040020800967001906000006040500007500001000794020032000750
100000003790000050835000716601483900348029060000500300000000509900605430023000600
400056078072003500006084000005130900087002400613000000320000009700300850150008607
009042100002708600408000902000860091890000070203904000080050003001030806305680700
002106040580000000030258609010092035720040016403615002041500003060000007000000200
600002109000490008500000200007030820069005703400706501070218900806509000010670000
500720100200000045001340020308407060010050079600000014070000080804573000060089057
000000000608724013027010056702400590094008071000007000300800060205103700800600302
890700000234809050050003009000902065009070004601034290075100406400200000002300070
008920000971603208003580700000400900190070004507109000310062089000800370004000020
500478900048602571300100084610049008080003005000001006004000010006020800030500602
400710065601800020000604890070028000260300908300500472100907503000000087000250000
000004105060782943029000070000000697940300050275009000600120509100450008350000000
000800000300002507895307012430000100200651734050400000000500048014006000920700650
002403100500069840094000005008000003005004786063580000080040907450020600010075400
690500001005000796107090030702000004360408072010070603006000108908004007400600050
084001900701649003090200060810000079240700850500890302060900008000400001000028600
000400900002079600098050104060290001009040007041008203030910058005300000084500310
600000038005064000002758600900087100048590307750002049019270000406000020500000003
150200003700006108608351000002900005070010000060023010000040560040039700580602049
900028050600004029700000800300090160026040000490306080504030090801250007239007000
074000065030050008082096347001000900200061780008035001005000476067520809000000000
390050874400000060070000315007300020618200039900006100002000006004167200700400580
035204700702136000060009030956002000240000008308091000500003471403000050620000080
300970000006000073048003009563490820020600300189000607000056032001209050090000008
005740006092083074080000000401030962007900100069005700200050001013008400900300057
347000029000000000081720000508276934000400100402030007800304251103050000200000093
903062010600007090007000503300704605006009001702300480000070000804290700509000142
005000704200906003049580006500730869970802000400000030038090600600200070002073008
003480500250000080098150730010809470905700008000005003009300601060204007000500809
800203500500000926042906000005098070090000630001030050008000090000721005250849307
001600007005780030004109286408000109396000070000905003207800600569402008000000700
004905000308000040659740130916073804700000090040000300001000403002406987007080000
310040070079013004000700301502070080100900706004630010080502000007004002920007058
480050630067108402000400000000090067970360050206000300600002073731009500000073004
006080910100725003070010002502360004400079520690540001000000108700800005025000400
700000000104806075003071460020410007010000092830060010000000840342108700006507003
090000380200008006008000005700800019029570804003910000001300200062080057500721960
095700800103490205086021070060070198000109300001602450000017004000000000807040500
200000100700028900009470603623100095048030000000809402000510340405600287000000001
000100000087409003001082090400795008105040300000230409053070921000000004270900630
000700030300000010197000502003190405040370201910280000509030020021040300006021900
209400170000200000840016200008060013031005000500032094700640900004020300602080740
070501006309008027608200401000000940520794060090862075041000000060000003800006004
500438000080500023001000087725006040090002008000970302350060204007090000008750190
000700000205003709083091040600350408094070001000060030006007205002530100050810306
010407020008600003090003005200075009500912080001060057003708060802500000409020508
000430000000158492800007030010000300603710200495020800708000000062941000130075004
800000630000027000041360709025009308106000920030480001310500200002100000900208107
020009056006305007000040102002010903060800205301000060600280034000401780004053020
052000080000056230430800079000160342900208000620070100170092000204305900090400000
000000009390002016860100070600005082150039607900200501237000408006427000000380000
002400791100057608007039005000705806000300500705026000600040002910080060000601903
090200007601070302007080009073400508000000970029008613502800000030160000760025030
006750380030109406107000090000070008700008063800035000009000604300560920062010035
000035080053470000086000735092700500060051200005002018008000357509800600010540000
461805020000002500020030800000400030109560402306900050204150007010006905007009001
620700030000050061503860040005080010970000080001596402030000807200038100006970004
006007800042003000800002030004031960007509300030060740003006050428090600705024008
061002003000305600008001259002100005009500728000700000190800460275490080000003507
360005000750001060208000000532900000800014036001203508080300042000109600105042003
001000230020370080000060719000720500860000972702085000300942050200000691080006004
000040007020010080870906052307480000200005803080700906900650700002001004648300500
879030000000000007000005410624017390700009020090302070010020580080090000230581709
067390400100040006008060031002058000051020849009100500005200104800013090900500080
004360280000012970087005000971020050602080397030004120003100000705200000000400530
050609000800020030701804590000748102000000460500000078473002800610000020290310040
019246080038070241000000000900000003021030090070105026004000800207051630060780010
002000030005076200409203561068002009000060000004090756703020080200458000056030090
630008027051027090000004300000009000500216040769435010040000280100040005000050461
490305010000907000705081009309004005050000204024000301287003906000806003006002007
002534070000090008904000630058040016060308090400010007376001002020700400000902083
050380000000020870000060000060000058590810200240970030900030000072408309380791604
290470000003001780000603590900147005000800000172036000851000270004700010730210000
003100600610000204000040070080024007930850002062703000000005019190000006256010743
080000005040709002071405083003806740709540608800903000000100096010090307500000800
006000091380200046000170200170000020800040000040700319450807060200030150007062430
900050200153002800000300950600001090790005103001704020004609082206403500010000007
400710065301900080000508490040076000690200108500100673800401907000000034000380000
092070000085060903430200807050620008060000501007805002600080030000006070524000689
000000907003008000024076850876053090510700040409060005387605021000007000205000009
005091038084000900030000627056900002003025810902470005008000070420056000000730200
853000149007030000000158000300086900600300415000741600900205006506003800702000001
002000170000600042900427800070984500058072430000500000006200301300040090580300720
065000387000006010000730069930000100621080900080090630300500091049060700150070200
060000002702103060000026590000908070900070050147500980003089700600400809209010005
306105000047800091908000306000002030080070600603008540004000003000031467002740980
002070000907200000345900672036020040401003006508000010074090000060710408000608907
031040060006002040900007002007900028618200400402000750003000085000583210000401076
309200000012305000760080340147892600900613700030700108021000000000001900000508030
200600508910485020400700009000003760052074000000806051004000175570008900300500080
900470006600200000870030000493020051760193040100050300016000007089000063240060500
024309100001002060703605040000080000200094830400000920970003084300000517010060302
607298340000000020308006000780913200006040070030607010070005082800100030043000760
000400005030009120070210009900000752021064000307005000264807003010650047000102800
150200300240007085000091000091406002060009010030000790087605230000073000410028060
300001008004600300521070040400018709200746000860900400040067800108090050000500097
000508072006017004070062000009004280084700015720030060000186903801003006300000008
510360800037080001800109534760000000240510080050098740000000608600003100100950000
031020804000600190000004273708105000004792080060040900103409600000000420409086000
004207010082050700001300028700920050290700080040006090009005370000400060356072800
920700045301500806560890170030000060009605000050000089400050230010928600080060000
109060250050000870000300960070050392500000106082000000840009020265400019017500030
000000000208730910059206084070000032502347000600090405801069350005800600006000090
069100300002086700500200048080067030100000009230001807000300074403709080098600200
000004500075618300000509680100300020750061800430980000008046000010000204043100078
692003008041008000800000600000800104000010902010004850060240003003001069174906085
071090004056700819040008730000900503030046008708150090007560080283000000000809000
809037000050908000302000908080000006000381400790062003400153069205000134900040000
740690003209803000003205070031009000900000060400710000028000634004108092590002007
000290417401870030250004908009708020003000680504020170000041700000580093000000800
030000075082103090104700003825070900090042600040910502500001304003087000060000008
050020040080604300400059087001000063000000704246070801018905000000106500005740018
090008520006752043000604807030000205002519070000020109400000602050040008079306000
490305010000907000705081009309004005050000204024000301287003906000806003006002007
000269008000108450003007100408710000007000001010850607050670800004900716602001005
031408700000090004082050061009006013016080000305010608098170006000002000654000027
300710086506009000080004250008000720620870000700403801207000410000047390100302000
029361708000000004675400300002000100031080007068072400804210006350000020000700043
040805007506030201020104083090003764450000000070018000200600805030080100805070400
001900000079610002634000050052891060000300080090540200003200006905103008120008005
701600390008701000200005041000209030870006002009003170500308067002500000360020089
871059630036820501040600008700000005050090000600010027008002170000108000007060283
600905800010200039890006040961850004000300100002400900009602003040108250206000400
040000208200580907001042300002007589004025000390060002750210090000070005060300021
065004200004095076030006000070040003340500900020908740090003604000050002453260800
007060000450920000029010070005370000701496052603005090910058006060000700070640001
000397004004806700070000050021000090090004010060915208600270030247501900000060102
408375000000100004016000073180037605200600030600008001041020980009040500002081300
070005090500046731100003004000009276000050103604000080000502308009731065301000020
007109000000067395006253107000008056090510200080000001001700800030041062420630000
000036100000200007000140082890064000410000960020801003000620815089000276600710400
300047010170809652280650400090004006000000007030005248013008005000012900040000081
000700500040000273002040006030000028080296000009804160020600780710028600690003410
001020398070090250090500000980034107307851000016070000000260005100085002000010809
000200039009600000000009006070382905092075083580006002000520068460030027210800000
200040007047926000000870400100080004074300218003200065010052030750000900006408070
000000019718000000309160700140603005000020087200790004800010400050837602090052001
050000201040072000002018704007043020090706108023000400035067810200050040009300002
902070401007001000510406002300680000205310000649520000800100700050038010100060504
750643200300027564006080079004398000070004030002506008007000040691400800080000000
269083000000020891100904000453700910002030000890005004006000000028007000741092530
040200100200090064607400008300020000812300040460078203100000090500040810784009500
020405006800200940106300020200003700007008260093507080060004002002031004004700015
042750600700003004100060027000930006876001009000006170000300760914002050007180040
300150000000803020001060503409000102032005008000020060093786410640001280008009030
240810006850700010001050298002030000600102935507008102000000309000201000005086700
010000068000486109056931270590708640002000080001050000300067000000000793100803400
000000000360710850805602740600908002530000670020067004001076090040000380050409060
000290417401870030250004908009708020003000680504020170000041700000580093000000800
030040179050091063000000005004900516900180700100600030307009604000807000690400820
060000290140039060090020003000005000801007600056082400670290001983400052010700080
040103750000070000000650008407960102820017000690000000560000490030490206010726500
000080004500006180000009603270853400104000005350210897460002000800000700030568200
708609034000030570000270008080007600907150003400300750174560080005902000090001000
050700000042001050087253096200090000504008200008300014309004780070000060826500003
801000002090000070000900340000000597504709280000503010940267138706005000120004700
050600243640039050003400000009206084300004000014000506007005100190008002800720405
018000004400510290560074000029053800071060000054080010005300902000805400200706001
030800650008056270570030900005070060080002107010360502060005810820000000050780400
000700060046200701580063020800010047900000800065378009700020603200090000600504102
231650008507010046004000020100260037070490015083500000000109004026000009000086050
200843000005200043740000021014036200050000107002051060000600510167005000008004730
980600010200009850004075006000000040090428031148003700000700160609001082030086000
600020040000840205200370690800610700901700000030002086040281903503007000000903060
200030400009604000004920038740500982900048000005219004073000050100002090690001800
007006500010203048080504002640000800853001904000600000594160307200050000060089005
609070400700042600004960753006003007000000320020090046340180065100650000005030900
400800205000070036000005010040098072390024000500010904050961020700400000021307608
902000060030501902070002034087916345305020000049300080006040008090050007000060050
730016058846500000090082700005721040000008070017300800409070280000005094000009010
007013000030000249689000103900370502000006004000524000000732061096400308020809000
300012000526347090000005043230000004700164300000003007002800750170026030060700010
032016000050000074468790002580000003006020050000500046075960008020850430000132000
600875300200039451003201068000756000026000900050920600800000004007500096900000570
002430006000020930450690702000000203200500009040012570085046020070058061020000800
007001385030007024805023006210050000500706030600009008000100672460870000700035000
010074900705396241000050083050000000006010390400703010009635020000100460000008035
006900200048760000700030896094103000001800002800070304400200000003690501607005409
130879602670000080080056000007060809316000407000000006041000578000098060008507030
700080000043960002100400080000000720030040915000750803906000301475813000020070508
610000000073058204002010050200000709038090100700102030057000391180034600306001000
200000090006802503000090086050061000030928710701540000060080002502010008400256900
700200091904060002008140060006050700503900026090306100082403070000600200070500610
031568000560479830008000006084000003020300500050700090200053047600100300000042015
600000301000041007184706090700000500009075400560390870000020050407589060906000700
200765300300040520701000600007500160000007030592601040000302400943000250020409000
038970000046258137002100090000309000420810500070000301300094206007000000094001070
040000096709061020020059100007600000080027601690100075000846000072003804408000003
027600300008030000095000007980000703000078062700009841079400000801062500253080070
720485600150030400803006705000700000507019000931060000008090540210000036300040008
670091040500028701180450000003010000900500000701209403247165030005000200000002005
002010703005600090971352000039705000008000030510803200090500380000906004050030019
000002064047813520900000300008305640300004070050067000064020090003609000020501406
520300000940001700701000000406090307105000420007000806004800002600003508059472063
000002600208360095017005030000006400136050087409008060800000374720000000003600128
020009056006305007000040102002010903060800205301000060600280034000401780004053020
600000208940280100002043009091830000000900017326700890030400600100396004060020000
000500008507000049020401007215308070800005300070942810700000490090004763030020000
800005009097060350500003800006357291901020000020000070003070980009500600250096003
905080027602000908070030065160800700208000000040012850500961200006703500000500090
130608002000570000050000004014800300629730400783400060000250006390060008200983000
150007000783052000000081035007100002529800300800263009008000050002500003900720016
750000000001068270800700000500100069406920058130086000000015003200034600080270504
097000000408100007002350408650008130000601040900000706300475000705910304009800500
632001749004007001080040230000000094056003872070450063020090400000704000008002300
006847200800900070203000490780060000000000069015490307020030700938701640000080900
609020003003089000100700009007310900015092037396005000260007300004203800500900040
600390075070001000489507060020835600030000000895000034350000002067008010008070906
820060000510700020406000078381040700200037900009028000900003005172804603630000000
805001906076900008920560004000000009009380000084105032090050081100800500008006407
007983000031026095086000230000000309000801650640005108000209010200157900000000506
370408560080500901010009000001804020023100600700002038038090000900280316200300000
009208700003104900860090000000420000657903040020050009000340050100002407002571036
000004000760800403304000006800051040913600052500000801072490085009000230038502000
000000000568301040000480062000053000900046701850902436702030600004507023000200004
000093280030080000087005000679040015120008090840000720018400050004250900002860300
685071040470050600000040008050400136020000570001030082019020860008006000730000014
020900753900080040007350280290800410004105002501000036002010500840620000010008000
079000085034000200286005000003604002600100409450000003040070018095403000701020904
490305010000907000705081009309004005050000204024000301287003906000806003006002007
892000000004091020001000000920150473003060090080009600630005700100927300070086109
800203500500000926042906000005098070090000630001030050008000090000721005250849307
006200040002080530350000900000500000270309681000000025821093400009001873007650010
080006000426305000137020005300600008700290000000180300815960400004001800060470950
805709201010000000000831900009008013700100520620003890170504000000300170380900002
920685000010402590000700000073208060000070083600003200300007001059064032200010850
009600704100700500040082009070001046000005001812096050400008270706050090005037400
640715082003026190082030007805901000006004000000070900000100405900200016004600270
080006000723905000614030007800500001900170000000320600491250700006007300070690450
900000230300706104046090000709801040003420007060000021095000008001650400008130052
000056000600142009020087000001030987700019003003400010010060070480000506370024190
502076001000100008080000460805007009304081670000500014293010780070000003150008900
000080240416205030200004100000800000604970523090500007000002601065310070120060050
021473900090600000504001873050198207402706005100004008008500720200040000000800000
200000090003107406000040023020063000070584960609270000090050001702010009500792800
801000002090000010000200430000000125509803640000504080710632594906005000350007800
010096270479302060000000008060070012208109700007600000321964080000050300080000601
800053020002000300030072906008201000074085010120706805080030200391000008006807000
600004507034000200900516003068032001050009042090005008800060735010900000306008100
063020800008760150570080200041002678752800004000307021009008006000001032200000000
000072100006000007005009000032510086800960010100040503600020040078090030043706291
705021090000087561106400000010090300059134270403000080000800005530040000000360908
348010050715060800600000000007600300180050706000100000263491070400870210000025060
040000107700540600805701030008060000030070005407105026009402000006007003104800279
408000612670001900910500700006700090700409000000605147060200079000187300807000400
000008010309600807001300956107235040000409201004100000092000060400070192500003080
070006005431900068000102700000050090904700003086310007040007380008003006063041500
093820000007053108008700290710309000082506031000000907079630000000007300060100780
030091000810305006097608531061903050000000008000704003529000310070502000000039020
600000038002045000008673200400057800026910403580004071017490000209000040800000002
002430006000020930450690702000000203200500009040012570085046020070058061020000800
030000580000007060005080372000040007046300005179056000300705046704010000208403709
046530001010264800090000040009100500250096700600057392030602480068000000020900000
697000008200007050000426039080059001060002390570040080004030060106095820050200000
001680203672000009000070004004038010010094700085000490037420586000801007508000000
008009502460250000002100460004000020500028006201960807003700000005030201006410390
014960372006300090030002000002008109700030000158020600490073021000004900680290000
840600000500009100200480960400530090700100002025008401082006000100000680900813204
007128005000003218210045700000802000540060000800594000002000904080017032405009060
103060008502008064064502307200000801080030020000089600001003082026040003030900400
400000050050800097892000400708900020015362004264070005081000600620005810040000070
620004090010008000900570312206750481800040900070001060080030000000400730364080500
000050008910408000063900745050000010291000004340020600000740050006081023580230001
400250790000700340027040006012004000080370000705100800070005030203000678001630250
000080900007020000042930801801602090406108750070045180305010400700000008100009007
580002074307950086910670002040000200009016700800000059000409607008021005000705000
278040065094000028100000403000003050783060000000891007007000980961430002000906001
340700192970048050000003000064000300020380064009064207000000006007602940206070030
807105000020006017100000068089000040300470029002019030000304900700902180294000300
007040025602090010190000083000302540236000100805000000008014050001500892503007400
060501000105400290400923000796050100000080003503009006320796400607000300000000672
305060020000030500408201730053080402070502000009010005602004150900100046500306000
396500020000690100007002650700813240014020000002057000001000036200104508058700000
038015000750000000040973086020100400073000690465709300010800200004021000080090043
007006809006400005000270060500300690080950072030601084170800400400105007005700200
300006000200018705170400093608005029900000500003629100020037650830000010009200007
700032506200060130039007000068005700090071358000890021810200003926000000000059000
081093020096007018000000000070860300560042109802050740008030004600000800230100605
000002450020504000005030080013940070046070190059010600008003900104009200900400861
000000060001609753090000108254901000000006500006700041010260004000140980068397200
006980000040500008280040700030010900000005814000694230194000070005409100067001403
708200091030070046246000078000000800407006903009020610003609780090081405000000100
061500090050009620000061405510090004038046000647050009270000300000400050400603170
501270000000004006700000120005928000270000900609410850000800004852009017004762005
861029000079010000405000000010006097080502030704093850190254000000007040040080520
304250000006000020050000380040509203620003008530062100065320019000000670000106805
300620501060000000002107063017960000600705394005000100200001000000542609149000035
095480070630070000701052900970004250506827000002000706009000002127006500000005030
045000830200850090079020410920548003031002500700000004360200900100400020090031000
300100000076302890000900260601070040005600007700820650513400080060700400047205000
603000047720001000008705300081020000247013600030900200000470103002100006100036072
400070080350802006086040720000920058008004000900080402200100900039000201000039874
607050010003401500800030204006090000072000056900064370068023040130800009000100038
005203640010649087096800013600050920120060300900700104001000700000080056007004000
500009400007582006280460709000008001630050207008020090000706045306800070075000100
000300100596470000030028495009240006050107084070500310107000042900002701002000000
718000359964530000000000010200070080000005023007620090401000060690052048502004007
002030085073004000400065023000310200009050600308040590910570360006020000007100850
406000723023705001000000080605017030700509046010000590000850300080103600001670050
820060793740500000039800041400008000008002450000654307000000902200980030004010075
082436090045080201006100000000001070000000820203879500021000357600000940009702006
140230570652800014000040068080000053009024080015008600090400800730000100000703040
030800000420070510600501208317008950060100400000297000145080020790600000080304000
048050160300400827100000000900806030001035000800040070007904302012573900000020056
090000002000001050200680000780156040504009600600030000107002390920307001068905024
300029004517830900000160007070000320800207009104050000601090000700481000098506200
020050870006207040040006132007180200000045760501700000100970024900000000670004390
600030052050080030073205001590000700200970546000048000020706089010053600306000005
000001042000230901010500037000190805000704020009352006003020000040003100678409250
002300000085079030470002001040003602806000500000086047908000420504090703360040090
000608029801000564000000708018070095970086200006005000100060900000300082004790316
000608009706190028089000060508001006000300000071050843300020004045063100800009507
050002000408570002000900158000600030900210540713080090504000003860304915000750000
300050819108700004249300006987020040604000928020000000065004000000005600802006470
200830009000520140040090005905000320406010090700000004004300002023609001579001830
000070306030000752567030090059040800040700000000100400020007014070014935310506007
001500702350002008240900000100007063426009050730804009673000080000006000000408675
310005007600070190700018300400020050207009060009406730000007003801600500002053680
790000600002500307500084200040056000609000835050073060001020900300400006960130082
007305820950100040080960300700051290009073106000090070496008000005000008000600951
490003700000006003368740001000007000000480910205031070904020060100370050500019320
090012753080340002327900041000063580000708300043000200050000000930581000018000400
000406700000000214548017060000172035003000090016905007002600001105709000064020500
020009056007508002000020709004090205070800901905000070300760028000902530002083090
950000200000624905026050300000000860680200001140863050360010080000000020502708094
203609100009000050004021079000090200531007006000560740005086003800030007390400560
008002065000003004004080237186007400420000350350004000001050620005308070070026040
020060431040000500003001082300907806090300200504120000900070300408000705200603049
720906080080007630600400090400600028035009000000240903067008204000504007048020009
003090620090400300502068094361250000084071000000043206130080000600000003057036000
200409610980610200561000000790060000052003076400200090040007003327000150019050000
000080625800001000260000700100704000700000942930605870080472003010056000042008507
070300800803057000400008637000400510148700090090800006002903060036001089004080700
000078000000030640603250800000800057518709463004000908300080016006310500200000704
695403020020180000187005309071200030540060702060001500000500073000807090000900008
000002687400050000603090040130007000050036791000905020005000300000584060924060578
609070400500064300007910865003006008000000230060080057380420091700530000005090700
030090800409205006070060450000620015006007004587000060003000600800056100701043502
945130000800700504000050800302001400000083920190020030036090040400500070070046209
900000020627000198410002600006001080000060240045308760700250006501003400000104005
169400002023900000070601900042150370301007050780000200000000107007040800038010094
090063408706400003050080000003004075065308200070050004000801047510040006047006009
007200380208031006004060900305026708800500020900008050780350204620000090000002800
012530079070940250000702340200000103700184000009003004090010400500397016000006000
009278030001000206800000759900004803080300000306007920028045007740980000090012000
080940350095602100306005004000200500260000030100870002900004610621307000030008020
070040060000065020500002000700000019351900048890010570037600052040003700005780036
920000800463020051000003429040100300130900600500307004000206000089001540302004070
050000100000309000002806040009034607030900080740000539460083951000075003300400708
000070000587021003400003798000008030145300980030095060050140000090006020310009450
000079005003000001561400000645800027000001009000050060092586743406020010807304000
742003910060708500000010006900006007205849000080000029608052740001000082007601000
087650902000701000600000001000300600368070050921046000714025860203807400050000000
100000003349100857007000102000060000900240760000790401503000900000413085482009006
100300004304865010700000000006250079820017006005600023049002300000000068580130002
023004000059301070706500302300900725000006000000702463130800200607003001000145000
927405300040028050851060427408000910700091006000840700000004080090002500200000003
090200007601070302007080009073400508000000970029008613502800000030160000760025030
604701502503006700000008030000800020150003948002079000000605074200080000476300810
013002060002030005005006402738015904001084007000073000090800010020300079087509000
540801020000020504090500860000002000307000090006390002270050300080237405105084200
500720100800000069003890020907108040020040086400000013030000050206354000080067094
005000480140000026802400900006200007050100000001040853090012530004008700013974060
160000084853460002000800050000104000700006120006070035004700001001040378080051046
052084090040900205900600004780010540020470300100006800001060000003000907470093068
050020040040903500700045031008000024000000609927060103075106000000504800006270015
408023601021008049060000200050000876140830090070600014080370000700086003030400000
020000000560010000038200514002800600715602800000305090201706000800100460003459020
205400008000020000478010000000084950000700800843950610502600000007009365604500270
215890070300000182000240503000007940920086010000059060079034020500000000800610009
000007003000420086615000000040105008050600029867002150700200890100809470000010062
485710002001000000360000570090300208010090000000500100104830027700160085600470309
000850190240100836000200000602048000050070309789501004800000507420005000001089040
549703006700005092620900050004030610000000040035608700000002960350009071400006030
003700060241003000007940200019000056030100020008000137304050671900004000102078040
105090040004500026080702009002050001500300082970104000200401067036000090800039050
000790300830400050701853000087310400000000670014260930000100004070035802052080000
670093010100608705005010600030002150408000900901360800000000000000726500060431207
250009004700001532030508000002300067040102090307006010100090306400007900809200040
904001608002350700050006090503900406070632009000000002000004320207090005065120004
000089001900173062000605008670020904005006073003000286009800405704060000500000037
078010030000530407002078000800103020060080300200005790000060100406351279009004006
360008047900240005840370000608000400200403500030600082700060300406702900003090100
008160500001300864047008300954200006003609240080040700030090617010006000700000050
001098007008060100360005240023001400400002630010007002080500900190706500600020704
030100008017000630900307000005000310003906802002050000026501900040090263789000105
000000491900406000070900000600070800845030027002840056037004009160780005050002073
000015002000000005209034007000903271702000003430807000003400050100300920924158030
100260090540301078063785240008100000300000020000047000000019700720530000605000839
070000080000601700041870602100209300460130090200000410090062000510007904300004027
080000070700050031154037900605000400009521008000000150061300700023749000007065800
520000907960002800308500001000005794000700160090000008634800009052937080070000203
006090725000007030097000006010200680050000402064109300079814203600030000000906170
009027360000005070150036000500000203731200600000560140060372900304050780070080000
790813620000024008842000001031090007209008010604150000000780005057000000900300042
800204005050013079000058020003960250200500900001040703005000180068300007074100002
009017032010900040008050007200396001106700923007000000501000080000009310063401059
087000009023000756010570030070620043200000010000459007360704500100000074050080690
951870403008540009403600800845100297700004000320700000000060900000080672000900008
600804010500209086020600937005301000004700090003086521310060004006023000700000060
600000980500769210200003657375102008100300090060400020000070500700000142900001070
640083700030010060082007130008530001000000902070900305407300806060048000000726010
900180503040000001503000702075300009600520830002000100269000008400009216801000904
000270190604010500091006200010005300003040050800097610078609430540020001000001060
007051002095000060106209050004000030900400201000032406080007640760540000401090720
809020137060087000004009800740130692005002010003600000006753001930000080002900400
080517004590804000001036000200050040400780630000000501005100020030205000927068053
007000680980600000031040000000980000190300068820764019068097104700130852000000000
065204080200001043000090500800750000050006230073010850010807460700009015036005000
000000000090180465386400200814700900000800006070010000143008709007030024000504613
370000020010020435500060000960045200000000310030802060426701053090530600003000701
090001004003040025200075006750080009800200007060097401401000008080013060020809043
070124008010007040080000000050470800709602003862000000000038150620010407530040280
300967802270003610500000000082050370005004900009081000603000028050230004020108500
640000000089001060320700190403600080097054000060000009204060030038170906070540001
170000403590020078000000090000097560060530900905406010703009006600040830080600059
600000100500740320027105006200670908003209050908000200000007590800000004792014060
200000017500980000140000000090415062000730900005608140950104308300079600007050020
000569328020000057000270000056040803304000061001600405905000002000008130130006049
400003008200007600810000040000074006704310050630020000978500060002698003301042009
050002004001050308304890500803207406010040970200009000000603740530001060406005000
080000070700050031154037900605000400009521008000000150061300700023749000007065800
085000290600800001401005000204003180109006000800400350562048010918002070700000020
981506200053002007000000000300061802090820170008700060016045709200000450007090006
002603000308900000000801500090205634400000952025000701006300105570060800000047026
015009823070204060020000000000090001040083600396502040004965000060000497039047000
870390000006000703000005840204053010510400300307109520002016000040000200908700630
065000387000005020000740061970000400158020600030050710500200076027030100610070200
003700085190040030080030000030904000007010204960200003000000351510362078378000020
809203000006190200501608000000902000708001526204000300037000900000000840082016735
004130270376900040000080060780600050000700900109023087407860590200000810008090000
004060900001957006060840002050700060047380000002416057000570200000600008500194003
810730000700100680000006104970200500001000040600857301030090000059600807008073250
860030192090000050715009600087040200000870000420050009302000000600503924009200076
020705080000003960000861500060407350040589010010300700004000100250070039809050600
080000091051000086400085237602001345804039000507406908000002100045960000000000000
230070000000010030708520196050007008060098504004050000870001069609740080003009002
005030004379001580040090723603002000500970600080003095900058002000020300032400009
005000069900014300021000000008020001400186025610050840000948003209001008004702090
002900840000100560081406000604007900873040106025008000009700600006002753008000204
074601250030597060001000800100063700000029018700150900006000070210040000459002080
019004000802510609643900052090700521006000734000000890000008010060300400207050003
000480001504070200017056090000031000730002680450690010090800005046000027000900368
010407020008600003090003005200075009500912080001060057003708060802500000409020508
000405700000073260009210005008500003167008504235700198090000040710000000006302900
070100000140058607060400018950000003300710009004830500090040200035901004001020930
346801009208004060590600800400300201000000600912065000000096002850073010004010007
130608002000790000090000004043800100912450800856100020000380005420010003300964000
954180007020060901300907200037008400006010703009070108000021560002000070000600802
605900740020603010900050300300001056000400007706508090080000000400205103207309580
348010050715060800600000000007600300180050706000100000263491070400870210000025060
601004200790103650000900001000390006036040098950008002000000803800205900023079005
270019000900700031036045070000000050050468100009030068500004706400073820600050009
002000640715000900004083205000002000520000086068010402000408310451000807003020560
007050980508020700600809003000002500100090027059701600400200109800900060920067008
010680042900025801872401009007000050230000978080000400721800304006007005400000000
600008000738600402120370600000000326362100000854060007200801005003000270001700060
000000480009010620000980010901040052526300870300507096005000200030170040007005960
054000000100804205263050100400500017075029408019000020508041600900000043000090001
100084700082907300740000005070000023360100000214053000009408200030002908007300016
000007640706405001324169758000000806500700010600910400203000907800300000040800100
000309208019700005308006700000004000627500019000120306070960002001000900980405160
000200500605810004802070196001902050063004080007060049024590063000000910000601000
020460090400057680709000030046000008030006014500001200051034006000090500080670129
200701000018200569040060070100086300070400850400300010030600000900037020620005134
903062010800003020005000903200806704008001009304200150000020000107690500402000376
600020040000450609200380170300910800406200000050004037030591406509008000000702090
950080400014003065062490000070010090000040700000007140290000010006129004103750280
010400908803100204000020001236700095050000007187000000020050460000936502509014000
502867900100009060030000807006004390400006100850070040005030604068010700300608500
005009072040000080200518600764100208139060007008304006070001360010006090000900020
048000000503008104100500006209085413430000080080100090050800000070201360902060078
000004000091502400270003516010065903700000840029038000950001204100200050002900007
006105000520090000000062005061500200008930001309200048030040802602307904000020560
780004300060000100300009840090041580870300000005000200908436001030500408500802063
012530079070940250000702340200000103700184000009003004090010400500397016000006000
008096004100007000047020369680009500004000290900203080070080100006075030250300908
050210000278060100600308200030070000400052009007809002700503480820001000105700023
020059030309010000040000906195004000200067500008093210906045000402001680500080070
310085400050302010840000093006254030003006108970000006091007300000500601000008024
861029000053010000702000000020006039030108040409035610590381000000002050070050190
092608050315904000084000030003567008056010304907000000401096002000702903000000040
000500000265030081007060350403000690002600008001845700910070006700450010008020904
083400001020700003105839200010080000504017009090200175800000900309100650060008700
010900020500001003860200510070103000090700085306090072600000007002070031740352600
100400700080302000000057200420976000000100800610084020240000681801000074560840090
400000003030910005120305849054098600000000538000001497200650071003000200500470000
005200981400069307907031000000010709100000020000304500060903000329005046000080293
060530008081006005003728164300000080000000570706000042050087006178904003000000807
900000700250109084100003020406090003021648905079000000834007060000001300015200090
750100060000020000006700320021000843504000170300004652960008000210049036070301000
200784000000050674574000080409020708600017000050400306005600000040872109090000062
900000430040500700073002008510000070000070009084005203400206000250040687806751020
530000600007000030600001207084050000001060500000810924090327400003490162400106070
901060200000050003530810067350001408800030000040085021100008000405006030600509702
906700002504309800730020090371002400000436071000070500000200000183900620000048700
008050030027900050050470290781500006000300000030100574200009060800210003503040910
000000291005020840910000035001900050000501007507038160020004903400810002100690500
003086594020103000400050000000000031010300248090800056901030400034025009050400073
031040060007006090400005001004500072176900400805000910002000038000493250000207049
600008000532900408180340200000000641495700000861030009300205004004000150008100020
010005736054030900002010800280400000000000503960100004091078060020900350370024100
709060401000187000106000780004800910502600007010503600040030170060050000900014306
260045000000600025035020140007000000820751003010400607600003074370068509001900000
105009806780406502000008000004890000250000960010005370008050023000001000941302607
000000306506083100839601250065030010000507000490800563000070035000300900078050002
500040980300950206809600000002004360900360000003005190090510837008700002701080000
697000008200007050000426039080059001060002390570040080004030060106095820050200000
302070890090800104080039725000700008010953060020000500076084001208007040100060000
085039021403070005020010000008357400100602038004100006000780003070000140040021007
280603741350002960060900000012030579005020306003170000020007000506208003000000020
030058064074206000002000100000502006006801732213000000005907300000000520327480600
400010500703900040100002930090068405040700100067030200075609300630041059000000080
000008600804009001970560230000927103790010060032000009603040010000800000507091820
789000000006200013100090070001000030000031402834900001300009140005746328008302000
900640008500000014436008900091004580005020400804009000040003800108002090003906701
070302060003780502200040010307005089190000750000009400050910003030057100004630020
710000004400092708020073000051060800360000900000819630180236450600000080040080006
760092000230000640048006001412000060050100803307900000600249100000000004094713006
010075008005810006070000041802040013100308000050900087940102700500030890003009060
000004607700005492000070000020000000509000006600748009368050914004800765900010328
004080905680350000900400000000503001400270380109004752001008076708600090006000520
003129058060000940020004300080540793130080506050200000000000105010098000048005230
607000108040780020008010900064501003000003690790600010800120060500360700076000201
030600700047300000000701432690010000000506301703900604052190000000000043069830105
050347008083650100060100002008200700102400986039070000000703200020016003096000800
203040000045009001000000603701460095060002010500003060050206030906507428802300000
040500200003600080120780095482300600600040307000900040200057104010096000708000902
040008090000650100002000508800001230960502000207400800000304900501020364039805001
038970000027541389005300060000104000410860500070000801200038604001000000084009020
029604000800902000006170800000400080503820000080507001700240310065010940300700620
053098020009210000280300005002003004070064002004000518000541070300082600120030800
008160500005200364064003100189400006007608950050090200030010827070006000500000010
006810030042000005315024000004006090009000426600092580058000000000950842007080150
005903000620040500900005136007050004040600015106094070030029600500708000000536080
005009000830700006200608700340000500082060370507090682400831005000970030023000090
030004001084600003000305940008900100000006024726031050240100387070000010100758000
871059630036820501040600008700000005050090000600010027008002170000108000007060283
020059030309010000040000906195004000200067500008093210906045000402001680500080070
000209800819007025600080300964001003000090000030806759000010570387005000500028900
027940000608713005043000070800320000000061089006897002060000197050000240000072050
015009470000008001000700865009034000430200009002690503000800030028070106673000204
060090000500000407078056009680027900900000086057080030809300070106805090000062801
100234900906500034400007052007000005004006300060001008500609803700085409000400021
000000940027190000915304082150800060070410000008500019000040053094650070501007000
000076048007000003600030702200703001075001006080092037708000200090800300402615009
079006200008002090000090057003065700060207000702089400030001082900600501601008370
006070500010890007290300680002000050050703026300620809005007938930068000000009005
046000030000000902900004000020896400401305000390402005080000027019020360004061589
007000680360800000091070000000690000240500019980721065019032806700160952000000000
006000258300000600027000003958700030001068940460910080504207001000500024600800090
400107856020850043050004270001000060040000781206980000004000000060010407002340018
005000704200906003049580006500730869970802000400000030038090600600200070002073008
210090300050063800600200005007600580000089720000540163000000451001350208000820030
700000090020004308984002507300029640269705003000000279092060000000200000610803900
800090070710540300030706045300070058008030010062004030920360000007050200000407590
080100026705004030002560080008000090270050000410038752000845600800706200000012040
050860000302000860460173900000000100031000079006300005500640020124030090087025003
800700004060000820000290300005000009200930040140820630520109403007002000410586900
060201094032807500000604002000003059003029600050006013300005020920010045018400000
608031004070800150300400080720098031403010870000070000007289360580003000200000900
500492070000517000720068000605000020802041000007230010200804000070920480040106007
083670019906013042172500300090206000817000000000100008600058000041000000020361090
005103600006700500403006012000467809607000020050300700008930004700204006201000390
407020000006150400300090560000000905013270006740005132000701254265000703000030000
000100920907000001310000500000002053700840009085931002000014090069300004430098206
080000200124090357063020004032940500705010600000030000000400020458172003070003040
000206809280041000043000107307002005000580006150070030006004571790050000400307090
300069001080105003901070060047600210000204000610907048000400005120030097000700602
010000020002806074605302080020600005003027000006900132809071053200060009004080007
700200000038740921000080607904050708080090005000460000000035492005001800802604100
800547260072600000090000708008700026005936040063000100300200070057400682009070000
004070003639000008170203400986047000000038001010600000000700304460000705702314080
850230070000069080000150040060807019780910000009305060071500026030000000098000354
035800710809075403104602800400000000002507000090200000010789004000300001983400607
700840090090001008081963070100300500307400820000050000214600700030700206006012040
009100030028009510010008600650070940004090800900035700200007190046903270007500000
350240090000067000000300020100020937903870004074050810207000640801000000069480070
706013080040080012080005406000706090408050000073028000000060024500090078060830051
803007604960010850000830010205003000000005760000400230020000086001389072030650100
102050976500307040640000800008070000050049600006003590070090260000708050805000714
930860070000701900005030000750000430214098750063000200508070002341005600000000095
057061000002075104001800050006209731029380005000050009043000008760030010005790000
400000503910345002050800060009708000060000140201406308504000700020004081030907004
060401030003002106508006004007004260430007809050380000020000980070690000305008640
010904806650030074040080000706800002020300600800620045070013008184000700000200409
000050008190702000035400276050000080679000003480060700000120030007045021510830004
540960270070205600002000500100700300300401020720050408400107062290800700800000003
004000760586000390090500410600380000070000000900600073300210007241760009060495200
000005719810900002009074030004090000070018300080006271300600500568041000042009008
674508923009200780002000000103000007200050001096870005048006000005783002700900060
017058900003000008060210570400090002070030609805062300700040080609700431080001000
206803010037901604950060000000000000000605002625798000068030100090007360004086009
075960032006001090009240010000012600007000100210050008780006500503820001000034207
480206000305047060009000200700980021104602000000500090200060007946708002500009140
050007000001000285209015060920006170500100400100304050002008030005941020706000041
005060084470900126609080750980000260000006300006097015024079000090508000000000490
078920000012004608400070039080090020100402750040760800001040000600309107895000000
920000630000000010016020907279080050403001800050037200100092760080746000000015300
000480001803070900074059080000065000480001620360840050010300006036000018000700235
100003500940060010050129006634000050710600020209450003590006080007304900000900007
030090067000000100082000009940607021760003000210800730020000004354000078879436000
154000097208600013000910840300070000542103000000204050039000270020000060601800035
006000050020450080840006709764200000203001400081004230408190000600030007102040800
000000720192005400008402006003084070040053061605000003409020610206010004000340005
020001760900540000001020905000800040056009001049013570270000490680950010000082003
085290004004708000100000680418605209000032800070000010000580921042960000901000008
300160409160004070008009100510072600000000200480006507030405002024300905090600700
600300408405701206378400009000500000009000804500000067006804193003000002807902600
001000549605300010000500020700906208030240000060801790003409000190080450046020003
080500930720000000003476005309045702070000003800039060094350608000000059058607000
604000958051608300870305000415900600080000000000750030300070501020006000508104760
083002754005000600207005910000100305008050020070040000000609237000524008826301000
710003298302801500000072100807304610034600000100780300001000000023000750600090030
293086004071000583080000000040000200050230410309000765000400020007652040000018057
096007000701406000200109030000000400920740000040501208400215000069073100310600805
014300020007208104603010075040020000009006513000090480000530000058070090072001350
537800200901050400048007005000000000004986003000740109079601004410000078602400900
200750090109206004085400062000000078040000039803090045000070000702640910600905007
000003400095467000000080901900050080001000605007806149340108096580300000009640300
200003400030100800070054000306090008004037620897006504003500700510068903009000005
050200008000030540009670200020000700074300001936007082097503104400002359000090800
107260380030901020000300001050007000761003049040000705000008400400030802980140650
080040310760000000015000472500089100006200703097300200070003608000001040600078931
500030812604018090030000000008600050057190006090300140702960508900070400060040009
581004090070080050000170840000001600200040905809560020020408000000310489498000030
509603070324001060080000130600039487400200310070064000000540000800020650000310009
507009600020060000000200705001038204400502970002074861100090080045020090000100340
520000907960002800308500001000005794000700160090000008634800009052937080070000203
002000150008450760650109302010526080000004010070001005901045000003200090006010804
503008406008000000090602103000801000170020048806040902900083000062004890007060305
050060371000400200012573060805910400000307580600000700700105000030008050046002108
076000802000080900050200064040070580731800406060094000020030050300520600180067200
005000300004205706010089500001024800002870140708000005470050002500300400003490058
004008153002400800810037000401003082008052061700080000063810500080000629005070000
130807250200040071000000043000570000000904625005600037302100084710003000040780002
403921570600400820020056390010080060000210007970504000000000009806000032507630000
200070039000038001090405000800050006600000170430617800900700280368000907027800003
050000100000603000004809070005027609090100020420000751730084265000076003200500407
000957040400000580502804006001546030008002057000700210000208000729300060083000705
100700080005094076076080004063002040400530007700006020600800001510009408300407500
000300289000921050092000000060040700900000000107000040500062091009135807018097532
005040902000000003147000608360071524002000160000069800908310000620580000401700080
273000801094010006050040279040520000609000083000306010000059008030104000560007104
400006785090200300063704001076910000904030500200075100100800000002500000057100238
002400791700032605001075008000501302000700100208096000800050007590010020000209803
000561000581030796400000030702348901010007003800000002040200000200890010079006804
900010803500080000004000619000504038035060027001700000650302401309000085100009370
305190706060270348020340050010002003000480572500007600450009007000000831000020000
000100000017803005006029070800691007203080600000230509068040731000000008140300960
000002000000580007284030500143650072070803090690001350000060080900420705006010200
920807040713240058000000000600009800039000070008002500302750480040090132801400000
064000000008400039139200004000003040006100300301070968807391400600048120000020800
006008009340009001179230054580060027002000406030024080000000170060012500015000002
062030000190020360500004091309000070025743006700100800001407059908065000050000700
000000009340502100078010325804100500020006000013000604201603000407291006500008003
000076230804050000032189000503907000070000001640200050020500080451890000306001045
007009200102007600005800030409305781516080003008012000000200006200000040900408352
549703006700005092620900050004030610000000040035608700000002960350009071400006030
070000050280950036300021000430200000016000709090070400008010670650008902020605340
073405900040613007005209130400060000007002403010000270580930720004700000000806300
400200583600008194830005002004580901000042057060030000070053049008009000000804006
002400000351680000806300001500026914090150000167090305000040203009001807000007040
402501673067030090000000085000003016030002000170800002010006500700100409053409701
050007093600035071040901000000043009030079000900106085500608034090000067362000010
352060910000500204100027000000270001760400002028050090000308000840005329093600070
000903060960480120000006509084000350100034700306070000430102000071040035050000410
046073918900400302080105406002300009000800000090627100000048023004702090007000060
710480060090050070004030908000040090080300020630208045000500000027001059560970201
800009006092006510600350900086591000040000050009800201905030100003070008070902045
009205107150007400046008050000482010200000085081506704018000503900004070000003200
600080095004065008080007600430600902068009300059403000020000047100094500006700209
083052490900030160006409500400000270201700306000006010670500930509100600010003000
420703000809002000617905300150009403000000506046000020000804001294000608780250000
002701000170045200058000047000000020087410690900500700006250080820134500045008000
007004060049200180100870003003000010060400000284137500900008402070300809028500070
060842000002097003590003728043021680900468007608000000100759300000000000079006000
030800650005041820860050100006010030010002508040360709090004280520000000080120900
003609000000024038102738960000006307607080590800000000000470859004005001758001000
980507600000000000010203079005000382400850006870002004000900431340086507150000060
007500000150063009008409506001020700200900104009054020802700640090600200700302900
180096400000700530970002006031004608000620001700050040092060174800309060004007000
508360091000004265010900000700103000300270016009400302801002503690500000005030009
400100060090500000360049050280004005034090870000700400001653007800910030703028010
900001000432509010000800290001096020023050009040008051704060080005710906006002007
003005006407062903002300700600007300209040605005029040500030800310096570000008200
000000907003008000024076850876053090510700040409060005387605021000007000205000009
501006890000000000000020041286050034450000120000264700100840070970631485000700000
900000430030100800018009002340000060000050004096001308800702000150040287204385090
007000058150786000200001600408002000030907005710000900900070021006020403821005709
005003078000001002006000005094637000170582004000094703300010000040270036587000210
004023760180006900006580000049005216008001003010000000065900007090007641730000520
000000100060037009010028000059006200230810560086452000340001906600200007500000842
005009072040000080200518600764100208139060007008304006070001360010006090000900020
708500200091304000403280000002705641000030080600020300130000400000056003527000916
508306200200000871091070360930000640820004010000060729080407050005000900600900080
600590000940030006070800000003000105050618070067053824584160200700280000010000600
008400000070609410010000907827060000050701060301004070080006351093002700000075209
806910027090007643457603000209001400004200009000008300040300006000160000600042790
080200000000487200027600050004003607192070800670040501000002005005014000006350172
000561000581030796400000030702348901010007003800000002040200000200890010079006804
380160000050000901760294005647002300000000000095300208003000000514009082020708140
860000024002000000301240000023980070600030402500000893080000051205098600407502300
001003005007109263300000080800000300070910602209030000100026750692075000754300000
706390080035700010000040630004007000000003028590460370003209706067805042100000000
000008190080270036067930400100805060700360010000007952050000300079000680608090005
954180007060030901100609800015008400002090105006040203000023760009000010000700509
000000002310000700208035004931208400600400090050690020090064001147800005506370000
400175006012460009000092054000000038007004000030800540070021405904003610060009020
030090200960500041200810007702600058456000109103000000000003700020000583079080602
000009208248000310196830050900000075700900843485076000030080504000063000001000030
000040007020010080870906052307480000200005803080700906900650700002001004648300500
100600070659000200730000000000020890002470310040108762000082036000760480006904500
004985010050046029003200050598170300002050000037000000400000208316020490085600000
480003015005070290020501000078006042200030001060402008030000107050007600047065009
005903000470050900600001358001070009050300084307094010030025800100409000000687090
010003802500001040078205030000007920009030015207094000700008500390040070020709063
700010005305006108086000000038724061004190003517060009000000000003070092009052407
100370000273590100050410302490000086001000000060085420010629050600003710009100000
802760000000408000000210007100040090008057010090120073200500009547091200003600145
800502004095604800064001000009407206607000009382000047030045000500310062000700300
006907010097000854200540000602095030400000005005400207703800040060304001100200980
035486291000090003006102405304009500002050008900013000000000049000308100417000302
040000709001075000073942850300704005000206083450380060786000000510400002000500008
600020009900450610203060007360002940009030081080010000004300000000000560896145720
700009180008300900920048375040000010076092403000400007000010004402067831050000060
004097800756080490000000006043100700500006302007034100800001004600049013019020600
200080630090040700600073005002000500500004100807536042700400089004300210103860000
007001040002070306361024570009007400070086020250309080008000000640002100903060007
400980600805070039030500402052001806004000201180007593000000020279005004000040008
204096305000782410618534000700200040001070059950000030500020104003400070400000000
002300450007200603430005102000123876600004300000096014080060730000087001001000008
060201094032807500000604002000003059003029600050006013300005020920010045018400000
170240080680700400000000670700083005051000904002590800007000000300879206520004710
052601309000050400890002650004030900000007000601029503006095802040810700078000005
010700030380005002072609000060000800248006950000590000820050046700400098400007325
001900004040000030300487900100060000960001280207098416520070040000800390000056027
000050723007400600000738540700003090003960105000200000001396050000810004892000361
070632040402000370395400002241080059057000060830059000000000010000200097000975200
080000075730980006040007001670139508314000600000200003408690037060000000003500064
003090008000010000219070064001008000830009652402030089074080596000000023900060801
249005100003000570010003006800401029900067381070090640020006900500032000000004802
010000007804027500700614983006201830098003000002400001000000478547006300900040000
010030060200851040008007003900000374050409800420700006005300190009026035102000007
780004300060000400500003780030082560470900000006000800103576008090400107800209053
070850290260304080005000400006010300153002000000506024630025041902100035000003000
861029000079010000405000000010006097080502030704093850190254000000007040040080520
000004060000070308007020100156802009400500080803709051005290016900005004380007500
065197342300000009190000605086000107050000030000000296500024900000010500002635084
070850290260304080005000400006010300153002000000506024630025041902100035000003000
004600093070400200009800476007309002002704109091080700003540000700100050040002018
000030860306000020100625030502067000038000607069003001870050900021040008940000012
080600001100070540092400030024580309800300010030700006200106704310007000700800103
039004817500970062060100000910000506840060070005091280000006000106305724000000005
058200060020080900000060030540190308001638049003507026000010003060000704007004690
190000260450002007000090154046819000730240000081000000300950010010406073000080540
100705040002008059540009008083051002400007080009002403060000804000504000204086507
003700012760185930010000000600050301030041090400006020209503086050098270008000000
704000603830007500000805070010906030598000107076158009000540020127680000600000000
400583000000000009005970041200716480074008000806040007500091300980025174100000000
000009000380057006290010734000104508604090070803700400030000000900002140002683907
006070310082003009003900007037005190500091706600000000200830500000507960405120070
200605731006809000500021000000400307420000090000902005010080504600104203742000810
804010000309000025006000849090301764640020000731000502000730006007090000913205000
264908753750030800000500102020000407647080230093070080006000000010053000082001000
000009000380057006290010734000104508604090070803700400030000000900002140002683907
307804095400007600006201470800000520054009067900008000080073040000082000700105206
071390005830002001050807430000900000000064098690008000507000183000073502000580076
700010005305006108086000000038724061004190003517060009000000000003070092009052407
000009070080500300007328954740003205832050410000004000205000006604095103308000000
050609000600010040702408690000382409000000810800000052521007900480000020960520070
400000500007960000025710308030682050096300080002091007000103005000029000273050049
009200306570100000008509004090000005832000091050092870060005039410906000080003640
010003200062810000345000019090006008624000001008230074009001000080370905000902140
700006120020005096160003857500804370040009060090100500070400005400500080900002704
000000201010302600709560038001004000902600010800009005235978040600030080000026590
005003078000001002006000005094637000170582004000094703300010000040270036587000210
500000308701560000908040060309020500047000002006804930003001806670000020010730450
010098507024060109080010000000100090307052008001800405006000003159023004000089701
006070500010890007290300680002000050050703026300620809005007938930068000000009005
000870004060900028000246701049507000006080090203009000005700080002350609700628050
060500000807000500500018700070903064413607900080102375000031407030000250009700000
050041826030000050148026070016002000003807040800600015060000004085093100097000008
006502431205090007000000529009050000001620908730049050820704090004900082090000000
208060000000020078100000003706002945030704002942000030615000004020006007079215300
870010000029040751000705009730050090006100085050908004103020940000007003540091000
000670093932100780005803000508000030600059008020460010003280069019000040806000050
000008010901600805004500269502486030000902508007300000053000080700060394600007050
280700040705004000004230587000807152570040039000000000000000200600425093030608405
005290000096010200108003050000500430010402008034906020000057002400020006052104803
736405009900300600002706000000500070580902306129000000000000700001830020075260891
007302000000071643013009070065910024004000000809064500001708050000435080450020000
050380000000020870000060000060000058590810200240970030900030000072408309380791604
000000006621500047870000000006900400702000503384057192200409630900010200000200019
097040050040903207020060439000009000762350008030106000004001000170428005006705000
700400280000100000600082174047020310008090020000700008070650840260041050800270001
200700000106090070005340192304080760060570004500100009007905806009000001050420030
000000900195037280008020503061792008000000100040305069000008300413200000780003650
030100008097000130100503000001000480003705609006040000019402800040030291762000304
300408270005720034074000000419075000000080400008003710103000027050217003080090001
018900500023584100069300807901007003650100970800050004106008005000200700000030090
500008062098004301207000009020090500850402076900001204000000007065080420040200605
100400035000018746094005000060189050000000087030040692007802060000034000900001324
802010000030009000500807100000090436461005080000040017300004001615020008720001653
903620000000010690078009120000070000000098032507040080060980047200000816701260050
003008400006003812820401000009700086600100004507006030902000000350600001760059340
740060300000400720120000005360500109504020800009030040007800650608001900400300287
708006095610059403009008726000603040000015000003000019825070061000000970074000800
430207509087000061109806002800000705304000206090000000070021003600048007503000120
000900602009021438003006759472000100390010070005004000608040090051300040030062000
007900010000703260006040500085000030100530000009078045023405971900027304000000820
000900400000062709003500210000020980800000340300840605001004523000605890570090160
030000090020093108096180300000720080603008920040009006080045607065000009010602030
006900700103070940000126058310800062200065104900000007500709600001080270038000000
048001005310960080270845090020400010001020046000000300403209000080350672700080000
302070890090800104080039725000700008010953060020000500076084001208007040100060000
137005209900320108004000753090002000000093070210070030000031090650040020370050010
970300015805400006600500089060030072050286100004070608500042900201000000490800000
000000400756410200020050180009074010300000700074301065008706003002000600630240801
020000071040080060070260083006002008007314025053090000900150030000830047700006850
002004050000213086009507030000046103300000847400000000903060072507309018000875000
053800040000400800080065091075028900009500206001900700100300060590076420600004100
000750903005081006060030845000910700000072504200500000906847002520000087040000039
075300020000070000230509471800000047060740000002850160013060090000100500490230810
010540030070010000800097206180000003042173605063000120600009050000421800001065000
406100098200605001900084050005008070020709500080521000010402900700936005009000300
900260300100000009706034001645703000000006007007025086000308020570000800832570004
930100000851600040600008719086000003000000125509730080790080031060001090020040600
000007030170060802408130005301700089950300100000906050040200000502804690000050074
720098406040206079600000000050300040310700500200010093063100080080054307007003004
801000500050902040040710008000008920080000005260073000520837010418609000030004850
008200007745930008061800000800000023029786015100320700690500040000470000003092000
609000800000000052070390610201740390004000060060900078800007009007069183000583040
010607400000000201009108003102800005980205700037964028006000004021006050400031000
070960000900010703002308095000704002030200871000100904085007409407009300309000007
970000580000500403080490007006830905830000001050001708000314009043009020100056300
300090000007082000000003070846000020000000386700009541075430210080907004020518037
204070001005040602000902000007319060408706009030004700003407200786200050042500000
005740006092083074080000000401030962007900100069005700200050001013008400900300057
501042080728516040000083002003290806900071005000060000000600400802059000679030000
070100906005600400009200100000706000864530000207008693700860300306970080000002061
700000000104806075003071460020410007010000092830060010000000840342108700006507003
010070350203000004800123000000240038030001507198005000900300000020980640304002905
100050208605040007004000506000074000500621309217008460003000020900200700400015803
590081004007000009010760508035040912006003400400052000200970000040000061703018005
020070800900001623000263000000730080030106200460950000009600340180005709076090010
000470002005106000006000510230004900950000800401059023010000289890021370000903050
000279000005030040000051069430008056020304000000060000050602901642007580970080024
050098612490160007600000900080600050709053001000080370006540080001300400004000726
500060210401200008006801500002000051750102306009605000805400000900000072010938400
806000320000096000012300605050004003009500400403100056160007030030800001024930760
000307180000080002000012970056038740084000526001000398009801207073400000008000004
093200050100070480700090100010800290208109705000400860900706540506000000004051300
100006500063005070000930280030040600006019700207080059090000800080760105502108004
015309800082050430709008105000903580000620000500400002008010976904006000000890300
017080639000000804400605020002070906780060042650809070200907300800000000005048200
000250001450300002820007405508100270093000008000879500080001000130090000900503127
090376080030080005800000602000090508702060009000000000056817300010904806428605007
000600842184037600009040000005010080400000205023475090500020761006104900010700000
309002005208019600500006000702000053600795200100083009800020074000638100000457000
003400001670005002940123076100807240280000609005000708304000060090530020050001000
