021970000070030906000804700700415003050300870090000020000700134007002000918503260
000040050003860009050003684970214060600000500000600097420590730010076802060400000
000000090410905082023780400078090006000020009602507840709000031000001000830059760
000050008190702000035400276050000080679000003480060700000120030007045021510830004
200001050007400000034502917002005060503900200060208035840006002300004506020803000
021600000074200060900080020635971042002305170107000500000090000010008650500410300
000015002000000005209034007000903271702000003430807000003400050100300920924158030
005103607008704300370600000800010020596280403002309000001006004084000160000840500
760090084094000603000100005080005300007029040050408706600904050040370800800001407
780004300060000100300009840090041580870300000005000200908436001030500408500802063
000064005065800040290100030001008300970050000308690017400087160000006004610000859
370000690000902805000613000007039000490201700003004008000427100004085070780300054
000254000500000914840010200050000800001080020078425360600700002080160500210090086
008400000050902470040000809291040000070201060403008090080004756014006900000039108
052304670900012030034070000208000940007005100000900703605000497403107008009400000
704520090501600007000003240005090003040750810802000900090085004207000100003017509
120007005900020104007051028500786040702100500004000007000009750005000986803075000
000500800005000203602810090003000080050360107268000300080003062509007400040251078
005700000100305000000941056000803500300097008018400023040000300063072901500034602
008001600000860000765394000000700148900006307000400002000140823184020795002900000
981506200046008009000000000600059802020360970005100040057031408800000520003020007
000000000080072015560340098935128400000030050400000201003000002600807100840093506
000002600804590027071003050000007400683040079907006030700000895410000000008600714
906000103045260000000910450504000700000405010370106508030607900407000630008090070
006050073304009800090086040005090002100405300400010057023960780600208500008000020
010069340400130002630002900860003007020480690079001400700010859000070100000008004
100300270070005046000600098030900000010050829490000710001030900823009561069020000
670080009100720650800056010504007000009005086006010470200001000950400030460008507
043801007200400003700020904000009001094078620005006300901604032600000008008035100
040008090000490500003000407900001270370605000608900100000302700502060841089104002
290470000003002950000308740600581009000900000912064000359000820007800090480230000
000050008910408000063900745050000010291000004340020600000740050006081023580230001
000006107020000060105000000800300506906705080752600900674201098009830640000904000
071000398006080000203059060092305000030070000867091400009000000008460903014038500
200000035005210800098034000004863009087100600032070400010000500400056001076001940
040600090001490700980572310732060005004000203005000008010309050000700820600025030
070590046000800030200376090040003170107200008000700309003060020002930087009420500
935070210800240090004003700000004923003700068402000570080102000607300000501400009
000020000240315860810000052000900000038500600906701230080409000020006798097008300
905360012000012745014800060100090030706500198059100076000006001802000000030400000
039070510081004000076000039090600000024010305000082704000090076947800050300520900
000900602006024398002006475184000700720030040009008000408090020063500080050087000
006900700104080650000165098640200087500073206300000005400307800002040130038000000
080100060030074890670008003000817624718000000004050008003290400900380001020000089
900630000007100960602008310703500002000007103060400070005080030836000007070356081
001098000080703125700000008070004006400620010630185040309400000826300050007800002
186000302000060005040928010400800201928000503030050060004072030010390004090080006
829005004000400600610007980502961040003070000076800009000190030908024007060000092
000008190080270036067930400100805060700360010000007952050000300079000680608090005
050000100000508000006903020001075609090300010360000785920037861000021003100600204
800605900010038000520000610791326004000000107400090006040072800000180400187000209
080002040040780090270000300900830001036520000028100005094015060805000003702308900
904010602180400000000089041749051000000008090005006274090060007050090036030502009
600000038002045000008673200400057800026910403580004071017490000209000040800000002
000085094050000021080200700301520000862407050005000610900602500000001070008370146
019020003200708051700500400804005620903687010000000007091800270057004000000070340
376805210508000309194002070650201000040730001030509002400020500000170000060000007
050000100000601000006908050009086207080400010640000389760093524000024008400800901
306105000018400059904000106000009040090070200803004910002000001000018692009250480
760300409039000020050000830073080060610204975090007080100000040900100053045000601
050020040080906700600053021005000093000000402327040608098304000000701200006290084
709850000300420059010007000807506002006080037040300580204000061600000200081600405
200003400003009008058620310080207905025000800006890002600000580540300097007506000
013702005890003407000000002230006040001004700008120530004070001670008200020605074
000018007720003680006070030102050800400000052007842100004900300090560248570300000
307051290490000070210090563730008050050302900100009030006000020023046700870000000
006980000040500008280040700030010900000005814000694230194000070005409100067001403
370400600106507900000006072453000706001273090000005800900002000610030087200801500
803020405609800207700605308000106000100072530207300009901240000042000070006500000
024007038007400001600905004400050090060000785053709000100003800030510000906200153
000279000005030040000051069430008056020304000000060000050602901642007580970080024
300710086506009000080004250008000720620870000700403801207000410000047390100302000
020000648873096000060250090400702000730100060609500002007001809086000034500043000
000000002850000600203095007912703800600800070030520010090041008586900001104650000
015030400830009000970410386000001803000584070020007000109003005000006038000058149
030086005600000020400301000073000600000070502250600084300704000500130407764050391
003900000580000900009518000025031809800204060000709520950000083631000047070403000
060000301809601750030400000900007410780540000003006207302164008000000900078050130
305007280600000400008503106200870000700150800109030700000380607863700001010065000
028400007007269801005000060403070200100056000769340008000000005006083024030001079
090867000070214950000359080100030200500020070002748000000480300000100720630002890
036000049080045006000960500072638100010000004060070803600000050800307000207890431
010000007000300004600018000001400000780250300900087052179000603408703509053001048
080045009003090052005070000071950200009000000208300597006007905054829063007000001
087000009023000756010570030070620043200000010000459007360704500100000074050080690
030000000080070005420030109091040586043000900006900304000894007060300810078020403
000420039001000000940057000090004210004000605802010400359208061086003052100005004
508460000000000500209000004000180206300072400120006050005040320492037080710058600
580402617620005300107900042000003001003120860000000090008096100400050030056040070
920060005157400602080052000000006370800240050065810009608000090400070860003080400
000035000960021540100009603030260100600507390800000005000900700302706800750040210
004006800768005900030000705300200074402800000016054302000108009000500017520090038
573020060409006820206300000000180002040003058600007301000602009000405016062009005
200040007034867000000920100500010002021300475003500016050086030310000700008201050
060038000203040069700009103470120900000300400029400750030000070000062095896570000
069107850520800904000500000403009080086004109000060003802970000700001508001080027
003400060600700003000010080946023078031580000070040200700800349018004605000200017
502000014000300085001200900003860400017040023008100750024000008376020000980400032
940850002780032405000000009100060900079004308500200007097180006000000503850403090
003009048000065000090430216370006002206000900800090000050008690004051800980640103
900100802001004760605097000450812030062000010000006004000605000506070193340020070
000030700074605030000080054207410086000000010850700043010090065300876020002001078
500000107108420003700000428640008712280301690071000000016000000802700030300900040
908006325006200048200000000020301000430027000605009000580042630094708152000000004
069000000001780400004013250010064070075000040400108905007401002003000004540320097
061950078080070000070028306090040183030781604000600057100500000756000040040000002
403098000000206704602300908390080050006900800000005100009063047030049200860000390
020148050040000006510796280300900802900600430070000000400027500081060700000401029
500200001004600308730809060807043010000080603103000800609000004400150930070098006
000300261300590084048000300654080009000009000029000400963000002002630918400920070
000064005027100080540700060005008200460010000201590034300025740000007001750000629
860020490001300085050840000190000040320700000600239501000000039040070020209108704
000609007061304080000070050045703108310000000890400700420000091070008602109206500
307040002500600109000239007409000200730050068082400790003020000945307000008005300
000850704870004209149600800008000900300002006620300071000000690900041005702903100
020900000501034600300015000050060401140000080938107056000402000792000804410080060
010970560020000100000000002000508720200319850950706000006097014700680000090135007
800052701005710000003004000760139205090487010030000900280005006006003078000800409
000000940094360000721904065370400090010570000006800074000040056045630080607009000
806245700000000902000008500040380207050102400028000360300020609060053100002700035
817300450360040008540190000000600002008009040934810000203061500000000210001087060
007906318900000004603000050410079006008005470070004001005600040104523900800000205
090040080670000940041006007080120700015684029200003010000000830006210405407060000
052000000308000702940002305090400800070623049060050070084030020130090684000700030
509640012070005000040800056807200060036750008000080070960004027005020040020560080
009000425060000008807002600072059040001040070438070506900703182000518000006000050
070240003002008140040000700130004675600070030027003800908056007203000900700000351
170000403490080015000000080000013240060850100803704060501007004600090350030500071
507009600060020000000100304002056107100403980003018546600080010031090060000600470
300012000759386040000007098430000007600735800000008003003600450240073080010800030
742003910060708500000010006900006007205849000080000029608052740001000082007601000
000734008500000000740006001970060280000400700050203964400001800605000192137000540
006080090500001040078309006305906704000000000901804503713605480060030900000020600
000040007080050020620903084406130000800004306070800405700380200008009001963400700
040100750700605098890700461000080170960200080000070900603901547024000000070000010
002010307030000010000030259761920580050080130040160090870301025190000000000009060
010089060090070800006500700000000070000800200100047006725604138003010007860705942
000002600601340058028006030000003800819060023702008060100000392940000000003500476
809037000020109000507000104070000008000214500260078009700821043102000785300040000
790813620000027003234000007047050001301008050508130000000260008089000000100300046
003129058050000930080005100040630215320090407010400000000000503030058000097003840
084500000090834000200710090030060901027100800800040600041080507060905080070400069
004010080003504069000003541096038020000400000037602900005080190300060200271009050
260050700905300062000200900002508100604000500050073409007006301020005048506480000
090054020105706308200000006902460850000008730081000000000040080018005003509037210
698070002010204000070080900006043250009700006030000047004007500357612000920008070
060020070473106000000700916910463500500080002800000094620309705000200800004050300
500706000600200001073050462406300050090080000031060804000070105004093207000120093
050020040080604300400059087001000063000000704246070801018905000000106500005740018
020009056009603008000020704006080405010400809804000020900810073000305640005067080
104700000357012000620004000000008537800500400001020689203601000000075040700940028
500478900048602571300100084610049008080003005000001006004000010006020800030500602
690500001008000497207010030906000002170903086030050709001000208409006003700200060
000470002007106000002000710910007200820000500703051089090000328240098150000502040
009050060800310090023040510590000100001020907007190300900400800140500002050061409
000002809904056002320090060030009200700608040085010700000900053860105900590200001
840600000500009100200480960400530090700100002025008401082006000100000680900813204
400090510050000006800001700080000067030208040564700108200083600090054001005102803
029580300704006010100007008040010257017020000830900400478000096001700005300100700
800204005050013079000058020003960250200500900001040703005000180068300007074100002
630008027028017050000002800000006000700253080842971030050000790100060003000020518
802760000000504000000820001300040070008095030020370069100400007456087900007900648
000050008310209000095100732050000070172000006830020400000510060003067041560380007
504009000002000061000300540081507436063000095050680000300271058105008070000000012
302005004000040100800070300700500960603419720020000401000107009239004010005008240
020634500000000400390050610009800006000500240431209070010085000006070320870400901
030000004009010700401060900300000070072401060164873290045206000003008029206030000
084350700006000050007008013942070500600900070000403026051860002020500040400007105
001523700004070000097040200000200510065000070020057006802005637700800120000762005
010003200063820000294000083050008007129000005008510062001002000070130608000706590
006750380010304902308000040000070006800006013100049000004000509700290630095030028
010900020500001003860200510070103000090700085306090072600000007002070031740352600
600947300350126900040800000702610090000794020069008010200580030590002004000000200
065007200430900000100032905001080637000000029000263014789000350010305002020000006
400250790000700340027040006012004000080370000705100800070005030203000678001630250
900008604004030000062040398049002000000003900630150240080300506000805739300020001
059430000810000004004098571003600040090042060000810007401080003007305400530100700
002300000087094010430006005060008307304000500000039061806000750905060408240070090
000000002310000700208035004931208400600400090050690020090064001147800005506370000
902040560000009000061250470040030102600480090003070080500008000306500947100360005
007060000460250000082070040003740000605918072801002060910023004050000200020190003
006080009950206008008030610000001947049002030510009000020640701301500000007008520
640053008920000040853000200000007059300081020200345000030578002780000130004030090
400306500051009200020000309246001050000650047100008600063084001902500430000003005
398402001207310400000000300009103706610050800740890052000030600405009003030001000
987005060000380400430720050700008000000590032005607001004000010013904076060170020
000501400028390051017400000860200070000063005000047083052004000300600542000020936
046000080800000209100003500000579310003860400017430000701000006000207035000694721
800004300030100007065390140003002710600571400120000900010006520046209003002000090
000000084060708003893604700030007591009043000010500002526079108080005070000200050
017008040000020000008000000000300064439506721006009300000600503790003410053174290
079000085034000200286005000003604002600100409450000003040070018095403000701020904
040815700000000003000670480003190008600000054008700031719082000200560810860000320
300006008010823049000004602000030091000000200200081360470300005003900810068005473
050106794401000000700905010000607153009054080537000000006000470370080002000769005
089304120000702800503000004070009080230005090090036200007620950608000002010580600
150200003700006108608351000002900005070010000060023010000040560040039700580602049
490305010000907000705081009309004005050000204024000301287003906000806003006002007
900206080507000302210043000805170903041309700000060000080097635000000400006001809
003090620020400700609072045935680000074039000000054309490010000300000001017043000
021060000080501000000300007004130500005900030038000974070040061810700403052603709
500010070632007001000024609470005006250061080000008240904052760000009104001600000
032004000600000300000200058406000092100000563573020804005480601040005007208017040
720906080080007630600400090400600028035009000000240903067008204000504007048020009
290001070000760840040002900000000009000090500580307000800905723070280100023076458
017038900002600005600700810300800150060500090270390600000207401020080030150003007
072893001096250047013006020900010000000000780020000900060437200284560000705002000
236005000070006005000207060800710900740603000009850400500300600607401003003009872
700200804040901050120080070850100600903000020000730408010400005000817042487000060
000100080080020106501030097700040820005080710008092600009004070000357901074008005
300060091100705320470030000800190000003007008906300047601500400704820006000600809
268007301400630080009000762605070020030004607000000093070020804020503000900040015
400910058080000630072600401009000000000761040840009026720800000308070900104020083
040690810000832050000040006408070001900485030023160040000000085356908170100000000
009008000006040020400710596804057030690000250000906004900300010701800460200160900
730010500200006000900075064020950030405008027300200050602003040003100609040560300
100308400000000819628001000895730640006000000000609507010007050000010008387045096
362000050090030000875000040040000010006304507010780620008000400604820179930500002
450000000080063402000900007040008090120309060003070801670402308200781005010030070
010607400000000201009108003102800005980205700037964028006000004021006050400031000
090004286207008403800002900700321069000906530930005000351800600070000015000000700
003401869900050210200008000050010000800593470096700053000279000100000500089105040
070364008100005324030209706000100400020003819700000500000001205903002000500087901
347000029000000000095230000501643987000900400904080006100807264402060000700000031
800000000307080001000900300040603017701590036536000908060009870489310050005000003
386004200407800530010000060105090782700652004000081003000906300290005000000000149
000005204097210800054008070005000000800900417410730080580407301000100000061500908
000570803100020900804109007060002004000358760003000098000006170072000005690085430
030470600400060803000208109900004080704090030300000060801700090290540710040901050
209300680043000170010000309805963400076008000001207090100500043000102000002080901
007200534406000000520007910001000060005710300290603057009001473000079605042000000
307009080090510007081000950074900000609030000010682709000005300738020006000763100
020807014400600002510004007070490020201030008050001900040060703080000200063182500
000300289000921050092000000060040700900000000107000040500062091009135807018097532
700080004900500000360402001006715023270608005053000708490100607600050002020007000
080309105001800900709120680002000090600070000040090060320086700165030800000014206
002803001009000056000000082506300900090052800000600005100586239608007000930201670
620700030000050061503860040005080010970000080001596402030000807200038100006970004
801000500070208040040910006000009120050000008930084000720461080364805000010003260
005030004379001580040090723603002000500970600080003095900058002000020300032400009
016249708000007046084630009670000405200000800000005927050090371000000080003050690
000912348320005007084600509702000400030000812051000000008720000000006084063049050
060000075030050000097683120004000031000006000783905602305000280040032000100067490
079004080100080004600120503061408000003000678200030100025803406007005300300010050
927000000050100600060270049300014205000705160081009000705000030630952704000080900
170000403290040051000000090000074810080350200405201030602008004500020180040100062
600900057001007040072008060080000014240013000005460078719006030003104009000050021
000501000793020050004009826082095600070300002316004080000980504000050203029003000
065890140090005000300000980600304009074002803009600004003018570200530400087000020
009002100002108000086370000001095084860000900004010203018907062070001000203500810
400008600600001043590240080701080020009007005000032079070009016026104508008060000
087000009016000385030510040050920017700000090000763002340605200600000031020030560
020700054370462009006000007064003008000690405009070300700000820400306001081250040
900206080108000605760013000302170409019604500000020000090085723000000800003002901
001040005250100003600500091140007600080900020030450708803000047500604302400370000
071605034205087000000000052418072509000000020003809400309004007007008200040750010
005060427000007800047030000530001960900000170760080302100300740400005080079018005
030050270107093040020070000340006018000019003901400007290080651700005000003160004
700100000009500080000083005004910000015030070007000416906300721800401609501069040
000048006408003020037600080002090310904030000300820405803510600020900053600300001
685071040310050600000030001040700259060000370003020064076090810001006000250000036
700002000108506030502000060309160204020807050000000106007690508900050610060780090
000630009605010740020084005070300080000850026803420901090570400060100850047000000
720000000300500100018006007100460500003009001200810306401657920005080000860091004
039004817400270063010800000940000302580030070001062490000007000703105286000000009
000072100006000007005009000032510086800960010100040503600020040078090030043706291
450186300000020800368900100200000400006038200005069700789002010001000940004890500
690040053000620794002507000800102370310070028000004019920000001708000002004230000
509000042018045079000207000050003001002009560097060003031700050005906030080300017
020634500000000400390050610009800006000500240431209070010085000006070320870400901
300800000040063529910007008602970004090051036500000002450600070200034000060002905
800023000400170030070000420207038005081094603004017002000042000048300000352000790
150003480000008000280060010000230001379000028000070600405012006608090040721400903
030020006010904703200060900000249175790000060021006000047600090002415007600000401
000000900002000073010305240760900004085400197390007500470100000008040009650270410
000020000240315860810000052000900000038500600906701230080409000020006798097008300
006034509800100230700006000050010300082300700070460108060081045528040600000600007
103700465000010300004230000010052008038000200207040030300900020042103600061405090
080200000007000003906510704152000030060030410804156000578001042090305060000008001
010083570070002000000007348000000256005060809000528730000039405003805697090070000
081093020096007018000000000070860300560042109802050740008030004600000800230100605
000904510000218000130507004062003970890020050051000046020300760070005002510000400
501903000430060029020004750060500002057009800000380047080490005000630200602100080
020000006045709000010063075704028001060304090008000024006400500050610049071005003
600000010074000586300700000800070090000600700702403651900040060406030275530208009
040650820080000635600000070020008150005061203006020080908405002400030000502800310
003090620020400700609072045935680000074039000000054309490010000300000001017043000
007000600506471320020600040900003256000710030403020000000900100009064002615200074
900730086046001203000020470800043007090008510000295308000000000000560800010380752
273000801081070006060020937020340000107000083000807090000091004010704000590002108
809020137060087000004009800740130692005002010003600000006753001930000080002900400
100000000006750900000009102013590004007108235520600090071000008950034700008017500
043150080180037060000009013000091000000000930009074005300010008000083102800962374
070609040401207050230004080083040502000000074607000300728465000000010007100002805
001700002000102090800009160000270500602040980040800036293080040108000300570603009
604708000080100605100006080000020043805010070002007050078501430046070500000489200
000100000017803005006029070800691007203080600000230509068040731000000008140300960
806234050000006083040010090605047000034080060070560910052009000100000075000301029
600004020210050403070803000800030090460900000703600002005207030020008109187069050
010069340300150008580002600420008007030970160091006800900020516000090700000005009
058140030700503400493000000270030068500804020189027003000050002801300000900708000
000093280070050000039006000924080031380001070760000940097400060002530700003760400
010000200000070050007500083004005009000080312300791008500907000603420190400153620
000807000026530489980064710003000076190040000060000000502318090000609050600405200
000010650650000041703006290960203804040680070020000000030060005200400007106300489
780000005042801000009200004806400057257190300030000962900060701078002003003007000
000400200384057000006900005030801400517000080842700301470002000205008014003500900
008760100000004308593102670400600200006805019000340060300000051800400700907500006
006080009950206008008030610000001947049002030510009000020640701301500000007008520
300910000007060295000500010420000679006795003009020001061030050504070106000106800
000000000080410569697500100978600400000300006030040000715004803002070095000802714
000010360060380405103256008900560200720030001000002830000600000050000143007140026
086004205000802600300160904007000430453000020028000051005986040890430000060050000
000000907003008000079065430821059060490600070706010009567201043000007000904000001
400003102670080000350004089007060394008145000060300000000801935000079601005400020
300006008060138092000002607000080021000000300100047560780600005001500840054003276
200836014010045000000901300008410000005302040124050900901080020072000830086000090
720050409154039000000402500016280000800000910000013800580040102240700050093000008
200000091400310020068009000040073500309080040000450013010690250920001378000007060
020000648461058000030240090300501000740800010109700003003005104074000052500023000
000006580805000402340050009180900050904200063500314000050040001400521090610008000
073405900040613007005209130400060000007002403010000270580930720004700000000806300
000647093036000020090002006002050307005080600840106050000530048407008000308004905
009380006024001089080097000270600031900730450008109060000003005003800640052000090
430000000009004500186090004900005086560008021800136940657400000090701602000000009
203000000871900600600075300000060280008702056760058004120600590580090010090000700
100084700025703100760000003070000026680300000932056000006807900040005201007400085
000360007007200061000719002958027000070500409021093000090000600032900074805170000
030008004209000500100563082852700340000005000700206810020630708008092600001000020
100267000320000087040090210062008090800030060009640178000304050003106000004570800
130807250800050079000000041000740000000506938009300024308900012590002000010630007
200010080350704009070030402031200046000043701400005000004370290000000800593602004
082000170040002000560000098020500006053001040000243080070106530695000021001895000
002806000000703628806040000000500804001004769340009205000120003790460000008397000
040190500600002010081300640009207105002000300038901700300009006000020400096704250
000003000264580010053610780800942006490100070000000000002000140109370805080401003
040000208200580907001042300002007589004025000390060002750210090000070005060300021
630020040000100502509038100000280300076050004053001609102390000060004291000600050
050800020000073015076200904240738600001956047000400080507389000000500070020000003
060004020900003064005620700001500090009302470430080200790401302620800900000009007
100000209078902036006100000000010902200004003794203008050006001607380005002050690
870390000006000703000005840204053010510400300307109520002016000040000200908700630
030480006008100203000263004070048300006309050100072908300001040800000105001930080
002301060530004820006000010015860002007000009060037150100080400000913200258000091
300100000076302890000900260601070040005600007700820650513400080060700400047205000
809420010003000069010079000500100083130500000900230140674902001000005004300004602
200006400007000502000030968800500040003020000142098050004679000731040005920010870
008000901000005308009030000400120009080046703001000460024000830375401290090002054
059004300402107000300000740000002001803400006001080057004790000930256004107008069
009005021350010600001009500090070003630028940800030006900600050176053080000090067
920060005516200409070094000000003950700620040049850003607000090300070260002080300
000058010047000058500003400000001004780906200000002170103804002600320900002160543
008920000270040369904000200090000000420069000507480012380190020109700006000008094
600080095003076008020001300180200706046008100052607000030000072900023500004100809
604000200031000405005700000800000050150347098000805107700900840308076500000430702
526079000070004320000200056090030160760452000030000500087000005900120047002045800
009003600034617800001000730093060000008000109465980000052000070010079040040800213
070010040210047035943000207004600791000089000500002060167000002309000000400700389
300940007940000068051730009096050000080100020204800930008000190100002000030410872
400980600503060048070400302047006205006000709930007461000000020284009003000020006
104000030027600409036410050000900805405070001380100020000004060048050002200006184
560300709190080200040000306785040003012803094930105000006700920000250001000000007
801000002090000010000200430000000125509803640000504080710632594906005000350007800
706000840140250093059408216002010000000007020804009001280060300000182609000030000
039004817400270063010800000940000302580030070001062490000007000703105286000000009
841203509903000000600004000060700050108090002004000013500340687006000401087612000
100040067040670008760000495496007000807105002000060000010080500600051980084006001
100354068060079040490060300601000780004038000507900423056007004000003602010000000
009100005800609230603050090400930070030040958050200000200010080300060009074802306
900000005300080026050746009090020560020068090608090700700600080035209640009800007
081093020079008034000000000040860200790014305208050940007030002900000700160900408
090200007601070302007080009073400508000000970029008613502800000030160000760025030
000052100000430097860900005008107000700000401601504300187246030096000000040010802
053098020009210000280300005002003004070064002004000518000541070300082600120030800
040902000000040500600107940013000600097031420408000701024000007700524189080010000
000000010701930800380020075034200687090406002000083100015047209007000000403010700
200436900600002170800000002003607098400520006706000020002004650957200040000750010
020390150006450307400200060062000075507003000090005080800000530030060040079530810
005000009200500687000600500320160000079802063800407090540976010910004700000005030
000260090729030014068040030071052000000003287006804000010400078097000000485020060
742801300000030008300040017400010090003560102905004800004050780600900050007402030
010607400000000605008401003901500007630709800045826091006000002057003040800075000
050200008000030540009670200020000700074300001936007082097503104400002359000090800
467000009908002000003048067370800050602000010500406300020009043006070098039080020
800010600600720300410500082570903106900050008004007500700305401090004800005001009
003062941020007500000500207030648000070900423095703010986000000000056100010380000
000000060069501004074690300502060710030970820007200000750080090600100007008706032
000005002957804100800003490730050004040307050000040670200570340004610020180000900
400000020063407105500083060008005900230900008600802030000700504095030070807510200
000000090410905082023780400078090006000020009602507840709000031000001000830059760
409086300500400900700500008008130700004800030037040089041007590605018040000004010
031568000950327410007000003019000006060100800040900030200051084100800500000094021
007005486003600721041008095020080037065000000100500009016000050800201903052004000
000005740800029000723400900002007300074096521100000070589600004001000807030018050
080000070100030089495027300708000400009284005000000830051300600043569000006048900
009708000830020000000054000906805040005471000300690508102000080590160427700000065
004602083060000190100093000000807009740050802806001007000370900013060008079020054
080700009003204600401008302045300000006051090010060253000902504204000060009106008
200050030540001829603249157001000760000005000004902308090010002830007000005000980
241800000900502000000400016324000069100640807008000000580300671070108930000970002
082000000000097806609201047005600081090015700010020500904076100830004092000900400
507001340300072859204803071000020710006700020000008005000100094100090200009006037
879030000000000007000005410624017390700009020090302070010020580080090000230581709
605230170014000306023070450006009782007800005040067000000700000409000060260003890
670301050093007108100500390002900681000005004000010070347000800005006723060700009
010090000008040507504308060639200700000900020100084306005032670720800010800400200
603000800040030200010057006405080012700301060060240900084903605002500100030100040
069000130200350980805009270500003407003020009097080300080060700000900002970004508
734106009680090000002807400026078901190502067400001200047000600005700002000000070
907010008000800903003942100010050000060109457000630802890005004050290381000400000
030050720010000400572000006080000145090780300325061800207610009800000204003007080
059004300806201000200000860000005008403600005001040096008420000940153007105009043
400378050053006204010524670500001000080030010000005090025400830000000000349007126
000000009430002086960100040100006093580091402600700508274000901009437000000210000
000000001280004530590067004000082000640109083000743005400001002000000050175238046
056020394200510060300640000000060002801230600004070000403050209008092470060700500
300090640100070000076002980000700493000003260630920005000630720000207010092500806
001300007370000006000020153700050604040080520905040000600500302807032960250090700
007460085900057040005021060420100050300000000570209034092305400000600320080000590
080009502000072900000000148017236085650000021000100790460007000023980600000603010
200100750000870000105309040590000804003508076007004500050403002060702310300050400
060300000180000030400817296700050408020003009058104002000002903391600004500031000
000471020010003406509602001008060000025009003094008610002040030001800004080106059
010069340800730006630004800780005002090370460063001500100050683000020700000003004
000009037000000065002360849286094700540000906030200080003000408409020600600007052
834000200700080510009600800600410000403006000050870406305002900206900050190730040
704265010621003540580007326000000003000000600000830000063500000070340905908100230
640083700070090030092007840007960008000000605030500904709300401010048000000719080
000010200540076003071900508000024065209060700160050080930001000000000631705640800
602180037908003600015000004293805000000694300006030090000000040704068159001000700
800000630000057000069320701091004203703000980040290007230700100005400000100509408
005000400170604509400070216020080040000005708087400621010050007030006850000007094
200800000170092050008300294905008040006020030002409510000080006807040003603910080
000290417507610080120003609009801070005000940206040830000067100000130094000000300
002000096900000000000109073064000010508007002137462009000600000701503908640908120
604203070200716540070000060705604902000300007002170056000802604000090080890000700
002050067806700540045000312007000903904035270023070000000008004400300000068140020
020305061604018000100000800200003150003000600780541030401930080072800300000020905
007001065004080300150406000000560731030000084016804250900200040500070803062000007
070410009000803467009000000706001000002600000800579600080067145100230080065004720
300570080906040010040001002000720009490000027730905040069000008070609035080410006
600000704040900860000000905970806540408750200500309100760080000080000301004503620
081060400705004821003001756000000009340920518050010000000000900009406080100809205
007009000831000702905008340000007005300205000000094000070502839609040107080971600
000045760501067080760030900025000890300000104047000206016803009050401008800000300
050000093000500000941030000007158000008620040000040000100307402376200910080915367
080000005040907008037604092004806920603490507800205000000700013070040209300000700
800020670007060910040003002578030041060100800020005096002000700406200035030806400
400710065301900080000508490040076000690200108500100673800401907000000034000380000
400009000068004007200807413705908100040002830800100000914005300300490658000070000
400090510050000008200005300030000024020503090791200805500038400060051003008907106
051060300600735000003000000000600280980001036000000000068950471710040508520107903
086040300000700201270031008903054000805020913000080500028090037507000096000403000
023000500000805000900006001800703040070208396032649700009400600001062070007901200
010092030730400090986300204040105009059030000200009083000960008098504000004810000
349000851060500009500100002913260080000000700007804006004352000035401008701000500
012070000090180346803900017009800000200006070057090081000350100000020498020008730
001906000703010800000000190017002039548300200900165400074289053080000000005070020
000800006090506281807000000700600040006010032040953007080000700305780690074069008
721500006000960007900700503800010650540609000100300280003800760070050900090230400
402908006003007098080300005316005800000070003700030019100040070007510304204003900
000810057514000000700520041030002008900700200070060503109003020000205009200179804
600000030050060004007001620504080070700904865006300201170056900080120450405000000
060000075030050000097683120004000031000006000783905602305000280040032000100067490
004060000190080506607930142900006407720543001401800050000000000000400098503090020
060900030000000650190360040050749100070530490400020500910600080008003000007895310
003100600190000403000090070020043008480210009076908000000005047810000002254030986
205400008000020000478010000000084950000700800843950610502600000007009365604500270
000608029409000685000000407014050062570086900002009000700030200000100078006920514
080000900549800006000659082020000810008024003407103009705010040030005200010700690
507016090000703065206900307100500000084002000020068000090630470470289003600001000
000002450040503000007060030094230070075040210032050900009005300408009500500600749
009006700000498230182000060508000002004563008007800150890307000001600893000900020
000100006080002000010087002803005200700641090060208054500090010001720845000504903
006005028005200000008000500040600837009004001160500900093052400004809005251407009
500960000680000910009005630204080009860000002000472803006000400910306520007021090
000004006900007124040090735069073580307100040800925600100200008090001000080009400
901350008000148950600097000002700605004900030830000000006029070000001863500803049
400010026000200700260007304709360800624050100100700000310090060092005470000170200
304029180001470000050010000025000308000008000698530020800046502000182934002007000
104000030087300902032180040000600807406090001850200090000008070048050003700002189
360500000500260109072000058907008206001094000000030080003000490095420307700013060
006051940000340000004000013400206070050480100061795030040008050193070600600004090
082060005000500003301048790705004600000700009260805017806050001000080574024003000
870100049000000708024068001010004035745090806000080400491800200300910004000306000
107054600004008729000060050001526400400810900072043000705000001800305007039070000
005000069300094200072000000008030004200469078650080930000647002403005006007308090
015309800082050430709008105000903580000620000500400002008010976904006000000890300
908003200001025430024080095003040001000650029500100000040001000175000604800060712
108240053506137028003680000000000000035000040014760900407020000080510007000976200
020041805089000400003006010041800600972600050008200030897100006000468070630020000
920006100040000097315000600000405031763108400050009000032070005508001206490000070
500000831801240090090500026604070058000804000010000749006902010009381070020007000
007006500010203048080504002640000800853001904000600000594160307200050000060089005
280046970000070030704008520003005000001090087920080000010400052048050700570001094
005030004978005630010020758403008000100470500080009043600052007000090400097600001
020080570089053000500090083070060002943002050000730098008540060057900800001070040
360000900008570236209003040004000051651080000700005000820946503000008620500200009
004021795730000020021005048003709100100400500008050070089007002300040007500008063
009603847400907015600050203060004000093071056010000700006000500905060034000800062
000006057809045020056900080700002000600004802420059700900478230502003008007000009
000005740800012000245900100004009800032078419100000020527800004001000205080056070
090085060053090400010060907080009700047650200005403010200000390008007021039010600
005740006078059043020000000703060582004800700081007300900070005056004900800500021
078040000604258390000000800107000032060302001020590700300005010050000070740136205
006520008020000400958001602300000000675010003002009710000096187169703004007004000
507016090000503018106200703300400000028007000050061000090680140860149005400002000
030800000260500803008003950502008300080014005410000060094230000800009032003185009
007000000900400130300716050030201705521879063000003800700100000105900006000050341
050098612610320009900000700070200090203019005000040270004130050009500100005000836
003042005000000409400901002082000004371094508600005020700816000006020057230070010
130879602260000070040025000001030708684000105000000004052000416000041050009503020
000708060840000790706340000059204000002100507030060001900630058368402000070000036
390007401008001050071045036100000060900100340004080000840320015020008604709000200
708609034000050780000270006090005100501840007400100860683420050005903000070001000
892643051100700000000009038600000004987410003423000900000000095309008062004000087
020009056005302008000040102003080204070900501802000030500690023000704810007031040
010002500004180003230007086100000005090250060400610028000020009009001047341906800
610809400008430560023060000090083040000706059080050130004000790200100000860095004
104000030027600409036410050000900805405070001380100020000004060048050002200006184
786034150129758004500100028040081002800000003070000000000026001058000007000890305
000300200050810906308600007003002850280105300040008062000200000801590003709401005
006310007200600005701090064000705019970100000103900570300001798000800602007409000
015082900000460007370590600403008092009300104120040006290800000030009400040030070
087000009016000385030510040050920017700000090000763002340605200600000031020030560
301950804008000009760008000002890700010004000000672318506100032080467091000300000
002000030009032800701908452064005009000020000007040516908050020400273000073090040
100300004304865010700000000006250079820017006005600023049002300000000068580130002
000402007209700600017050320020100408601904500500020000800000006004608203036019004
004060007000407380710900450003000108005203009827010000530040000460702800070301004
004009002921050060005208701600903100530400820400025006000006209050000013800032000
000246900180500030004001500300007608801002070067010240408000103036000054000030802
090000530060130000007048960030400018012000470004712000503070029206904003000020040
050460928002580003030000400105002007600170200900000180008957000000210000290630501
200843000005200043740000021014036200050000107002051060000600510167005000008004730
360200000040000000002000680080469700690080021000702900000143800820057046104620070
000059307079260000050000109006000030900680041100004086610520098000400010580100073
800090070360810400010504082900030024008050010043002050490780000007040500000906840
630000709000675004001020000040003001307902086800400973700040090029030007064100030
080600023620081040017000608100000070900002500073006000260008407004003015008147900
009020000203000008050976301500860137134700002000003000005092704001680050620000010
000007500301800009980061307000008004430019200057000108090100000002390746043700002
008920000374106902001340600000600700130090005205704000790031086000500290006000010
920005674700084000050090000200401096090008001014020700072009000300160008009030457
000000306209064100365701490014020030000908000590400618000040073000600900027030001
000200618091070000620540070500480300083000000000056841860012400102030009000004180
902004016003008005060092008000900070714050080009047530006001000090080120001079063
000470002003106000002000140290003400530000800607058021070000914820091560000507080
002906540005400000490020300208054069014067020506090130000602000800030070601000400
200003400070500300030071000906030004004012970718004205003400100680059703007000009
679800000400750800308010000000900532807060090000030678013000050005401320706300001
050000201040072000002018704007043020090706108023000400035067810200050040009300002
030967002010420753027030009300100600701040900008609007000380500003000001470010008
000000201010302600709560038001004000902600010800009005235978040600030080000026590
700900006004036000600050174003560098500340001000007500060000312900003467000602850
000809275806000019900070036010000042005620000000900700260730004000002367300506120
030701580060080700802600900700000003008102075021503800080200410000000000207495308
003090620090400300502068094361250000084071000000043206130080000600000003057036000
078010030000920507003078000400201060010060700600004250000040800705682413004007009
460200000000040020053000600000902340040000706790036081009804132836000009000309807
080200000000487200027600050004003607192070800670040501000002005005014000006350172
000000800350709610076084009004010508087602100900005400095130046800096000030000001
170000403290040051000000090000074810080350200405201030602008004500020180040100062
215890070300000182000240503000007940920086010000059060079034020500000000800610009
000045760501067080760030900025000890300000104047000206016803009050401008800000300
403098000000206704602300908390080050006900800000005100009063047030049200860000390
009405070307000049040037500006203007020100000038040091603052800001000003200390760
030100008097000130100503000001000480003705609006040000019402800040030291762000304
002000150008450760650109302010526080000004010070001005901045000003200090006010804
700031000036085070100000523900020710240008000008790240000009600802006039601302000
085137000300920000020000730098010053001470960604300100400200500060000000012500376
000100008403608709002500006200000005604873092090056000000000067005062080176089500
098000070100000500000380000001060830070890004030700050689134000023070600714256300
900076100006005009073400020000008010702013008600902007260091003000207090389650000
020037540038006090460009703072600318010350009980010000000003000000000901397000805
035000002070805004060100950416589200000000640900300080090400700308027005002008406
003900027750030001001470080008107030049050000100090042210709053000300069906080000
527801046003000200000970050070408030039006708005020060002009005700600100061280070
700000041400030080690741005070009000040000760210860093002094800500000200960082504
004097800756080490000000006043100700500006302007034100800001004600049013019020600
000490008430200609900000072005300701040000005006020084170000006893062107054001020
900002308000870504508030000000000700061540900702903840030200079000090605295061000
507009600020060000000500103001038405800605390005094812100020080084050070000400230
070801040800007300510600080090010004051200068080960003000006830038029050460080001
352001000006050302001007465600094030004100700109200000900003000073012908060500170
900200400600400120002673000200140503007002001001056002309081270025000000704020600
710480060090050070004030908000040090080300020630208045000500000027001059560970201
704001000005602100921070463608000000093005006000903005070400580049050001080109070
690010020050072360327000008970435001006001000405080003200650010000020007081009200
900708000408600007271030080012870003604000970097000000003006019000024768820000004
000020148020100600074638000500710304003040561080000020040090800000480973009006010
500000400340105298020080000405706020100008003090200510903040060018003050000501082
800090070760140900010806025400050061005030040036007050640320000009080600000504790
985000030067000108004802570040200000706500004020100000879400050600080340431060007
700900006004036000600050174003560098500340001000007500060000312900003467000602850
600800050014759600008026300900000504006000000403105020009270100007560000205013840
300000004004180700958470002080000040009640008000200006832950067500004039090836000
004537001100086000000040600200001000316800400408000126500608017083710900001095000
083500000500206000009070000006100427054060018000804065000041782178005000600380050
071600900060127000000304010040006090506000041980010002000700839000960007792500160
075001602190064753006058149012630000700080905080000000004903008037000000000400300
624000700900348016000072000400180000108000070730500000876030901010004050043810020
982017460050300000307286000000060000271900048400870001000034000010600380090720500
040000710800300040000540020000051000020004067060730958587000000039000284004903576
976300058800970000000058900720000003408500000093120000149860275000001600000090810
140600007050370000700429000003000920610952030204038100080000501000500680060803070
006138402000900608078604300000062000000501239010400860300870900080010004700006003
003000900008104700090000005041020060200061458650480010000600801004900002006230574
080009502000072900000000148017236085650000021000100790460007000023980600000603010
305160009090032400276005000010900030600203701004081500007014908001000345000020000
030008004209000500100563082852700340000005000700206810020630708008092600001000020
472050903003000800086002001200700380608090507040000002300480190000003000891500036
439000000000007952000819300002090500950460070700500409598000620000638005300900100
920500180080009405040016000830762590700000008000100007019087600000000900670950043
386004200907200180010000040104050839200871004000039001000306900860005000000000653
907003600601750020300264007000032064204600000000008100402380751060407000800005000
050000093000500000941030000007158000008620040000040000100307402376200910080915367
000490008430200609900000072005300701040000005006020084170000006893062107054001020
780040020000000846600800750560017000009008607408600005210380000000700184046095000
140600007090430000300917000006000530950164080704023900070000105000700460030206070
005071080700020906806900002080005607020096000604008500060407010300100060071002390
907020000000007100401030079008345700090200060030060481000083000513600908800401030
000150602010008005500067900798314056450090800006080000080009000100672508005000007
007420006904800752800500000398050070005900600000087090000040980259108000001006503
401932000002050030300000000015006047003001906080347105100005760000263800000170002
020107000000603408600059217000010002300000950100002006060570130070091000850046029
000150602020009001500047900982314067150020300007080000010002000200438105005000009
067300148050017963009060007076100000528070000000004206100700054043501000700009000
000300040074006003890500076210005000006920158005040020057109602060400001002008090
000002000000680001891040500679810053030206090410009780000060020100930805007020600
405300070036042000201080030700508360653000000094000100008070613000206800100050940
067040030001000000000801790000160423620075800139000057000007284000083900078590000
060004020900003064005620700001500090009302470430080200790401302620800900000009007
060009007075023000001060003206008000903005406004096012100040020008600700607952300
600020040000760502300540710900270600208900000040001039080692103509007000000405060
006080002140009300390650074010000400905143607000297000009000105060078240020010000
000093280070050000039006000924080031380001070760000940097400060002530700003760400
075001602190064753006058149012630000700080905080000000004903008037000000000400300
800700000300000040926100730230078150050093084000410000198300460002000810063000070
100400700030107000000032500740261000000900600960083040510000396306000024290310050
400000900000480632506000741003010005208000096009850470605048300301090080020100000
001300540000080107205009608010005000050400089349067200000028070130054006800010050
903062010200003050006000203800107602004008001107600580000010000301280700409000128
760000030002040800040623710270104500800000000006980327029076004150000200000012070
803025401062000358000030020000000145009500670601000980905206000000780530708000004
703060025020730000080002073900500002106000700050346810860057030005090087400000006
000000052030960040490500003000356097305200800760008300070620000100030570608074030
509640012070005000040800056807200060036750008000080070960004027005020040020560080
500693007000020409700001005610009020253780090090002530000030901906010002000078003
453000607000020050201000000609405102042031008100000064000000000526700840370054906
401932000002050030300000000015006047003001906080347105100005760000263800000170002
809001004600000750000624980050010007493070002178040300000000049001095070040000136
901608037007000160085000000300102749100007003008090206079004000000019005810056070
000130257030072941270005036008007003520641000007009000002760300006004000000900012
600070208500040000120608705400700009082495070700000050060000500900850007804207910
362000050090030000875000040040000010006304507010780620008000400604820179930500002
000800200682750004000002680090468000208010906301020070070600042830000760506100000
000900400000062709003500210000020980800000340300840605001004523000605890570090160
407000180010800503080149000102030050060200730000560090004003625036400900200608000
006023007200018365350600000003050604562430008094006100000000030000090086020080901
900010803700030000004000672000703018019040067003500000390108706207000031400009280
035089042000000000724560803213406000000850100590003004006020380900000000300647005
100500060000427000000900000000096000090872104020004930436210590015049603007000420
190000260250007004000020975049851000630970000012000000500780030070306082000040190
040000710200400060000390040000083000080002091070940658196000000024000136007106489
030005081041089365580007000000000830410038900070946002000790250000051003008004000
020003061305010000000078504067081093100005600009700800600800100008040300290350470
000006000350189064060430000806053000400700093009000802501260030090000201203801040
062140980050800000030005104040980006001650048607000500900006810408510700010000009
010750002502934800080060040000010750000500103020070009004009071001320400650100038
295610003780053000600000940050100000007000300000047509516030008000000452842095100
000397004004806700070000050021000090090004010060915208600270030247501900000060102
501270000000004006700000120005928000270000900609410850000800004852009017004762005
012706500038152000050038010290040000800000204040200001000913805080000306300060120
007000001010007000892000760708209400509004020104603589685090073000000000000810602
005830200024650317076200085700306009240000670650000030002160000000000052000080103
090000040700480602642100000001500380000090100539800000010300200326000750904251030
201000400954003276000050010007060900060027040320105007000704532000506080000001690
402000006970600820000524090000007000051490700709005462037000049006900500800052030
002030009608004700010806503104208006000000010086070290450709632000000007270605000
640083700030010060082007130008530001000000902070900305407300806060048000000726010
100200080000080075853401009010000020000107046079630500000869701005010000961000034
840030650600805100700040800050010790137058204000700000060020081010000002270590030
200046080097301420800209007308000094670020000000038000906017238003000000100890060
231650008709010064008000050800730029040580076072900000000408005096000007000097010
620008010000600903001502600702000050084000036000803000003050461109007205265000390
053098020002570000690300005009001008030025001005000269000254090500069300940080600
070908400040000802208035100000062070396007200020100603054200700030004901000706004
106742000000003201290000050000000000000189503014027000461070900708000635035068070
000670010004002050601504800000005028103000006050960000540020003207031080309800472
006310007300800005802070034000601079680400000703900640900003416000200503004109000
010500803592860000438102090054301700080700030009040102060000340000050070800430000
000850072000079000708623004200700098850940700007060001006007049002406300000580010
402050000000803190000072000001300508080060700000187029000796405050208903800004206
307804095400007600006201470800000520054009067900008000080073040000082000700105206
010069340300520009560004800490005003050410960026007400900040537000090100000008006
010500060000000100600840957174900000008705200009400300700309800026108543080200009
670301050034006107200400860003500786000007009000030010489000600006003248010800005
103506207000902030480000060871405003000020715050300000605078000004003178008000300
100400035000018746094005000060189050000000087030040692007802060000034000900001324
000006107020000060105000000800300506906705080752600900674201098009830640000904000
029584163040000090003000004980721000205430700000800940400008000802390000390200070
080060000030504000004209056700000009240690015010050604427030000500000000863405192
006310007200600005701090064000705019970100000103900570300001798000800602007409000
800256100120090053000304072490002010060009008002530946008940000006000500005080030
005007604010060280400050039208903000076500040093000027050040060629100070034020000
602780495070905000009000300200508640095100003008004009906300000000019750001006930
000004090000750302600002050150307026700205184000800500300008700204090001080401230
090000380800005009001000004200300045049750803006480000002500700067020038900671450
000001042000230901010500037000190805000704020009352006003020000040003100678409250
041000206309150000000402910460000082008027000002380650200800007006070040070503029
010206070468700025000010900000030000030002084295008310000809600024107809081000002
080001007007800400290000851054020003031008970020103645170009000800206009300000700
087103920900000050030700600390010000000530810810060075003200108100405007709080006
307060018002010030090038004000000000980324001026900453000005100708003006650870090
600050010970086200004007003020060100710049805800501000107025090060000301490000508
005091038081000900030000615058600007007039540309170006004000060720068000000540700
480960051069000402000402000005100600604097308030200100800005007020604080350010200
006950040013008200980000060091700002350190080000230000007009004030802009249000158
000140000040370600060285940100960002002017000906528100420601050805790000003000000
940000000108007056206430098800142063000500007010709004001390070760050000302001000
052000000109000603630007205070100300040852061010070050061020030320010849000500020
002000000300524071700093000003007904458360017170082000060930100000240060030006009
004350000607000590200970034025007019300580200000200700510060002800401905040005060
040500609009020700067009008470060900900050100020390460600040873094230000080100200
000640370574000908600090405740020009010003802805900000050030200408200037300107000
320408001600010000018302007000986000060200804800003009205030918080509002490000070
801000002090000010000200430000000125509803640000504080710632594906005000350007800
000006532050304078030007090120000040903405060005001700097102050800503020000798000
061700400020034100003001057002000743805307600070920000200400000046052300008600270
304200057008000600607408039080025000460010000090007263000902000000004092249003710
005740006078059043020000000703060582004800700081007300900070005056004900800500021
093204050006397000001006903030570180570081096000060020380000205015630000000000001
000670801080094000013820700840751900060930200000006000000510020251007000490060085
186000302000060001020139080300700906479000508060050070005096040040320009030070005
100090008060000520000080006380200010004835970720160304500300401800076000930000860
069400500000052700205070089100000007080063091630107050008030600070080004051004870
200605731006201000100089000000700409470000060000804002010020607600407205752000940
030000600751600900000720530000900340003050706578306210000000002420160053310090000
002500108000300500415607030020930001501060309080001040006800010740006003009020056
780000005032701000005300006207400093368920700090000562500060308026004007003008000
014060000020901760065320100502040901000000085070510000007005000180270000256480300
200090657005000180910058020004000005000070000350600800032007001179040368068109000
080053700050000043403012600031860020004097005090000360005700400840000030006084509
900050000047210539000000804023000090000560080580370601070021900019605040005007200
120000600000018200300050407093500100200089300005601980000004500016302049008100706
090760801000090002782100000024035007610000024000201008037010000060900013040380970
009003786050008000000427005090000004500749030467830500900012000005980007000500293
508300600700001003930604800050900360010086004000000500072008109005092030093000287
734106009680090000002807400026078901190502067400001200047000600005700002000000070
075000012004200060060090050016009270080046030530700000040960005000071020620053091
006000071035100069700000400610040950000001080908625000000082396300019008200300510
420000005105700006007501000260307408530006007900002160003070820042010070009048000
700032506400080310063007000047005800090071654000820039650200008872000000000068000
900080206800906130000000859200500007040009560195074308030190080000000000670805090
300006008050812034000004702000060095000000800400038270930100007001600480086003519
002100500395008740600005000000030052030000080420051097058610000040502816200089000
000040000030800007102736000090000865500103020000008430459000100016007083803010294
000706239073500800209080000120050306300601700000070005402000073000210468000400510
500028000000000501643050270100074050070000023205930800006400005002090006910065780
920000800463020051000003429040100300130900600500307004000206000089001540302004070
620450900500006000300001465013080590008003040900507010040760032109000600000804050
361704082000185460400000100090806310000030905040000608830510700900060000000908030
804000509070069084059810000305900100600002900492003600906000800040300006700608030
000256800968070025750003041021030460000500000009042058000004000080005214000107006
001369087038201000007408931090006020003002100080010005500090004800005090070620500
000006107060000090302000000600400901704305060859100700137609028005240370000703000
000007001830960047405001080000700023300804070617002004100603098080009000904008002
013028000650003128000106000006890710500600890801030060100270600400360080900500000
030000580000008090009040267000050003014200009975034000200409015401020000708603902
014000800003608020860020701930800050001000000008007016087102045500086000026403070
000000100060037009010028000059006200230810560086452000340001906600200007500000842
010008400083206007200050083540000100097140038000907005804700000160000704000504026
000007008032089041407020090900070003801040000005900486006800012008250309203090000
906030400400809050010604720000025091129300005004000003208901007000003080000268030
019246080038070241000000000900000003021030090070105026004000800207051630060780010
090700060520603970700205003060800005080070120207014006000400018000020307100358000
007006500010203048080504002640000800853001904000600000594160307200050000060089005
905802010008000059602539000026900100030007500000024000097080034280040070060700801
006403000009670035750000402200000900064007100090824500000540607085700091017200000
000890547097403002000607080360008750008020406050906320500004800710000000089000004
010803000642700835003200671089000000407000200500049700054080000170400000206017400
054800200800009037300700800420300100080160004500400026040503002030080010095004680
004005006596710000320090080609003000010084060057600308002841003008000002900360001
807601032003420009090037400520000703070300008306009120900500041000204600000000380
451098600006002000802630700000060308209054070040017000004000500107000839080900402
001900004040000090900471600800010000230007980107029345420060070000200410000048069
031408700000090004082050061009006013016080000305010608098170006000002000654000027
190000260250007004000020975049851000630970000012000000500780030070306082000040190
000080107097050830600109420501800040020540000846790000900460280000010000000320079
005004000000000513038100740000000090401800657876000030087530004059067001060018070
041007003006039000250100000400601205000054000000000478000006300837012956062090840
400600700037204608800700004040005200608000037700863400073010000000087569906000001
001089005580007060769004800972050140000070500308941000630092700207000000010003000
346801009207003060910700200400200603000000900732016000000057001650042080004080006
002010703007800020945273000059104000003000060280705300020300510000507002030020047
000318040800006005203057081005792006690805073400030000700100004160000320000000069
807000435002900068000000070780032094003680000059000080000095020100028740920007301
023004000015903020407500306900700531000009000000402697260800900504007002000236000
900400050021059387000700020105820093002064000679030802003001000708506000014000000
005270840700308050000010320007000080200189006906030200009061030070500002301000594
000000491700105000010600000600070100875090046001450072069008004140760005050004068
029580300401002080500004001090010567016070000740800100962000038007600002800300700
020097004040016082609000000001032098790085026006000000060820401002700800870003060
000904510000218000130507004062003970890020050051000046020300760070005002510000400
007060000450920000029010070005370000701496052603005090910058006060000700070640001
095007003780050490031900605503276080007003100009105000000000200360008000070569300
000260034200348005031097802700080000640000900900720650000002000100475000070809410
000068000000070830803402000006000041239001670070009083000000050408536702600204098
400060800200080150018092040000000409087920000930610508006100000100040703805206004
005003078000001002006000005094637000170582004000094703300010000040270036587000210
070900603900340021301500097000600005759030010200795048004000002000008500538009000
307005001206008590109000800005200019790461350010003700960000007500040900000030160
905000000006300007803000604060040083040030265300820709037100900092600050680590000
000080210000004903924005706005010002780206040201000500093801000802400005010090630
160539000508002107200078050040201073050000926000603510006300208000800300010000005
000400380035080047020360000002000690100000000800746050084650070759208401001904000
080200003050800260410030080061580327023706000000000050230060109806003500000950008
400002130090501200020806400200089310010053000806000529300904001108000070000108003
007000030090360000600072895046000000508704169000086200900800026700023008032005700
300125000200007506048003000800010475654000200000000300000509082960080004705260910
079006200006004050000050068002093100010607000703048600020005016100400809408001520
278040065041000092900000408000001050863050000000693004006000840354860001000104006
080309105001800900709120680002000090600070000040090060320086700165030800000014206
002000000008070402760402501871000006400107090000056710030710900200004008105030640
600100905800400020901007600020900060060348000708050104310000800297030400480706000
500062700098003401002010500001036275320007060000080000037008904080000300004371080
700800009509000800040159630480021060001040028900600004390000512006005000050403080
004136800300900400650000307010060724000075000920840000005680140100090008840000270
080451070507009210610702850000960047000000165003004080806200001070006090050000400
008002301600030090230070040006400005004069723092150000005084130003090060009000807
003008460106023070078000000000830007625409301380006004004001508009040002002007040
079600402410002008025070031000056000000009500563020890030010009000090006291060780
005009120480107005000200000890024000257091400001508090008042010000003000910750302
059004300401509000800000490000007003107400006008050041003680000270913008605002039
000000020250030046304050080941086070730009610025070008892705000400000000000903860
830200107906130028050040000010008206560000000002070080100700900680004000049521063
907020000000007100401030079008345700090200060030060481000083000513600908800401030
306840570700062008000000309040205096900006005560070801008400003100008207009510000
098000070100000500000380000001060830070890004030700050689134000023070600714256300
917000504300000080806020910200700300090360078003004000030106290060003001701080630
430590007690000053050000269005030000026050000000641025300280070219003000500009042
080517004470809000009043000500030090200650310000000405001300040020401000864025073
009027360000004080530098000100000903765900200000240670020459800908070410070060000
005200981900038405407051000000070309200000010000506800040803000763004058000060143
000256800968070025750003041021030460000500000009042058000004000080005214000107006
902501400004000807008407100000708043030000681000010000000100560861045079003006210
502673900817000000690000050230700080000000261080004570000050806970100320360908000
060020150003800200015069030730000010650008390000031600080040023047203000300900041
003000092002000701701409356000000008026708510390210600600087000200040000800052903
007305820480200030050980100100038960003014208000020070298003000006000002000800693
800045601000097580509003000068000040093070000045009000080016059900354800001900304
000907040349020000705840620064001000008004095007000006020000001076195200590402007
026000000300600208045002607000050010000028704207001000008209005050063091100875306
005006830030580400610403000573908000200060304040350709061700000350000610000005003
001259000000803000932061000090008370000094500064070809503106000009080030476030100
902050008000792641100068902500086304000000200040500809030805000017003000005640003
009005100000781020120000305802600051910508007000009400007804002000000700251960034
080040310140000000037000249900054800002600405058200700070005602000006050600082137
093820000007059104004100390650408000078603052000000406086240000000005800010900240
020405006800200940106300020200003700007008260093507080060004002002031004004700015
000400063900710005800060000040270080091080207082001456050640002029030000300020014
300710020410002008800090607070000300100007250059031080760920000908100570000070096
062804309007056200800000070000700005700490023540003090403061000001007530005002704
060013008031700009050060000974000050600004390020500007700340800590108040000657910
001705000075908000060000000503420000002080004648500032100350000006800023389210760
052000036000000405740000291004010360100300004005002000006120008000086910831904650
502063900000942000309000000497050603010870050600090027704000530800000704035020001
600582003000700600024001000008050000030600090046273100000305410100406080409810032
000200908071000403009010000490700300052309100008640700207504809000030270000102046
930100000184500090200009741043000005000000236508610070470060083060007050010050600
005728000403650070006010000000003020294060017030000049300080090600900531750000284
210000030900173460070009500021095800000000600860001075007504080500907004102000907
730001068008004530040000900470200006106007200829000700304100802007462005000090600
049007063801003009000809004530092000000000602106730905493070000000005007005024310
184003000030000248020005001008091036007080010600000400070954163000010820400308009
006007800079002000100008030008026450005903100010040290001009070493060500702054006
509603070324001060080000150700056932200300780030017000000430000400020310000160005
040030701000507026078000930800005097001076300062040050129000000400200060300754200
170095800590200003040080020700002650004500709900000231359000400010400300420703000
065000290400967015001000407043096100106700500927050000304020000010000006008079300
760390800090000230300105406047853020936021580280900000070060010000400000000030005
006900700304080650000765083720500048500029106900000002100203800005040290082000000
200000035009450800068031000004185007012300400056040100080000200400076008093004570
300000910024000508008260400003026001105930280007100630030000040609012050051000009
507080010082700500000590280670000030030057960009608004000300890806004000910065002
000076083306000020490102500040309002060004800507008001000007000684520090012890004
030800650005032180890050700003060090020009805040270301010003540350000000060510200
002057840406100300830000200000000080607000190580900427210008000960400030704030910
002603000308900000000801500090205634400000952025000701006300105570060800000047026
003608100041009030000300004950400300600800490000100280030087509089561720500004000
400980063039001780010375004068010040002530008700860390000090000600708400000006200
002603000301900000000504200020701849500000672084000501006800105130020900000096084
800206004000400816000500903286009507970000081100050209020000175054700008009300000
014080007000000010703002800879024000560308040000706009407060000008270053100049670
013640000040000350700390010900050067300906820860070000100520700007001006402700031
130070900597100600000000510620010730050080460409053801000930000910060004062000008
000809275806000019900070036010000042005620000000900700260730004000002367300506120
020000490004509080390048700040020008032900000005034026009471000403002870200000150
020098500405136892060000004000205000000001020080040651000329405500060019000000387
209000004000070002034502806007008400482100900000045078970083000100050609800600027
000370560605090310800005000000000043009501200328906001060700090904100000050460832
027090056900030107640207000000500090590103784003020060400082000200000800809040310
041007003006039000250100000400601205000054000000000478000006300837012956062090840
008670001500900083000030570200100060103000709007304150325040600060200810040709000
050098612490160007600000900080600050709053001000080370006540080001300400004000726
502806349140500870008007010210748005000200000867000003705002000000070008000301290
605000008200609310370480000000700004000004003043090175050000762492860001000020809
200000090003107406000040023020063000070584960609270000090050001702010009500792800
510080037680904210290070000321007006700009003059000072000005309030000560900140000
548009607060050409200400300420003070731900060080075000800600045072500006600800000
570080030009000605600000040040003520300271096120594073804000060703000000015600007
002000030009032800701908452064005009000020000007040516908050020400273000073090040
010290006003605120000007030000700690400860003370051000527010984040509060009400000
102050976900106020540000300009080000050092600004003850090010760000705090801000542
061700400020034100003001057002000743805307600070920000200400000046052300008600270
006080090500001040078309006305906704000000000901804503713605480060030900000020600
060050010504060020700204800040500076950608040007100080000000450316425090020080030
375000400000450763600013200002500007060002000050960180700106840531000006006200070
548700001609003000302506008050000290896400030007090850000000010460900072020100083
507000100003745062204810000000004070725030080410006509000309020050007306300008007
305190706070640398090270050080002005000750982500001600950004001000000273000010000
068001900570030080910805000600000400000900010390452060140096508800314002230000000
000013706079020081000007004090000870150030960806000000703002648005380000208041500
080520000039100800100030705003047201205060970900005000008012603010090520490600000
004300005000010642700006308109740000400060080000530794000800201387100400501604000
012706500038152000050038010290040000800000204040200001000913805080000306300060120
280603741170004630040100000091080567002090104007410000050008000903501008000000090
006050073304009800090086040005090002100405300400010057023960780600208500008000020
742003910060708500000010006900006007205849000080000029608052740001000082007601000
570406200096721008100050006080200090065304000902010050609500807034008000007600000
059004300401302000300000960000009006906700001007020089004570000590241008602003045
450800700000050094300000050000005802823017500590000010900082601018370900035100200
379600000205437006086900170500000000802090700000082635100000007008750340900040800
000207809000003000470090020604082501200130904305069000100004000008320605003000412
070900603500270048601500029000800002319050060200367014004000005000008300937005000
810950734064280091590000800209030100000000000600129470006500007900001000025007003
007000000600800790800716030090201805786453012000008300200100000908500007000040283
007000001938000400040970608081050060509003104320081000093000006000034790704002300
040076800008200030000400570080952040400017253200060018000083720062000000009721000
000900000031605274268000000089052060005301009074000002740130608000040003090260700
014080007000000060702003800196057000320901080000306001209060000005230016600078930
400250790000700340027040006012004000080370000705100800070005030203000678001630250
000905073008206000050140208046090007000408602800001090020760041700004050684000020
000820604200007030800004000103470580009000003087050096001048009950736040000015800
000000291003060780170000065007800010000204006502017430020008107400720009700640800
060070390382600500000203008900030070200900000078120953094002000007000801000485709
410800307000000058005042090001697003034581069980020000350008600090200000140060000
600001708580200103940730000409007001000000076073106950006800010300005007104000805
048050160300400827100000000900806030001035000800040070007904302012573900000020056
700000003160235870080700600030102560905068412210009700000000206000027300000640000
085900436009680000736540000000260509000000380000035610620300800000806900003720100
000076048006000005400050706600507002041009007070041053304000500090800300805134009
080970010070800509039510780207405000950000200108206050005041000096700040000009008
385001200009000300060800009020050047500429860604008500870304005000010720006087000
004600093050400100003100648006801002001705906037060400008370000300200070070008061
703050091208017036091000000900000460430890005000200309170030602004100000006020043
028790000000800519103000080080000070070160390260304800004006020032007040800402930
180000000530084020060015809000070234003802715002000000078006390005200060620000048
007460085900057040005021060420100050300000000570209034092305400000600320080000590
006710302300054000000308905500007230060802000420090800900400700107920080600000491
000102085500000003000030690643905020750820106020000004905003000030609510060400309
000400063900710005800060000040270080091080207082001456050640002029030000300020014
064807921100005003000041008700006004005010800030700006490050002000079045201008079
098362415003000000605070000306240500051037090004050230019700040500083000002900000
300710086506009000080004250008000720620870000700403801207000410000047390100302000
090107052200653981106000000900201040000009007000760000420006708009800500703094010
160000007030000008042890360420016000091000070000037419000305090070109500200740601
000734008300000000780002009540010390000300100030609524900001800801000765453000910
872000054010040790439070800050086210160000508000003070040000007087260100001050002
029050000001009050800203900400930086786502009013600002000700005000006001007325408
035710200802050600600008000750020916000960000000540027000002500090485760071039000
008002301300090080710050040003700004001083695085410000007031420009020060002000903
030000000040560307200000015008200043300046102010009008120900700086130090500074201
905000000006300007803000604060040083040030265300820709037100900092600050680590000
348201007509040081000008042004809000050463008903020000001000605030050010700014009
000406700000000231587013090000361082008000070032704009006900007903602000045030900
000613000056402010702000603005700320007920050009054006540009007070030492000000560
071390005280007001050802970000400000000039057940005000605000248000054709000120063
003000094000000136010406827100008050000007460580360210230001970000283000400509000
014300020007208104603010075040020000009006513000090480000530000058070090072001350
200003400070500300030071000906030004004012970718004205003400100680059703007000009
003000007862704310000360800700026130050000000310007059027030004005078601080001700
605080039700030000001450208070029600056008920020005080208003070000860002010002890
700600020043000007100080300000009543507008100000516798905020076600000805001065200
004085610030002090008006020002091700341500280059000040900000803010609052060230000
004080001090030524360501000206350009048020037000060002400010703105078006000400200
872061005503002000000005000000670042009004000208000076950306008300427600000509314
000097002056310048021080090570030800200000060300240050000023079000000281002061405
005000000700600510300051290000360120623915007400000300050406080000170000104508036
790805600500004100004070029003207980200400006059000200380002400065040802000980060
012070000090180346803900017009800000200006070057090081000350100000020498020008730
861029000053010000702000000020006039030108040409035610590381000000002050070050190
000002687400050000603090040130007000050036791000905020005000300000584060924060578
006008009340009001179230054580060027002000406030024080000000170060012500015000002
405300070017025000206070010100708620672000000053000700009010438000607100500080960
051000000300604500290000000500300049004000100917058030020143085003960704000870903
038970000042315968009800010000501000460290500010000206300057809006000000084002070
500001000020050006040207580780003200004902008000010000070026045219300867060009130
760000531050710480000034007800340000030009064049060375085607200000100000300028000
