907020005100008020080103069700910003309006502004005000000007098596400030070039400
065197342900000008470000901048000205050000080000000167500041700000030500009265034
020900000703014600900083000070040306680000040345607082000301000518000204230050060
020900000703014600900083000070040306680000040345607082000301000518000204230050060
005009000130800005800105700620000300073010520501030687300596001000780090017000050
057061000002075104001800050006209731029380005000050009043000008760030010005790000
014000250700005040050030000091308602500000004800920300008041500000002431146003720
000070050090650814051020000524086000000700240100004036007062300035008701800500400
000000306502036900369807420097060040000504000450300178000040069000900200024080001
720865490010200000050000038060480053005020004400001080506002007090040605080510009
976201300040083001000000007080032600600495100021600400090816053050009000100500090
000700008028034100910080703007510300300940017092000600040020006079000031200360004
007800600000950003060034002916000370004600105000080940498000001020490007070520069
000100050180003009520679000798000035602005008400030902810400007000001000000728413
004007000052890604087620000860010040000789200200005008006000385003000901000130427
004601070095702400160000209009060008000300050070940030023500047746830000050200600
801000500070209040020810006000004320060000004710023000140932060258601000030005210
289053010030002980007098002900420000000930050000001000720060891600009270008010043
060500080401370000000400301009140032004067900020900000902005167057601090000004023
006520008020000500759004601100000000275090004008002790000079186947608003001005000
004060090030045800106000003200934700309072164700010030000400600000306912610000005
810030000700010064200709051506903702070000000090057630607090105000405003003070400
905080027302000604040030091430500100208000000090043870700814200004309700000700040
085029070030007280007003001400000700806072400000041508360005807094800300000730006
010400908903100406000090005579300064030000001861000000020030690000769802706021000
670009100001000085020506400008790000100000860200680751450000036302005070000032014
093204050006397000001006903030570180570081096000060020380000205015630000000000001
064807921100005003000041008700006004005010800030700006490050002000079045201008079
001900004050000020900465100100070000830004610702091485510040030000100260000087041
000540390070083010380020700007009006006018520008600000700890065690300041802000030
040000125000047060603020407208000300360000280001302950002015000186270030000030600
020900753400020010009580260850200630002803005603000028004010300270430000090008000
209186073060450000010007006056001894938040001021060000003508000000010607002000300
306001045520876003090503627003408009000030000069000002640300750000000000738004006
040615300500002710020090005900106043002000070030500900290700050670059000100230690
600390075090002000387106020030827400040000000126000098970000001054001030001040507
806234050000006083040010090605047000034080060070560910052009000100000075000301029
036004825085000094000000001000200108090035276470008000620100509050069400900800060
278040065041000092900000408000001050863050000000693004006000840354860001000104006
000040050003860009050003684970214060600000500000600097420590730010076802060400000
200000035008470600096013000003159007025300900087060100010000400800026001072001580
700604000000000000950700841204090060501420008000007400005200697127005304469000020
500040800400081065060509070600875040035900000004006700210408600050090400043002500
004015260600200008050790013300074605000000002000532109003100096086300500009000301
001053764050700003000000501607042019039000602010630070000060000020305006076401050
020037540058009020370005908091700634080340001630090000000002000000000709763000102
603009002857400600100356000270640030309001024000203000000060200700000085000130467
671090000095201084008006070012005708700048000900030405860003007020000590507020000
005701000000023418402000500208135009700002000050804120007410600000059204004007080
008700364000184090020060801000001940000000070809007005970210083460803000000945010
059430000410000005003076491002300080070042060000610004304090008001204700890100500
010060080000510307320800069700450090502008700000120038006040820003081000040006901
801720430000000098003090000730915860000074000006030907075000609160000072004500083
006100000410029050009070124008005000000090068974001035600003549105067000002008006
001002057060701803009043200950376010307025000210009300600017020000008009700000006
010003200095160000346000071020008007584000009003540012002001000060370105000604730
000904510000782000390605008028003460760050020013000089050200830030001004470000900
809037000020109000507000104070000008000214500260078009700821043102000785300040000
034000907907400030261000804045010000600040098019680400000230500400000706008700029
600004507034000200900516003068032001050009042090005008800060735010900000306008100
002803001009000056000000082506300900090052800000600005100586239608007000930201670
040890730900000800630500210090045000200030090406900500180302907000759080000410300
510000360000006000090253870902300040850600703000540080020160900100030050069070028
020047030106000240700060095004000900000034128091625003300006080058001000670000502
005000003430650907060210080020170509010025008300000006003401050042030600100002074
815706003200000170000410002400600300090840000503002684050008740640030020900004030
085020360006007002200400800009010700000608923060300008900050034040000009601943280
900000600601025309007036080050004000804250706070060450203540090009078203000000100
000780960047100582900200000030520670001030000279004301090600003600002005802300006
052003000300000041187460500800002005090105326501000080208004957600000000000570260
030105409004008300690070050002509040000000010375006890043020085000043006106050004
012708009036400500900301007003270090491000006007106003029087000000600901040003800
703006000019000307050010090000000000064907100802060975405000089180029460090470200
500000302780093605063004080604530007000060153300089000938000470050040000000910030
920807040713240058000000000600009800039000070008002500302750480040090132801400000
709000100001020006005900030000800001040679502570000903910060308607300010832790000
200000017400890000760000000090654028000970400001203750850709301900035200003060070
008795001240301005019200708000040200063507000090008007000006094000052680000439100
000204300300500049000030005807005034052003098400000020500090081208076053001000472
007040025409070080520000074000109250978000400102000000001054060003800541205006800
160700050394018000700036001006352800080001245070900000840100923001000007000000604
670500038900030106010068000005790001086010070001050640007000800800170260039080004
900857000708901060003002007809000401000300206610509000096780143005104009001000000
000070060091420050062930400070200003000009580030047100007053004386190700105000006
000025074540060020200900500050700100021006083004309200090000010800201490102590800
003100000200057900058300102045000006001003407700541090032908004400006520060005030
072400080900020047004030002090063004305800200400010670040007000806540039030001028
080010030095000000320970050068020013013568000500000600004809100000250700850001329
170000403290030058000000060000072810020610300807309040702001004400020980080500072
004001209905042000070090000730004108508000004000005697050906000091427000423100070
000870004060300012000621508039706000007030090106008000003900020008410603400563080
300600000001080709056490803003079106507000000600801450900063205000008004065020090
103700465000050100005310000010062003042000500906040010600100080079403600081605070
600000300731600400050301007000070045900000823005900076060094081400800600008100734
008035270017000390000000501005704030803690000940200107780500043409007000000042700
200600508910485020400700009000003760052074000000806051004000175570008900300500080
000741060002006800560000037900403078028000300300280090200500400000028750785600001
020001600980306054030000010018004930753009060060700020000140500090027006300090780
052000000308000702940002305090400800070623049060050070084030020130090684000700030
500720100800000069003890020907108040020040086400000013030000050206354000080067094
305190706060270348020340050010002003000480572500007600450009007000000831000020000
000850704180003206457600900001000500800001003640300092000000340300085009706104800
960500001500073090030009007140800000050061700080000000090000012320984576005016089
000700405700020000936504021600400800800007354403100000074019000300600970009300140
500309006076000000000007508207930000010504060000000090853600940091840620600700183
007000201103000500008231007000010409064020000809340050056003108071082006080090005
506000308014580002009000001037020160000000000002810073973050410458006000260079000
045109823080000000200860400061932007307000012000700600000014700008096004930000201
000000060006502371030000502294706000000001200007200054060940005000320940079165800
000006084005098020100007060700002015020050740581000000006480902074605031002900006
070029000086157090102800074800702300050090701000000000007503080023901450000070930
010630270706204013000070008302080401000520007000003020047890002508310000100007080
000000300204071968500800070049000650000600000005743000308000106971060034462300009
360200000070000000004000720020986400930010087000702100000157800510098072807620050
400070080650302004018040670000850026004006000200030108900100800043000201000068739
024007038007400001600905004400050090060000785053709000100003800030510000906200153
954180007070030504200504800035007200008060105002010403000021340006000050000300701
003700060724003000001450200059000041060100080008000692905070824400002000802045010
105802000090006005200400819009007306702003090000061050007600030430020501600308900
050020040020309700700015083007000039000000401941070802072104000000702100005930027
170000403290040051000000090000074810080350200405201030602008004500020180040100062
010000509305008002700502300001600003050014070067003015608200000100380907500040806
610040073800753000003010024094032708000000940000004000036800295980000030100000486
000800003034200000560390427810000730050748016006900000700030201940002650000405000
070040010502700980006802040691300250800000007000085003300008679400600020069107000
209030040547080063036205910000406000050000004003008700000000320305019400694000071
720058060000030500600400710072304005800010236090200000900501300500040800041090650
000006301507029080081005700060300920900760000073050006028007009010000500050613078
000006532050304078030007090120000040903405060005001700097102050800503020000798000
500102643380700020400060000965400210100050470000900000670014005004000102010095060
109050003000401009028009014500000001930065080600803900060300700000507040273040108
300008200500020309402931657050080100908000002006005000017054930003600000600703400
060020070473106000000700916910463500500080002800000094620309705000200800004050300
000060080010705060968012075190206800025100000006859000409071000080300000000608730
043020008900701020070030605001350907430000060000072800004000070826047009000603084
080200000001000003702930805128000060050040380407618000596007034070309010000005009
500630900000175362320009100700010590001006234050003000109007003804001000000900017
000004960205000304470090005301006700002000048008120500604700091039800472100040000
000024906060010000700000345390852001507000063102076000250000184000001030000285600
601009500800017030000605891480000200000800310002506048050008460900004082040000150
483000000020400003905100000039042180802300065500010302090034500070050000058200034
000800326810200400060750000000070084107002000480901072700020045040097200609005010
701009620409000873250000009027501006003060010000203400580070060190002000374010000
100600070539000100670000000000020690002960530010803742000091056000530820005402300
083400001020900004904137200030040000607098005040200317400000800508600140060004900
800700004060000820000290300005000009200930040140820630520109403007002000410586900
406100098200605001900084050005008070020709500080521000010402900700936005009000300
000059000406032980301000254070003048030000700800501090080000130019307020500200809
690010020010025840582000009470652003009007000105080007300590070000070008027004900
080402003013000476060710000804150009000090012091008050040000500706829300002007008
002003106046089000050200380090705012685300000000008600060807500008010903501600400
100267000320000087040090210062008090800030060009640178000304050003106000004570800
001000700027060090960000100049056208005001006176048005010002300000839001090405007
004107053309405000000000901000040000780030405102809370030000502405682100200003700
004001209905042000070090000730004108508000004000005697050906000091427000423100070
106742000000005206840000050000000000000256401014073000591020600608000534037068010
000081079093270000507094860050000006730008451042900003361000500900100000200700010
307400009800573120120906050083205010010000002005310900608002000000000801930008007
620300901401090000080500760803000200270400619904050803040030006000000030508016090
000100200010805960524036700100000000005010080078569100009081306000700400207094050
000040061000310820400080530045863000000001400827050600706025040500000007304098200
810326000003750098500000006708900010900003020020405089051290403004030000000610800
150700406060000892804026705000100504040078000000000360000037900030045001578900040
000060901000905007924010300070080100800059002503100048302001590000342800480000010
920000800567030014000009572050700300490100200700804006000907000019006780603001020
600804010400902063050700948003506000004300050001097382730040001005079000200000090
020510843000000000518400070000007205190802000302900708041280030075000086000701050
061500090050009620000061405510090004038046000647050009270000300000400050400603170
900010803500020000004000672000502067053040091009300000630109408102000035800004710
601000820920000003803001906000009530130650479705010000310007000200100340040900100
008520030020040080100030004064002017001405060700086905000009070410000020806254003
100006500063005070000930280030040600006019700207080059090000800080760105502108004
400000350021405000060029010014050003000103046307064901209006070070540200030700000
000209300200800509307050000904600031030400000870300462700902054020060180100708000
720906080080007630600400090400600028035009000000240903067008204000504007048020009
000021300320706000058000006594000103012509407030000002005360900470085601000904000
526078300090005010070460008700004900604952070009000062810020009200007030000340005
301950804009000005870002000003160900010009000000238451406800013030415092000600000
620300810001804200400920603007080000930106000060030900703098100190540300000000580
020890703006000010900040050400100030000060905569000401031028064000600078008304092
900083000007600903320700054000000002256007090000900300070109200040008109102405836
007109000000056371006734905000008032030910500060000008004800200090045067580670000
480206000305047060009000200700980021104602000000500090200060007946708002500009140
060004807000500940410308506800009210000207058004005700043090005000023009900000382
089140263601305704000000500002006000000530927490080050037209845000000000000003096
002003000483600590701005324070200010200090600090007200009050802010804030308000045
260080709800905004100060500418600000030750040000090306680341050050000401700009003
695002038100600000000805600019060000050007301006350204007090000030700926980506040
004537001100086000000040600200001000316800400408000126500608017083710900001095000
085020360001004009300600100007060800000705413030200006800070041020000005703512690
000100080080020106501030097700040820005080710008092600009004070000357901074008005
190006700000090540076058001013005400000604300704900015500701802830000000200580030
600003090080700003500204087006037002100825006020610030000046705200008100010952000
624000000038097060500000003086000530010600002240070100002008079000000348873409250
000000106140060079650130000801650900004200605000009021290071000500482790000306000
000000800308000024000300165027605413000000608106037050010083207700209000490050006
704000603980005100000408090030102070679000801028697005000520010261840000500000000
720908000000140207035000049050700108379005020000260003500007630290500004400021000
062000090003000200958007060000610025000200030096405701401002000007984000029150840
006010800059300400010805903082050001091080600000109080900000068008091704027048000
100084700075201300620000001080000013910400000234018000002706100050002604009100025
801000000050008310204907605000100207600790800087300000970040132023000406500000078
800497065904062080250100090790040510002005900040600000008970340300800000010006009
269083000000020891100904000453700910002030000890005004006000000028007000741092530
905360012000012745014800060100090030706500198059100076000006001802000000030400000
000068000000070830803402000006000041239001670070009083000000050408536702600204098
000950430004603902005400006080060000530240108002038000760524000048307000003000740
050000070780050061913060000002509340000240107000800502120000050047000000609785210
300050819108700004249300006987020040604000928020000000065004000000005600802006470
008752003046089100000000800000200000000006081650847200082001904000420370035008610
409002500063049200852060149000000004004000638020800000200070400730000092000205371
671090000045602097003007080034009508500061000900080401780005003050000910409020000
085039021302060007010020000003976500500302086004500009000290005060000490050084002
750643200300027564006080079004398000070004030002506008007000040691400800080000000
009000072604200008053908064090001000760400350018000297007056803800090640500000000
600500201008100360020000000007200080000043000910650702306824090009317654000900020
070000054000400027204570361937100000050047009042038500000050600005700003090002085
600000300731600400050301007000070045900000823005900076060094081400800600008100734
000309208019700005308006700000004000627500019000120306070960002001000900980405160
200800003000004000040300008000281500050000261010090830100048026306105009028903015
081093020079008034000000000040860200790014305208050940007030002900000700160900408
910020007000097620070000804000709000509040030021503000007930040190078063052004900
060000009004095100000708460085079630070020000003010080300002946410067000090350207
328091005050040972000500000090007000200604597000059410000002700075080100010970380
000706200602000050100240900901432507008600412000010060017504000090100805803060000
190002083000600000036008040270800069901020804084100750709065000600000900000710420
000000060069501004074690300502060710030970820007200000750080090600100007008706032
000100080090080106802050097300010850009030260001098300006005010000927605057001003
800001000967324080000090003750000000106085320000210000400930062030006008018072035
003700060842009000006380200024000071050900020009000546908070615400008000201093080
802050070070006080049080000038509060050004002420600005390000006700001503261375000
542069003000000002080075904870000030003007420200410008720080090001750846008900000
000024906060010000700000345390852001507000063102076000250000184000001030000285600
839000006000080500460030000004300960002000408100009370517400603020810794000003205
043150080180037060000009013000091000000000930009074005300010008000083102800962374
001070800060058000008600540237005980816000005594860200080400000000309004009010708
150200300870005061000061000085409003060002090030000250018603940000047000740058020
483000000050300004907400000031047590702500048500090701020084900070050000048900025
087650902000702000900000005000100500459080020613029000745018390806905400090000000
042038050090040001010009084100000000860912000400007129956801700080005002000300098
000405700000073260009210005008500003167008504235700198090000040710000000006302900
903426107020009604604000200002507040140090005090600000039804500010260009080070000
080120000200000000000058000600080100901070380005901627560410890008032470740009030
000850072000079000708623004200700098850940700007060001006007049002406300000580010
002400791900023806006079003000702304000900100701085000400050007230090010000807409
400000500005710000073650104080592040024300080007086005000903008000025000348060052
100046500059302407420500000000060184710003009800010000071004008900000060030290741
736405009900300600002706000000500070580902306129000000000000700001830020075260891
800045601000097580509003000068000040093070000045009000080016059900354800001900304
000050723005300100000247890200004010006520308000100000008732060000980004632000987
600100905800400020901007600020900060060348000708050104310000800297030400480706000
106094200490000310000508000009020500002056090508900106023007900901200700000109630
026940705004000206007206000000001000100002450475069103908000000040030809600790502
008005031600007008015304679026700000489100307107600002002000010000001046000800205
032900504005600109040000020003406001098100700506090200867015000054000018300009007
060090142008004703000020000800000054356000017049530620000072000037065080624300000
003450800500890071689003520012908000000000087090507130000305208008210040000000003
008502000030897004007063285000108002802004090050200070509706400080000920400000057
009100530080000000060985027200008090098540710003020600017050069000800004450096070
709850000300420059010007000807506002006080037040300580204000061600000200081600405
010092030790800040238400705020905004057080000600007058000340007069208000004510000
002050008350900007690308020835040600000130200204000000003009056700002041046710800
017058900003000008060210570400090002070030609805062300700040080609700431080001000
000045760504087090710060500096000410400000809031000206045703008070206001600000300
000002450050406000004080030046120080039040120012070600005007300103004900600200574
040000390602905040070604005720000000410007203000142607057080400300409500004000870
300970000001000029089002007294610870030200600168000302000084061005307040040000003
000900000006580010309700846014350600000001530560008100100800457845003000000205300
032607090800205004016000207600301070209000000001450800740003000068170450003090080
000100000697400500158900306000040009024563801700000000200000198000010634806000725
780400109000750003043008006010500207004009500920860010038600001000001900059070680
347000029000000000095230000501643987000900400904080006100807264402060000700000031
000680950600003200547200003050001084820040100060805020905400010070100400000092078
700002000109605020504000090803490102060308070000000508008530206600070350090260080
006030080000806300040957210100009040000140500204000109080301670000460093093008001
000000506570106300001004002000948605030070020460200800706003490900080063100069007
932080100000091002085002300001965008506100000800000010750004000600207039003600587
700900000800070064096840207003005090050060010010098405900600540004109020560030009
000010650350000047706003980460501309030270010020000000070040001900100005201600734
400980063039001780010375004068010040002530008700860390000090000600708400000006200
005090000260087000198600000000400900420700810800520000607942001000001659081006470
908006325007300069600000000070904000160038000409001000390045170021607543000000006
900000030045020070080109460600037084057002600004008009020060001060080090708054320
005270840700308050000010320007000080200189006906030200009061030070500002301000594
007405600690030704001002000170029400000804001204000980000000837483576002009200000
090002080476000000000310794900003608065080000080260940530000009802040300000537021
000760208048000607207100030400007000012003400905002080800926701090071800720400000
005740090834000700200005000050030084000080905300904020590026840006590072003400500
468000300000800742000194000034001900079468035010000824080500000040007509006980000
005270840700408050000030710007000080500843001401090200006081020010700008804000135
100020004340000260000070003402000000059432600603800002204003790038640005001007306
000490008810300907900000042002800104040000006008020039390000001476015803081007090
079600402250004007014020039000092000000006300985010720090040003000060005628050940
270019000900700031036045070000000050050468100009030068500004706400073820600050009
829704016000000400000030005578600000460015980903040600000000068706102030300506200
089010004001400600500000310078500030900230057250008090035000748090300165000860000
600000208420760300008023007087910000000300092349500170050200900100895004090040000
500000100206097803070502006060000700100024630300086010700301260402050900050009040
086020000500004100134970006240508600700000043061000520000002470070100062802460000
000903100000600702500200090017050920056030007204109685008020560100508000020091000
800001000967324080000090003750000000106085320000210000400930062030006008018072035
420703000809002000617905300150009403000000506046000020000804001294000608780250000
416090007085000000000601000007216095000000700293800004304705900160400502500108003
060020070473106000000700916910463500500080002800000094620309705000200800004050300
231650008507010046004000020100260037070490015083500000000109004026000009000086050
000005020714300500020640870800090000005000060037486215209060140000003000001904602
600003009900205004500090180890000062000004000002008705004810070160049058009657001
010000205650720003900010746000009407007080600320040018100500304530001829000006000
005003000800700950270409680001000009957000800000946170002004310700018400049300060
102000538068031409304090760000054000000009010940702003500020100420007000600040087
050000730902047050300610900020700800100004503705109006000903400537008092000020300
902070401003009000140605003400780000307590000856430000700300500010068070600050809
190000260250007004000020975049851000630970000012000000500780030070306082000040190
009027360000005070150036000500000203731200600000560140060372900304050780070080000
620300810001804200400920603007080000930106000060030900703098100190540300000000580
090012753070950006152300098000038540000705200085000600010000000960247000037000900
006070500090540001150600870008000060030804017200910308003009145740035000000001002
950006031004032050300005002010600040200009100790400620030200504089050007400970080
040200780080497061000005940000000000000904827600000150904350000860000030201049578
020004010000210009000076800109702063400069020006308950002085100007000205601007300
806234050000005034050090060204059000067010090080720140048001000600000013000906078
021060000080109000000200003009820700005600020072000546040010089910700402058902307
039000074704910500068740090010008600800090000970600000290401780040000905600500013
503100028004020956200000040007600010100500390000403007005000800001935460420706500
000830060600400705405090030047501308051370090000000070004080916039200040006140000
000370080310820540068000900000480000127000490000207056005008060604030005800705230
130070900597100600000000510620010730050080460409053801000930000910060004062000008
695002038100600000000805600019060000050007301006350204007090000030700926980506040
509603070324001060080000130600039487400200310070064000000540000800020650000310009
000001300300904010810060740000000001206149030053800970901605403030008006002003800
050380074600040290024500000800073050069800420010004000200490806406008510080006000
467280030009006801030750006000000000093427518800900000000092760000070103001008209
000210596510060000796800000800000004070546000960300005107009002420005089680400100
230094871100600090087310000560083020370905000000000080000000062009200030600039418
508046300000000016001203004250001008004058000800030571040015003060020780082700005
200003019003829045700001008920050400000090082047000500470032800050900300002480070
029604000800902000006170800000400080503820000080507001700240310065010940300700620
002790068360008704008005019035000000900400020070050001603040570000007096097200083
080006000426305000137020005300600008700290000000180300815960400004001800060470950
720865490010200000050000038060480053005020004400001080506002007090040605080510009
002360100080020409006090800700600000100080040054903612001000006070236900038010250
976201300010084006000000005060097500500613400093400800030562084020009000400700090
020180003438000002917000406250068700000725000000000090060430800700506000094872001
040815700000000001000760830009620004400000013003500028298056000100380250730000180
010000802032170050500068000200000000654300700109840500701620085008005230000481000
000670093932100780005803000508000030600059008020460010003280069019000040806000050
000000080124600903000002640812050400900800700476193852500010000209008000031060000
376805210409000308281007060520906000060520007030704006600040700000650000090000002
403805021091040030000010054000207010300100006807009040009008105002001060150076009
600004520700200030020100879800506000009820000502041000000010040280059007940387050
003050010000280004050000080170009460040000305308005070004000721700600509532701046
000050043080400000453019072002905037100040500790002060800600001010078000320000784
000050008190702000035400276050000080679000003480060700000120030007045021510830004
000040090096000003430500008029000380040008057700120640004207910010430060008900034
000004500685031700200075609002380970050000061300150004420500003063010807000000006
030007400070010230106800050504080300302009615000503000000006502003400070040251903
730015000810700052000060710400090020128400006000680104090100008580040070070900305
190006700000090540076058001013005400000604300704900015500701802830000000200580030
304000500200501003517084600052740030900200400036010050000000064003050290120000370
000570803400080900801903004070001008000867230008000057000008470082000006740019580
300400200000602095000510600072143000503900000400725000981274500735006004000000009
000208070820000301037506008304060090091050083000301040500003600710049000006005037
080520000039100800100030705003047201205060970900005000008012603010090520490600000
700005000000009030403786500076021000842907360000000079107002006260090000080670024
000048000402000030800096400006980300084007590379102004040020016610000003007560900
600002109000870002200000800003040910064005703900103605050468300806201000010530000
380000010500090006000413059025734000600009000000000001200340005913650002450901670
050000000002370490004080000407000168026908307000704005008021653100090274040000009
705000000641000800090500070078605490000009180030710000304190020087054360006037000
230000006047056100000829473351000002070000051000001060005030000492010007060708240
048370001000094000007025480000907100521000004794001000006000213850010907030700005
801000500050902040040710008000008920080000005260073000520837010418609000030004850
500061000600302410002490570903620108810040007070010003400006021000005000300200980
000000020250030046304050080941086070730009610025070008892705000400000000000903860
004601070095702400160000209009060008000300050070940030023500047746830000050200600
009500480502090630000682090740901003230006150960000700390040210100007048000000000
513800096000064305020050000031490607000608000600000540145907208000041700070000050
040500089000200070209801006810400007000070802702160040020300060003610700906050034
603000800010090400040036001801040075300605080070280300036807902004900700080100050
000950430004603902005400006080060000530240108002038000760524000048307000003000740
302647800000000000074510000008270109007901000000080367025093786000762500006000030
300001008005200400427030090700096304200317000630800500060084900908020060000900041
060005034000060258040902710600070090070019060050624000205300000006008005190206040
050041826030000050148026070016002000003807040800600015060000004085093100097000008
908003000000026100406001030370810290860230500095000010000074020100350060040008703
004031208002000010105620030530049060001000540040057009800700001009403020407000056
600590000450080002010200000001000605060127080084065317896740200700810000030000800
920745100300820400050091000800200703040510000760000000090108300100000589002430670
000600009036090480800007620000070306203060050100345090010000907650010200002906530
650807030800000010400600000180209740007381050300504091508040000000030069006050104
700020634042600000031400007000000000013009000460780025000904070000270983927850001
607298340000000080209003000920871600008020010050304020070002091500100060042000730
890430012360015849004000600586000100040009000023080405000000700430201080000008230
009310084803070069010009000430780050180003270000100400000200500540607800200400013
070001090501820036020030100005300908308096020007008010030400000100503200602009840
012530079060720340000406210500000403200914000006005002080040700600259031000007000
100050208302010007005000603000081000900537802837004590003000080700800400600045109
000602000020780403680050270006820000002100900013009780150000637000906024000370100
307009080020170004014000270045800000708010000030952708000006800589020006000583100
260050040703040060000001035010030600604000120009176004370000080005763010100800570
906000701080125046400007000090000003270063009001009870130500090020030080005016230
400570060008023700572890130007300001093040028001000006324900007900030010000000043
420100000908000465000900102007090001000200800000004370089036500053780614764000008
050007040090000072730014908007452000120009600000300000503008069046090703078200010
060310580042700010800040000290060400080470920003009060008130059350007200004020070
018000004400510290560074000029053800071060000054080010005300902000805400200706001
005100480006000230240000000000089503300000700600023148000947000004056310087201690
940703508003080740060010000000007053230045009085090004051000260000602000028070930
001950804000000025304070010002008000060030107010704002047000251096080070105027060
704265010621003540580007326000000003000000600000830000063500000070340905908100230
420719800070005401800000002000003187130006005907501000050000000700008234240360008
090030500630028007085097003128050030709000810003000900300006140870002056010000700
005903000670040900900005386009050004050400098104098070060029800400501000000684010
400003000300042000100000054000075000053100020071036800730089501004721609900300780
000840003001007005009125647500000089000750016070600032005904300460070900908000070
935070210600130070001009800000005687006700043107000950090607000708200000204900008
390200086050000007080014030005082043623051700000067002567048009009006000004020000
500070060271000005008014027000090004809306700060020800900460038080100076706000540
001209000080000523072560918007000000059600042200007806300090000600025397700006080
050000100000508000006903020001075609090300010360000785920037861000021003100600204
000013706063090051000005003030000240650040310408000000206009137009470000805021900
007983000098024057034000920000000205000508670740002803000201080200869500000000102
000204080107009030098300027079003006000807402800090700360000079000730260780061000
106903005000000630400850090004008009089470010060100407531024900000300140040090050
006000030084107209070043600053600020000400807007201300000506940010090083549020000
040200100700050098501900002200080000194300080860049207600000050400060730389005600
030026078601070030070003000002004050800300007306092810500239001943010005000000063
009002500002000006840003070100800230400731895080029100304900000068310700010004008
030005009060900800907308500700080493083500006001004700805600300010053004079000260
204030500000096302008000060005210003600740205300000018000061054006000830710580026
050602000000409563000000000093000800000376000040598130670285314400060900810040050
690010020070092680238000001380175004002004000705080009400750090000020006023001500
031568000560479830008000006084000003020300500050700090200053047600100300000042015
300050819902800004584300007739080040105000678020000000053008000000005400801004790
000009018900801350080007000803172540560000200270640900620090130000016007000580000
000900008900030042000007050000301496034000085610048237470690803083000010200000004
030800650008056270570030900005070060080002107010360502060005810820000000050780400
036401070004986000002000846901072053083010092200004008028000010500239000000000500
002000170000500036900716800090361200017085390000900000005600703100050020870100450
106742000000003201290000050000000000000189503014027000461070900708000635035068070
502806349140500870008007010210748005000200000867000003705002000000070008000301290
961000584875490000002008007603080200000000840098500001000030109504200603300060020
000046130041090000093000082000350701317020000500900306100080090050009200930061805
020900000103058400900013000070080304390000050245607098000701000512000807730060040
040000000005023847003704060004200708050090002092307500000070480470036000086900103
209400100000001209105907040500000060007090580061074020000706000054208376608000010
005976412040005000209000030003000040706100000020539601010890060960700005800004097
070004105006053004480009006002000417007005000001762900154096273000500800008300000
080061000607300040051080002075609000090102060100854009068020410000016070702000900
906080000000006003004203060801009427249007000073600890400032000000400002327000945
050004370704003006610050000941005087360100090508007031080940050200000004000030120
000193000007080006300060000600348009090000007805729014006900020100572068720000105
009310084803070069010009000430780050180003270000100400000200500540607800200400013
001300007340000008000080453600090802010070630804010000400100506107048320260030700
100700080005094076076080004063002040400530007700006020600800001510009408300407500
000000720192005400008402006003084070040053061605000003409020610206010004000340005
708609034000070980000250001080007500907480003400100890539840060002506000040002000
500040800200038079070509060900276010052300000006005200320804700080010600019003400
040000096709061020020059100007600000080027601690100075000846000072003804408000003
003105800059080600800490300700000006090007040004900758431009587980010000005700100
700604015004912600100030000070300000852149070001700002607000800010400000490870120
210700040903400010007005200534079000090850670070001490700000060000008020608317050
070050000430100000080906031900260000026400190045010006207094800160007954300000002
507103904000050007086040000263504000400712000008390040030900026710030095050000070
020009056007508002000020709004090205070800901905000070300760028000902530002083090
000070209000102605023009047000010508501308400008704003486907000090030004050001700
039200700000700300000500906070124009080306201300000465203080040490031002005002100
070230008040000500092000400725600309010390000000002060004708003087100900150429086
680100000200690814900500002070914300000700020530000401300059000026087549005000003
000000901230001045091634000078120000956000100010508003683000200005903070740006000
029003700700028034006500090005240000000005406092100580010089062970600005060300009
000700405700020000936504021600400800800007354403100000074019000300600970009300140
040000000028007935010900700090400852204580003506020410060000001431008209900700000
500930072960000041020014000000200406605840010400003009080405007006070030170020068
007400002050000704900030001018920603400700100370060095209040080000390200100670049
679800000400750800308010000000900532807060090000030678013000050005401320706300001
014080007000000010703002800879024000560308040000706009407060000008270053100049670
800600007006017095900000306080001030043072080029000500007094058502803009000705100
507000100003745062204810000000004070725030080410006509000309020050007306300008007
008030000040200900039067502357800040010093008080640730200086390401300070000500000
083004001700200030001000097060000700014085020007006503100603900095020300600950148
002600003050970210470020060300280900000000037508039006005090081260850000090100350
002003106046089000050200380090705012685300000000008600060807500008010903501600400
070000054000400027204570361937100000050047009042038500000050600005700003090002085
000120900003009000069740381782096010005200867040007509056000000037000008000031070
370600950200000004000490038417003086506080001820000490900001060050720000040005120
030800000260500803008003950502008300080014005410000060094230000800009032003185009
100040800800350000070600000034000000609400302205003640300080400968104070507036028
065400130000608004090050008010069200040000076506084300051970080002045009080000520
000060090961008740300270600020000003000980065098306004049002007200800410100790020
095007003780050490031900605503276080007003100009105000000000200360008000070569300
008060305067508000009007406000004002001600030904820607046003090080409061100700500
073405900040613007005209130400060000007002403010000270580930720004700000000806300
009500480502090630000682090740901003230006150960000700390040210100007048000000000
030009085894005000200010907000900618400100259080600003007040590940006070025001000
007000100900051008120006700001093807000060302860170090000000050309000081516049073
085900436006410000342560000000720308000000260000035740450100600000207800009340100
730601040902000170000740500306950000014002703000100650200405000003080405058006200
086900253004130000035860070000721005500009020200603487609010000000000700000290540
600302098087590000209600000871923564000007003040800700700100902000050000518030000
304090005010000000007004010000000492900240607000905103053069071000003204041780509
930100000184500090200009741043000005000000236508610070470060083060007050010050600
001600000090530600640082000020013500060205309350900420580100260270450030000300000
982000000001326500000078024400030001000080030837090406060000000514800900009013648
043208005906307080800056030004000057601072300000130800009000003200045610500700002
804060013010028050000010700342080095060103007000009300020400030000032501173005080
070302060003560701200010050409001037380000410000003900020140003030076500008930040
000200008000416905406085031030640002810050060200093057080000000002508009100074006
210008030400170006000650004900000301000735080083091045800400003030527010500309000
061002370004057080200004000800900000972405003000003859108009400000720031720001500
008003090700064100006951280000480002073000040000300851000598710001040000547002008
080000070600020018791058300507000800009571002000000150063700400075183000008045700
004013000903600010010080340408076000006900023005030870049100208000390700360800001
690010020050072360327000008970435001006001000405080003200650010000020007081009200
050007040030000071670034805007361000210005900000200000708006039095080604064500010
920700064650040030004100809480607001070290605000000703597020300800070090040006000
060013008058600002070050000694000030800006710010500006100730900930204050000981320
982000000001326500000078024400030001000080030837090406060000000514800900009013648
080001007003200400790000851047010002065007910020609574270005000100806009600000100
000002000000680001891040500679810053030206090410009780000060020100930805007020600
006900700409020830000861095980600014700045209500000007200406100004080650035000000
000700000006490070107600340904567231300080004000000096090015060041206000600003502
004350000607000590200970034025007019300580200000200700510060002800401905040005060
560300709470090600090000802214060007085207064630805000009600150000430006000000003
020705080000003960000861500060407350040589010010300700004000100250070039809050600
200000017100390000680000000090185072000620900006904130960701304500062700002030060
054001002360050010000400000603827105007500620020160800000000070096302050400085360
030007400020030850406100090702040900503002674000703000000009105008200040010485206
047935608050021070196074302700050040305000120020010000000280000600000000432500800
610809400004260750072050000020083040000507069050040180007000210400700000280035006
008900036300620810590080000801050002920046351000002000702093068009007000600000095
840050063030090400600020800000080000103062900927004000008041500001600082350270190
020400000008700124301000005200500006513084092004000050000820900000006087069357240
100200900040807000007069300490025700030940050010086403081500000050600012000018509
400600085295008000000503900008200300009004710042130006980351200000006501104000008
203001000094235000800670390001029060008500000760140200506000719040907000000016400
970002100080500703020130400090015600300008040058900310807000500000703060035860004
600008000738600402120370600000000326362100000854060007200801005003000270001700060
000054209600200050042610080120703040050000070308060012004036008235047000000100400
009120000084000302630080090890006527370010000200000800903802400000050039520430080
503900006702061840000000057087430610020170090000820005058000360001050079600002000
230070000000010030708520196050007008060098504004050000870001069609740080003009002
040050200200190306639007851023500080000000002507020413000065720700904008000700000
500007890060508703702003600090280000078060050200004000006051400021000578000090361
000006000050700090319020406503007900082940007007000043090000105000039264401560009
048370001000058000002019830000105200483000005215003000006000342350090108020600009
600040300004500002032070605510006700700200080800094060060051000350607408290008100
000000100085003290602900485419065002700400006050009800000000040074298030060100509
001900000079610002634000050052891060000300080090540200003200006905103008120008005
017080639000000804400605020002070906780060042650809070200907300800000000005048200
590410628240690070006000004000200009000070045415309007000900300109060700000801406
400703000007009038910020760300000800602015300009038510200381000006000140100007203
000805002120300087083020050010080000800031075007002890904060710300408620200009000
043020001000000800521700004180000003090803170034019205010500008000107600068000517
400378050053006204010524670500001000080030010000005090025400830000000000349007126
001009207200070000069204380020400001900100400400950630090001070170690504050020003
003480500540000070029750140030104280704300001000008004002800609090501008000600705
706005001200000507100072090402010000000086104015090076640050082900000700020368400
400010026000200100320009705203490500759030200800700000690020050082005430000840600
040000208200580907001042300002007589004025000390060002750210090000070005060300021
152603700070050023000000400400080000030700002280504167706300015010270000008005306
000009368020400095900306247165020003709001020004035006000002009006007002470000080
001000230020370080000060719000720500860000972702085000300942050200000691080006004
000009000380057006290010734000104508604090070803700400030000000900002140002683907
013000207800070090759000180001700040090500012030901070900400025000009800045287060
000004075009805034470030000050690008340500090008400053002700080860201009500006702
000008501100320009002700000000234805325006004000090630060080203010950400508600190
900004000302001098080030060120065804090300570003407600030046057670003040001000300
010407020008600003090003005200075009500912080001060057003708060802500000409020508
510209000000000045802650901150906084780014600000000009300005092020890007601070000
009000600530200470008174005006500083080002500050890010010000004040750030097406102
090600050070920840520801967065108090900060005040700000007090408000080006680002300
000246900180500030004001500300007608801002070067010240408000103036000054000030802
200000091400310020068009000040073500309080040000450013010690250920001378000007060
020400000003700546805000001400100008582063017001000060000530700000004093037281650
090105007347029106008000039000408000804002301201000004003000600000240005009601473
000042506600900720052100090403071050820009004090400010176090005030050000045007030
004060000590800200000032040065201093800000000349580020436120000050690430970000006
002058010401000002080040050247610000008732000010405260800104300600003000120890006
210034700000092508009000300300907080960010005008003470801006900090070063020089040
980000040000045900041280700000438260000100307006057084058000400409000025603000890
300092005000100820020007046012008009004700000705623010580001060203400501400030080
731000002900000601000914008005000900000570280213069040008702109142006800000008020
800640000692051000150809020308004100047000206006208430285416000060000002700000000
080605900900073618000000050004008006000531890000426005009850060250000089061040020
200605731006201000100089000000700409470000060000804002010020607600407205752000940
900083005370010040000670903030246790126000030700000608681000007000065000207000409
000890301700500080000000000310259060200004000506107002100400900492013608800905710
805310000003246000072800001001490050000070460000500127904785600280000010356000000
800497065206085090970100080120030670007004900090800000002960140400700000060001009
360000900004950213901007060003000056158040000600005000590734801000001470400200005
600947300940358600030100000306890010000634070094001030500420080280006009000000200
100046500059302407420500000000060184710003009800010000071004008900000060030290741
002540300580200040900080650060924100040000230820000060290050700000100820130072005
540801020000030801010700360000009000609000030005270006320040700060358209908027600
730000800200106400006083079000005006007001050615807003502008004080069001100400087
005380641008190023000005079006040090000600030000010762430570206610030000580000007
006000091410500067000610200980000050300020000060700329650201030200030910001045670
005020631080050000071903800508062917000300008020800000307501406002670309800000000
070106059264900000000004200010708900007090608308200100020470080006010790730600500
040615300600007540050030001200703014003000050060200900310800090720046000500390670
500027008480000070001840029945730006000050940060009300200504060308010000070008210
386004200209300450050000080402030871100487005000021004000106500920003000000000749
403921570600800230050076890090080060000510008810703000000000003901000082508430000
605790400027800000090001000009340080030018005010900300052086003000179056060030807
000030904719200506035000000000800720007012698008007301082000000170020059004083002
200840050058300040060052708000609004874205901900000270049700006100000000000980407
240003000090100000107004028004000801618079504300841060000420697000930000000017003
080000059039064020501000073610400200000823000408007935000079068070140502800000000
000026000200700008097813000780301065000050730905002184019080002000000097000039801
200003019003618047600009003730050100000080065045000700460035900010700300002940070
073021098090500070502009000800000264030700005260458000000040600710090043008030029
001300540000020907705008601050004000030800054498015700000063010840057009200080070
900000700250109084100003020406090003021648905079000000834007060000001300015200090
600003009100502003500090170980000051000008000004001308003780010490016035001439002
068009004420005001000830006803760010000001080710900460000008179052010000107490020
010030060500468070009005004300000895080503100250700006005300480003057012108000003
754803026000065000001000005200008649400100002068504000109680070040700200007030160
001600050062380000850090003700068030200001080000507009503820491900710502000450000
004320700800060200260000591010590000040081329008000010037000850900600074001050032
908075006500060290604000007002047005000800030007053104300726009005000820009008603
060090000700000901019056003590017600400000019021080030106500090802904050000062304
814903067002007000000400003560000809048300570901080004000004000720801940080076010
670080009200650710800092050509006000006001095007030420700009000950200060430008901
000080210000004903924005706005010002780206040201000500093801000802400005010090630
000001000050679001190820376000540009041398760928100050602000800000200600080010000
008706000740219008009045000030500106000060040000421835300004000870100090901602400
000250001450300002820007405508100270093000008000879500080001000130090000900503127
580002074903860025720590006010000200004021300200000081000206403008015002000903000
607298340000000060403005000930582600002040090050906020080004079200800030049000150
100806930625000000000017054001039076306001009200008300090100800700000490803045100
500007890020408107807009600080590000032040050600003000008021500075000381000070429
170042300900050014200300600001500970002003040590074030007000560004005000059237400
504800970010470000200003180090201700800600000026080031700900000083000490100328057
070040010502700980006802040691300250800000007000085003300008679400600020069107000
008020061120005087960400203005003000403200006006194030000010700801000090002947008
080601530400302080003000600100030800690510070308760290004190000700023005900470000
921060080300824007740100302000205010080000003270001040400590608093406020060000000
160000084853460002000800050000104000700006120006070035004700001001040378080051046
081093020096007018000000000070860300560042109802050740008030004600000800230100605
902070401003009000140605003400780000307590000856430000700300500010068070600050809
019246080038070241000000000900000003021030090070105026004000800207051630060780010
020390150006450307400200060062000075507003000090005080800000530030060040079530810
140209006002600410008704003800060030500372840730000502000000081306490000080030090
400005003320001000100320690810090500050832040900000860680540070000000380290670010
071000398002080000304059020027405000030010000649073500006000000003160804018032700
007962000100000000506301947071054890053000204068000750004090300000007089090040006
052007001000600200309250780430869500000000090500004018000510800210006307083002100
100003070407810000000000800840006715056000000020038964072000040000097083689340050
000080004400002810000007206370951400208000009190820763980006000500000600060248500
800000100400251000601980002008009345030108009960005780306000004095073208000000500
094051007701400000020070050548100000000000180306002000139085620080629500000010809
800090600904310052006008001002060000080207005360100240098740506040029000030000480
000256800968070025750003041021030460000500000009042058000004000080005214000107006
804310060300760400700040000000000030057008900008024671400070089009480302182000006
169400002023900000070601900042150370301007050780000200000000107007040800038010094
260070400008406200300002806490000008030504000001903647080040500000018002602005704
031568000780942630002000008016000007040600800050300060500079086800100700000056024
035710200802050600600008000750020916000960000000540027000002500090485760071039000
003205480012480000000013006307060000000031500800004000008029165039600208000048039
000790300630500070908326000097230100000000820023860940000100004010053608084070000
000021300750604000083000006465000907029507403010000002008490500230075608000208000
108240053506137028003680000000000000035000040014760900407020000080510007000976200
170050240050030091900281060007800104300017685000600039820000000000008412700000050
000300006000024100830190402000005260150643008040080000500000029601900045003052017
070300090009700305005069100290030408003097006500020030004070000700805610950600703
200000009905040030004029056570016080000900700340007601800000160000561900691002004
004023760180006900006580000049005216008001003010000000065900007090007641730000520
003200576700000090600375000040000650000031009030050010870163005560020830020087004
000090600709000032850326009004070000316085020000600053090430207007000000420059061
040060230006000900200417600658200410010006009000034006509701000400600307060300105
820060793370500000069700024700003000003009180000847605000000402400370050007080061
293086004071000583080000000040000200050230410309000765000400020007652040000018057
900580300700643009500019064000800015870005040009070036000400600400900003007300498
500060240001408075084027010002016090009000000076204031020000107700800009068100300
008140003200807490140000500009500010015432000007000845700006039001700604002904000
007602804201000003000019005043520769000064100809000000900007306070206001406300050
078010030000820607009075000400902070010030800200001460000050700907648213001007004
000009010005000960900360005510607080809102003004000007420900076600200830008056420
760000038000730690803005002000503710500400326000060405106000047020000053057820000
610809400008430560023060000090083040000706059080050130004000790200100000860095004
040650820090000753200000040050009210002087304003040080609104008500090000304700690
100000042004072005075004600000207400403108070780400060016000500047020806028300100
705042030020010900800703400907001025080054703103000049000300270039000008600400001
395007014000800003080410070100528000040090502650000098960740080010600059008000700
190000260630008001000060753013847000580920000072000000800790010060402087000080540
600054209000600007749020050200403000900205706038000400306500100000062004470800065
003700060209100030160000000810209000000060048000003012908010370076035020321607500
004136800300500700850000301090070128000021000720650000002410580500090006140000270
000081079093270000507094860050000006730008451042900003361000500900100000200700010
300050819904300007281700005435010060109000478020000000013006000000005700607008150
001523700004070000097040200000200510065000070020057006802005637700800120000762005
038106005270805010010942703060004970307000800005007061000060408009000036003000100
100090070062307901070021000000562000007019006608043012004030000906175020000000305
040000096709061020020059100007600000080027601690100075000846000072003804408000003
800070006500106030000005094050048963083002147067000005000207000009000471710900050
200000684000002359098000000001000000320500060650040200102690435005820090940050072
000800000028105067057300801005008092060040003704230500080000070000082100143050620
090080610004006900003014500408000059070390002020508300000067205206005000057100403
400003102720080000650002073008010497006824000010300000000208714000071309007500080
000093280030080000087005000679040015120008090840000720018400050004250900002860300
028400007007269801005000060403070200100056000769340008000000005006083024030001079
861029000053010000702000000020006039030108040409035610590381000000002050070050190
010069340600520001840001900560002008030490560082006400400080139000010600000003007
030005067000032080600790100500000804160007392902080000296070000007050046050060720
004003002376009054080400000048506000005030000007940081009000035800051749400207100
086000000007050610200130080000609020000403060062075140600084000000360074410290850
105704803030000000040025910701030402009208001008040500004582300500003100003000095
700003400153006000004010000070000209301040800826105074500074062602501007007000003
008200007745930008061800000800000023029786015100320700690500040000470000003092000
600390075090005000543806090070432100050000000128000034480000003061003080005040709
300125000200006305058009000900040638763000400000000900000604023690050004405280790
090400650053921007020000010005007801360800000080103020472300008000200070030014260
906503270000000600052709100040208517001006020080300000100000390730650080020901700
000076105645001200107500400006003740070150030000807009000039850000200006803610004
038015000650000000070394056020500600095000240861409300010700400009043000040080032
920000800567030014000009572050700300490100200700804006000907000019006780603001020
000000005740103020018000600892450703004670290071030000167849000000026080003007000
200047000900301840000820060703950620689002007000400000407000219500000300090013074
090105007584097203007000096000906000703001905901000004006000300000760001005803769
971082040050039000003400001120006000005810600000000158200008039009063510000791080
413007500006300704508406390080000009300608005600100400130069000000040200850270001
000043010607029340004860000000400000052007063306200009095070030063004087870092000
006105037010000004705600090200500010300002905007009000000090000523870049609051328
000081079093270000507094860050000006730008451042900003361000500900100000200700010
070100068504080093003592000006408020000210050200050780007800002120064030000000847
060900080350007940000400000005206008047008369609003501096005200873120090000600000
700400280000100000600082174047020310008090020000700008070650840260041050800270001
020001007150090028083000006007184003000627049460900172000005030031000005000000781
806500902400629003003000005030008001005000800098706230500804300080002006204005708
002010703007800020945273000059104000003000060280705300020300510000507002030020047
430007980050400631009530000900004006214000000600310890000005200546000019008901500
000010400087002305016430020800650003060008250030009600509000130300520908020103000
705008000003794502008000106000001008031600945094005000400800600009016007106300409
094070018807460000605938000970006850001003009002090001040010076059000080030050004
502076001000400002070000450607001009304085610000700038261030970090000003430007100
409800670008409502030060000080100709006000100010547008000280910090050400864001050
400100807300409210802050000000800030978500026030290080001600000040912050206000401
000000620607300004084000005821007003006483001470000080308052069002030000000148052
207140900010000054500020080078062590906007108000900000802319407000000015740050000
006407008280300070700006025000080009005004012128509400400000250000653040593001000
052003000300000041187460500800002005090105326501000080208004957600000000000570260
006008009830007001174930062390010074002000108080079020000000540040093200017000003
001086004900000100042009000158670400000308070009400826405930060000004300693000705
970054010000020500002000064001090000000400030068030970000060327609703450350241008
050600700760150002001040090600094371500700089109082460490000003000006100300005008
005000400910703506200050189090040010000009308083100962020030007040007250000006034
400800050053000900600000103060001300038409560142006798070094030014008070306000000
068200109000010600431000520090400030000000701003107804789326400305080060006900000
600500201008100360020000000007200080000043000910650702306824090009317654000900020
960500001500073090030009007140800000050061700080000000090000012320984576005016089
010750002205196700070040080000020470000800206050060009008002047006570800540300021
582900000906801302001500070000000030000638020600010008009000205260795180003024007
270500080800006700056270910000103056000000300504020891103002500000390200000760130
502806349410300560009005080920734008000900000386000004704003000000090003000601850
100034000280007035030005180001648200469020800000009000540300010302450060600070300
005001000017500046000926170000300010050004620600152800801030000006290730070015060
450930008780000060326408050010004006940000507208015900030650700000003005095000040
015006700000402031200003080150020000607000019908301050030014890400680000001030405
030600700047300000000701432690010000000506301703900604052190000000000043069830105
009010520507600100210750090700020306001008002604000000006005279905000401002940800
701259006000830041030100090107000028405007910080500007000020150590000082008060300
600008000532900408180340200000000641495700000861030009300205004004000150008100020
080050200050000003697000040240009580005801006910265037023600008100000360064000700
804910075005002019000075004001200000007053000402000760040039000006124830720000490
028400007007269801005000060403070200100056000769340008000000005006083024030001079
100050000057480390308000654030800000600932807020010003470000005080205170510000040
020000000003604500498000006080047005504800010309502700940000300200031060001465902
305000602000061300607200009000040800031870020870002061006920100403000700050084206
900860034008507006016000008650108003807629000000050680000002809100085062400000500
904010602180400000000089041749051000000008090005006274090060007050090036030502009
090480500200109003010007096000008100008200000701940300543600078170800609000700410
908006325007800046600000000070309000150027000804001000360014580081503672000000004
001094652500608300600000810000000000060007003200903708800030970906405000043700586
001009207200070000069204380020400001900100400400950630090001070170690504050020003
009050004000406090040007650091670030830000410070000060200390786680714000900800003
000693170690000000102080950070030000046209310000005890001802040720016530005000020
800547260072600000090000708008700026005936040063000100300200070057400682009070000
940200830300090007060035009000970000007050208608010704000000003403081970079043010
008070960610000207070200000700912000040736092000500106087000003190020480500081700
375000400000390658800015700004700003030002000010580960600904370453000006007800040
000974800028310090004802013000200306000008020670043005015080000000021560480530000
000058010047000058500003400000001004780906200000002170103804002600320900002160543
000400501006020004341008600005003910063010002100084300007190063010000200609802005
500009060600800009917060002100502047000706901024918006060100400039000005070005200
609057001030900005005800092803000000507009004000438657086074920000001000900080106
536000000400036800001025670059000200003080004004051030690540001708100020305060900
000024060204801005870000201005003007002608400008009026607002000000507610503900804
536000000800026300002039810085000700003040009004087060260870003308200070407050900
000004075009805034470030000050690008340500090008400053002700080860201009500006702
809020137060087000004009800740130692005002010003600000006753001930000080002900400
006080910100725003070010002502360004400079520690540001000000108700800005025000400
700000269002500400001090007209310000000970800010025000920006148105200076087400020
000950070061007380300080002070062018052008004100004060905806703006400005020700001
001002407290004060006000219185003000004870190002100030009000320003060700608057900
080010000509742108000000690208007006400301985030406701652000000003070209007000400
100354068040071020530080700804000210001048000603200487085003009000007804010000000
708200091030070046246000078000000800407006903009020610003609780090081405000000100
300000207000003095005029406804207659000006100016000304000060043090384000060001902
403082000600031584901000600030129740000870006000056008004007060090004100507000029
000000130450003027031097460000004000000720003500000240708509012002641708060870000
278060500904070010001803290002958000503600409006400000007004963329080000005000000
107054600006008725000070090001582300200730500065049000709000003600405001014060000
010700030270003004093106000080000900769001280000870000830060042900200057100004896
300081060100400080078000521056010008021000400830620157003900000500003610000058002
760238010000000309305970600670500003082000000934120000003000547200740000010059030
000019050980002071053008400090200010500006008260907540010804000070500064302060080
100703600000009001000000870036500789040007030098006045307650014960470000012000007
408520030020000009100790460000200000902053070307800045000005601009014300561002004
059003700003004001070106092000360008201005640000900230400000080308500400507400913
002063090064901003010070000037600200000127000206309000020008070490006082500204036
700036420200108600860270100300009000009360802602041003000705200100690050000003010
052000080000087320980100047000290438400601000230070900360014000809702100020300000
106950008007003506008600190513020800000506704604000350401065000700000200009080040
086240000040000610000000083210000000000980027974162300502007060007013004401620030
018000004400510290560074000029053800071060000054080010005300902000805400200706001
100430068075209130000800009004098003006502900008003400001020500007304012042001000
305701008000000603070036541090800004500600210000090006134050802000318005900060030
063050000900003705008170309075004002000002050390060014007000190054901000800607540
600000900000705060704900000090803015000019740010074009001207000960138074008400092
009003786050008000000427005090000004500749030467830500900012000005980007000500293
820467000600350000503000000465709000738205004019000085050000078006500020904001300
036090200802070401000200007024130560000040700510800040200680170189700050000009004
264908753750030800000500102020000407647080230093070080006000000010053000082001000
650000000401287096007600403764500000020003007000400000800750300946000752503002010
065007200710300000800065709002040156000000098000581027571000630030604001090000002
304097821000006030208103005052000049000000070890060352000008016007600204040900003
700094050100300000500207060940708501802150090350000820430000000009000605610009203
069872010800045070507100008000010000630290000090500302478600529000000000050728006
027940000608713005043000070800320000000061089006897002060000197050000240000072050
002805607536001800001209050400127009000000324800503760200004030350000900607000000
060400037974320850000500000703000010000708324420103000040605000005002143017000009
780002090002104003003500406050009008400608900608005710000001000109003057830006102
570000060006430780003270090020069000050300079609007105900020010380790050002100003
100740308006032715097010620070000400064100200200000050700090106053000000400360580
000000052030960040490500003000356097305200800760008300070620000100030570608074030
076000802000080900050200064040070580731800406060094000020030050300520600180067200
704803000651294800090000005040070980530010200010080653000000748400600300080001060
692003008041008000800000600000800104000010902010004850060240003003001069174906085
068200109000010600431000520090400030000000701003107804789326400305080060006900000
000060080010705060968012075190206800025100000006859000409071000080300000000608730
004136800300700200980000706050070614000019000120560000003980120700040008510000460
807600204043070100000034050560400000031760405000009021000040010020006379390107000
004136800300500700850000301090070128000021000720650000002410580500090006140000270
010890000000623900060050042800075026620048500050010800240100098000002053130000004
073021098020800030801004000500000467040700005680543000000080700260070041004010053
513800096000064305020050000031490607000608000600000540145907208000041700070000050
501903000430060029020004750060500002057009800000380047080490005000630200602100080
804010006100500904000487053005000001700200090218005300087100600562740000090058000
042073060010400370007010024251890000060301090900000000725000130430000700090035080
000000201942000536000009407000306008008510740034080010006100004389704065000005070
004312708070809004100005020001000200030600901000000436010006040307100090805004173
401063805903854167680000020000015040708020501004008000040006009000070000000901703
002000640954000800001048305000009000140000029089010704000807910297000406008090250
927000000050100600060270049300014205000705160081009000705000030630952704000080900
961000584845190000007004006504020900000000250032800001000010809206700305100060020
024000800000800300300416250090260010450070000630958000040090000700000436206003975
901350008000491650600087000008900501009600040250000000006079030000003417100504086
000003400043725000000060903800030040006000809004208671780306015430500000002170300
002000030009032800701908452064005009000020000007040516908050020400273000073090040
000205000000300070001080050018009002302501846007820190109750300075000080280000017
100000003790000050835000716601483900348029060000500300000000509900605430023000600
405180000308240560000000004054000030000074005100300027080501702209060000507020698
800702010260030508004900600000029100608005020029080046002500030051007209040290000
002080316010634700300702090001000008036070200809105400080291000003047005020000800
403805021081020090000010087000502060600400005205001040008009106009006050760058009
050380074600040290024500000800073050069800420010004000200490806406008510080006000
750000009006073020002590730074010008509000012000432007000086050408050071095100000
000640370451000609600090508730080006040002705902500000090020100108900052300106000
000076048001000005200010709100407003067009004030081057802000300090700500305968002
010002940600104570027050000800096300050000081076018000060930854900020700180060000
004060007000308150210700380008000402006401009947030000860040000750609800090803005
400100500608350040500040600700030920306000000005261074000009063209003000103570490
040103070009070000060400100024501000300926004890047060050000906008209007970805003
701009620409000873250000009027501006003060010000203400580070060190002000374010000
020000006000204009483059072000508694900003000208006001500302960036700025090005000
000290417405370020170006903004903060006000730803060540000059300000730095000000600
102400007507800090800017006300000500005040070078630402000090740701084603006200001
020000010860170320010032070037286040002000000100040293070001064004020850050408000
900602307007039000200580000003070200700300000460005803390050460070043050580096700
000867005108000000006213900850640000007930008000050206041000702300470510000129800
600007100709180604040506000106009000000008701285001000010390070067005200028064300
700040000004760000608095400040000000902400810875209034000007043003024701090008560
010060080000420107280700093100530070304007800000890014002080640009045000040002508
070005001400603900050700680700046210603520070040000090060309040510200030200004065
600720000050003107007000023000047000781069004900000678000154300300986010100370040
000070400308500006046100082207905000580020090060000207005701300001483025400000170
050000490809604052604095070100009020400076080007100000000401000700953610061700500
035800710809075403104602800400000000002507000090200000010789004000300001983400607
005307018740010200201090000000978000002400006400003109170546002004009705560000001
000000320030728000095106000302800105001500400407610892710000000508400000040050218
000020600000307020120069700200040876000000500850030210560470000398100400472600050
000040700800007314240300806100000005478060009006130000080500607634000000700604923
005730249000804501620000800100072000236000705490001600000100956060090078009500000
305010004000082600900534120500100009680049070030800000003001402096200710010400030
070302060004810702600050010206004085940000620000009400050940006060031500009620040
004020010180076040200100805009802001500007400007600028063201074052403090000000300
746508309500700480000003000000080046060002037024360000072030900001600052080201070
506300070040670090070008502907180000030906800105000009020890754050207080000003100
103250690009060000006400830900075040060010980804000001410502760005900010090100020
000800690040900050016040037020004000654279083000003740030708000400006009260015008
000290417401870030250004908009708020003000680504020170000041700000580093000000800
970054010000030400003000057008070000000500040021090370000060591107305820560981004
390006007000705900075040602687350090400000003000900450900070005030091764710060000
571904600900010002000806010005097000030641050004305009608730190002160008000000300
002006937400800060000970284000000058000719020200300000020007510905104602107200800
005014690030008405147000030002000070001000903960000108750906000300020750208400069
000850072000079000708623004200700098850940700007060001006007049002406300000580010
670081004000400800048623005801000000460050000050308060000239048709810000084500010
800053020003000800070092306004109000038024050910305204050040700482000003007501000
080170009405000002009003008900000521000230000241097000003009006700610805060305197
600090480001000793048010502004085000060000000389064120800071059000000817012009000
730015000810700052000060710400090020128400006000680104090100008580040070070900305
400003102360010000750008094003060247004571000070400000000205913000046708008100050
107200603900800001600000259052300006060180090300456070000900100408001030001508004
902000060040108709070002043036279184209080000084600090007090006060020005000040010
000091087738405091000730004306210000402307000080060000105070802000002070009003506
017200530000007026200536000926000000000680250150900070001070090502860000030142800
000046130041090000093000082000350701317020000500900306100080090050009200930061805
500390802300074001060000500000020416796800200200603000100000000002439008904005627
742003910060708500000010006900006007205849000080000029608052740001000082007601000
261059000000200068008164052040903000002480006015000400080000000500790000694501037
350074900010096057700500863400100095000060040003400002001007280608041000040900010
000013706063090051000005003030000240650040310408000000206009137009470000805021900
071530800006007300300000059007010002450600910010209008200904037035001690009700000
000800200627150008000003960040798000705030801308060040070900026580000170209600000
000890060036001700005000008300489071408100903000036800013900082904005030500300090
001908000004620103002103009819002607000700900076000004020504800100067300098030700
470030810080400006360090004600850300037901600050070408000000005008060107946705000
000021300210309000078000001563000107097106203020000009002710500180045702000203000
892643051100700000000009038600000004987410003423000900000000095309008062004000087
000000491700105000010600000600070100875090046001450072069008004140760005050004068
020390800450000010001705069140908000600250048005004000300080090560419320000070400
850007000004051820200004059609070400400100070002080601906045000700008062100009530
082030740040700000706041000408010200507000100609500080860002000070450008054070321
500706000080000007497800620051602070000000158700000000309170502000003049072950013
000900602009021438003006759472000100390010070005004000608040090051300040030062000
451098600009002000203610400000050204102086090040039000006000900507000361010800702
010096270479302060000000008060070012208109700007600000321964080000050300080000601
008043006060500400031007000000370002900802031823100005600081029000900100210406080
674508923009200780002000000103000007200050001096870005048006000005783002700900060
024000800000900700300416290010640020430090000690857000040080000700000152203009486
000009208482000170691720030500000012800200346213096000030070501000031000005000080
060050080080020900509810002050000400030082005046590230000240000095000820804905601
000040307008103090500800060685001700107380900320004608000408006000000829000279004
630000709000675004001020000040003001307902086800400973700040090029030007064100030
130750400670400300048000000506920080007000204004070010002600837700045602000007140
006030201010806940302004000073005020000200409200013600000509304034001060105300800
020001578000006900480007030210000603058100004300000015802603007005004389740800000
000301905030040060250809010190504830420038090580206000010000700000900020300600051
035809040800100690000500300006300800302005410100690200007008123020006900901073000
106450000000809504405270080000005703200340000309680450072000830000000940930508000
407020000006150400300090560000000905013270006740005132000701254265000703000030000
021789003093400700700003401802030006070006045036070020015007009000000614000090050
000060901000905007924010300070080100800059002503100048302001590000342800480000010
078000239004009508000785001700090080089100020403000056000010005906807010031504000
700200601830567200002000005086005910000008000075026380300050420020840007508000003
860030192090000050715009600087040200000870000420050009302000000600503924009200076
280500004070020500500306908005080000007400209020709103000100092803950700910600800
000004000091502400270003516010065903700000840029038000950001204100200050002900007
502000010006800342040200700000705934050900800000020070064000003005093007390647058
001820049080000030307450080030004697705001000600030400256300070000290503900040002
062091400080500613004060000009005208026109005700200001001950002058720000003000074
002400791700032605001075008000501302000700100208096000800050007590010020000209803
000000009009736200461050087070020160910070005050460008000500900090302070732600010
500100080200090506078035040007001360090000001005986070050010430000803005831050007
000050008890201000065400273080000060439000002210090500000520040002014037940730005
060070005200000001805921037004062050000310084053000700400007006016080070700590408
700031000036085070100000523900020710240008000008790240000009600802006039601302000
807105000090000380016000570005300867008040020071086490009008600000610900003400702
420000060006000900108060005002010540009834217000500006610008002285040000037052600
060105487048723100007000000006900732000370000039000000920430008070200300603050290
090000040700480602642100000001500380000090100539800000010300200326000750904251030
050007040070000081640015702007234000310009400000500000702008063036070809085600070
740690003806504000001308050074003000500000080600150000059000478007409035420005009
450270010000060400208100705009007004034820006007000320703000048010684000005700690
039004817500970062060100000910000506840060070005091280000006000106305724000000005
090003810003050900005086704918630500036000000050198600009014000040070200570060080
000060080406500070507023106204100350000002041068004000820010030001230065003008010
070600123000108400000050869900061005000020691062000000080200034503980002000314006
004000008060410030210905640170280000005000001600057403701340006000002309380500700
095480070870020000301057900460009150908534000003000804004000008129008500000002060
917000504600000090205090370100800400050370019008006000070203980020007005309080740
090005106800200300020701000300900070002500900007000830030057264078092010250130080
038015000640000000050374086070400200096000840214706500060800300005093000020060098
010083570070002000000007348000000256005060809000528730000039405003805697090070000
240900178001003004080010006000007509902650780004108060000081035000706090306040000
004600093020800600006900248002708004009106705031050800008360000600400030010002086
008100000002680070450070198230700080700208310001004700020056800507003900040000065
021000005070140003800009710000508094400010208285090000000205100356080027010007006
008700364000469020020080507000004710000000080401005002310640059970308000000591070
760008002002056704010300800090601000007200040103040689009860007000900028280070900
287090300000500006060003700726005900043001678000030450070008093802009507009200000
034605000000700053500004690248000105700350940000012000302507010405180300000000074
000000040900483507580100020090041050070090360206070090009006405050024070410009080
692340001000900063570002089820006305059000000000005800040509008030864907000003002
000095360200040150000816000124080005879500010003107009040000021060000004580001930
010006000070002930380590067004029800700000200290058003047000310063907004000103090
004021795730000020021005048003709100100400500008050070089007002300040007500008063
048000000105006403200900008804059362360000040050600080080500000070203890906080031
