900203640300010000047050032006000000704820061008360970580907006073002850000006000
560074893804002000000000502000201300007306020200000060600803715320017000700005036
006900700103070940000126058310800062200065104900000007500709600001080270038000000
004009502000601008000002096410008000706513429009000000040096871008000000100705934
090043000060280007000957402007020005000370600000005000020700806540002709879506203
230001060010000000000076120090082006326400700000703000802014300179600082050800601
518060024000480700300000080006010000100670592085004100673000001050301870000750040
000009043003104507007000010179000038600007100004910006090005020015340000036201085
085039021302060007010020000003976500500302086004500009000290005060000490050084002
020900000501034600300015000050060401140000080938107056000402000792000804410080060
805001906071200004240350008000000005007560000059803012010030097700100400002007501
000035000960021540100009603030260100600507390800000005000900700302706800750040210
040980537030600490070320010307542080050009320012000040780000009000700050000263000
200046080097301420800209007308000094670020000000038000906017238003000000100890060
010070350203000004800123000000240038030001507198005000900300000020980640304002905
000200810241680309000050007020300008009006002073002001010768094000000183094003700
000209700000000945950086200800621509200090010001800300100930408340500690009004000
000006532050304078030007090120000040903405060005001700097102050800503020000798000
000008190080940065065270300100705080500830010000009572090000400018000720407020009
700000680006007051004000003025000810000581304048030090080370060271840000650020008
708500120005841000030000950670300005000000807200457009000600400092700001046013702
000160302400030700350708610000021090090857400020300000000080067160200905800009204
004100028020948700700000006600007050075600430800092001430000160007805300059004200
210090300050063800600200005007600580000089720000540163000000451001350208000820030
678503090005090007010000543030000050006000070501604200402060308800001900190820060
001094652500608300600000810000000000060007003200903708800030970906405000043700586
000091087781305029000270004802130000607904000030050000208010506000003070005002408
164830050075090804209507600090000046702460008400000590000100000000080401003700905
200819000160000039090200104000030506005026070386007002900000050670480000000301627
200003019005924078300008002840050200000080091023000800530096100090400700008210030
005940760600200004487061029000013058154092070000006010002600140000500090000000807
005830200024650317076200085700306009240000670650000030002160000000000052000080103
005000000608594200004010980700350060100700308800040000097830620200000073036102800
000250001450300002820007405508100270093000008000879500080001000130090000900503127
170000403290040051000000090000074810080350200405201030602008004500020180040100062
001089005580007060769004800972050140000070500308941000630092700207000000010003000
308009041000030800400057903082300070160000000904000100000000268820600500645028097
070960000500070301002108057000803004050600973000500106065002809308006700701000005
600000038005064000002758600900087100048590307750002049019270000406000020500000003
500080006001300500380009020007100000000690007638200001069423100003865042002900800
800497065206085090970100080120030670007004900090800000002960140400700000060001009
401070800900230000002500003076000010049000562020000070210006057790310280068007030
005740006092083074080000000401030962007900100069005700200050001013008400900300057
000040050003860009050003684970214060600000500000600097420590730010076802060400000
000703560000016020060905008305200890680009003092608004801060030007000600256000080
063709004900084000040006970000800090100400000000561002635972400490015000700300059
504200063007000400623090050001009500400500019952010004210004908005070631300000000
014530060000091300030206980200070590003000400760400000400307050350014278001050000
352060910000500204100027000000270001760400002028050090000308000840005329093600070
500089006078040000006007584803070400052890010000050023000030009007410008130060052
007013000030000172156000309400180507000005001000729000000347026064200703070508000
000297450050800007000630801079180000600070089040009010064003000000008264010406370
800004060060501070950006024138405090000009803700300400017860049080000007009047000
020897060670203048000004000060305700900000000037400010008000590316008027250046030
005007208600500300370120006060200003504603100800000760207940000400005620006800074
000007030170060802408130005301700089950300100000906050040200000502804690000050074
000900008900030042000007050000301496034000085610048237470690803083000010200000004
402800005610075480000010000070360800030500010501080960059600007007000020040753091
080000200124090357063020004032940500705010600000030000000400020458172003070003040
340700192970048050000003000064000300020380064009064207000000006007602940206070030
972000680100008090008100034006000018091603070030400906300900000620017003700800069
120000400007009108000100792206070000570002030903860207482690070005407001000008000
060001900000000210120003000842317650003000028600500040006029500050730000200654103
000140972400903085070000010009008136020090000800530040000780500040000001590204367
309470100024050070057009480045290006000000930930010020402085301070060090000000007
000003400095467000000080901900050080001000605007806149340108096580300000009640300
200070039000045008010803000100020006400000250720589300900700540547000603032600001
019246080038070241000000000900000003021030090070105026004000800207051630060780010
020000648461058000030240090300501000740800010109700003003005104074000052500023000
190038025042910080080005070009061502860002000001394060000083001000000000903126000
015000902209506108000002050008039000793005400560000007000248009000351004021007005
000060000002090500070013800710200986800000130096084007041009300057320040083040090
000090381090028600408500000050070062603010079007940000002700010860030040070680920
000008010901600805004500269502486030000902508007300000053000080700060394600007050
090005106800200300020701000300900070002500900007000830030057264078092010250130080
000006001000140030908037500091000060700005003546309187020090000034501070850060004
004006000570000608068590000026013007003600820000005316400000163010000740035740080
900000470120640005340801000009302004000050009458700000894200000000030200632407908
078010030000920507003078000400201060010060700600004250000040800705682413004007009
032004000400000800000800054105000029900000741624010503008170405010002007307059010
010003200095160000346000071020008007584000009003540012002001000060370105000604730
030020409602040008400030107000680000060005890284000601100300045703908206000070003
150020300800700050020506091900370060678002900000009807300067040005000003407200019
658002309209160740010000506020790600800051002000000871700800003001000280000500097
800052701002870000003006000230645109080739020090000600720008006006003075000900402
000013620340200009026005003010060900800100040069057310600020537000008000201530400
280530604490700800070000030300008000008203541000050300050610490000405710000380206
671090000045602097003007080034009508500061000900080401780005003050000910409020000
007006000806520401003718060062001000005079200004300000200600148300190050000085037
800000170030240090005831400007050010000970002060020300200080934904000765003406200
060908002200050600370100094000090000950800026081040970097506840503089060000000700
130870050000600901405003600300008002600940005509030006003407160004206070807000009
970054010000030400003000057008070000000500040021090370000060591107305820560981004
029300080470200005000057092634000000000010703007483060060820900290000010000169028
000005801060010340700040002209430700003001006075800003908004007536170004007003009
307080010490605070000007053016240080030050107000010600100900025600300804903504000
007530020290460318000001050700614500040005060000003170100000000023796040400000632
070604000086050107000001056140006080609248701000000060014060803005003900020907600
900024000030607914000091200000100049650080702000073005890700300004000078102038006
100267000670000091040090270021005040800020060003840952000406020006703000007910600
004607000610253000050400020300800000070104203060002000081500702507908160290000308
920060005351700806070035000000001960600350040049620003208000070400070310003040600
600000900000905010107800000060102079000083140030097008002509000340718095008200061
072860059050000001006035004697010000000000093020640810800750900000083006739000540
000001349410007285050040700000003406020780053503000000080000692035000800640809007
903500080018024030020000005435000069100430000002910300040007500080052007706309020
700032506200050470094006000018007200020064381000820049170900003649000000000075000
015000006000476951047900000050092360020060000806000105500000032002549600064300007
000070489004008207076004001000000600500026190008500000730005010081730940020010376
000206093569000012070890000130009408047008020000140030000010300813460900090003001
976201300050078009000000005020097500500124600087500400090486073060005000700900050
093080002078010905000907003300000004000059278907208000125700309004800001000035020
400023706070908010000760500000206135002030080105840200000405070081000640700000850
200765300300040520701000600007500160000007030592601040000302400943000250020409000
086009510000000703050840090027008340600005000040790001002587130010030027070002400
800090070710540300030706045300070058008030010062004030920360000007050200000407590
073056829902070000106030700000090502521000030009060000007504091205710600010000200
920000630000000040075060108492080070701003900060047200200059410040716000000032500
000026700897040605520809004004908073000010000001002856705080400039000200600700500
050000020026300500900580603003060710800030000074201306030008260000003001185406030
065074091090023040000000003800396070030200980720000030670148029000000004014700300
068705010002030080050800967200908000000400028000306100680294030520000000039087006
070020405390847000400000380000900060153060840800031050506000020020609000004015078
008002301300090080710050040003700004001083695085410000007031420009020060002000903
005003000800700950270409680001000009957000800000946170002004310700018400049300060
093204050002756000006008701050640280620075043000030090280000905067580000000000004
800050709709000201002097048030000020095004106008000003500706002900500400020480365
700380064080090075093070000061800030079200658030906100000000090300520000010760403
005004000000000513038100740000000090401800657876000030087530004059067001060018070
640053008920000040853000200000007059300081020200345000030578002780000130004030090
870000059000006730090500081500401020320800416016002805068700040000000100201050300
305190706060270348020340050010002003000480572500007600450009007000000831000020000
050000201040072000002018704007043020090706108023000400035067810200050040009300002
007204900619083020002079030900040370100908005040300210208000040504000007001035000
000301502082540070005209410900705380570400000003600000820900057357100000010050000
214009067008000004600000082000053049140906000300700250000810900806004005000672038
008004000600083090079600438002900000007050860040106902501000206400809001006520009
007028000003006287081004006000080003030070098059460002005000000070240960094017320
069710005007002904001008200900027346000000000072063008010980020820000459000005680
308050060007021009000730000700005940986000005240003800060018700002904500139500600
080390000064010309003004500030702000070000050520063784390200800040005097100809030
090480500200109003010007096000008100008200000701940300543600078170800609000700410
030000867100003900508600032000034080400069301095780000063040005020050093901000200
400090500090000030000356000600702150000800062902600403069003010314020800027960005
012070000030910742704500036005300000300001090027060014000250900000030281060008470
051907020900065001380410000060004702810023060204059030000008016090000200420000500
007295100020700900000006007000069200010000009000510870180050304604001008975384002
008760100000004308593102670400600200006805019000340060300000051800400700907500006
006501084017040030400703000000105208000000100125006403301009800758304601600000000
000810003103570060040000570001008040304060020060043910006030200700005084019480600
140600007050370000700429000003000920610952030204038100080000501000500680060803070
040103070001020000090700200014807000900245007850019030070000905005901006620408003
043150080180037060000009013000091000000000930009074005300010008000083102800962374
040050807790400100002013009038971250900030001005000700069007300300100000000306974
080010030095000000320970050068020013013568000500000600004809100000250700850001329
075090010003000040090503860800030026957006300062087005000000104400051070008409600
018000004400510290560074000029053800071060000054080010005300902000805400200706001
347000029000000000081720000508276934000400100402030007800304251103050000200000093
089540310730100204000002000076008430002061900100700002090405003004609020500000640
007983000091046027063000950000000705000205180130007204000308040200619800000000609
982000000001326500000078024400030001000080030837090406060000000514800900009013648
020801000518092000703650000001000000840025100250000430032070005007003201000216740
604310200821965000007080000769540000000070084100036057010050020080001006905600000
000070049870004005000205700000400106080650200700001850030006901056700400000349567
060901080100070390704500000056020001001005800008709056020604130010090700509100200
162000903900650000085901600853000007000076310007300500790468000030200000500000146
000040009680930401000018063000021370001000000760000015906100230100080690003079104
030000075012907080708100004843010500090063700020540309300005201005091000080000006
000100200010805960524036700100000000005010080078569100009081306000700400207094050
070501006309008027608200401000000940520794060090862075041000000060000003800006004
900180503040000001503000702075300009600520830002000100269000008400009216801000904
507016090000704053804900706200400000093002000070069000050670430710348009300005000
800000170030420080001738500004050060000390005060010700400080297206000418008102300
205700008006593000301000504000070031010400009080210670900020800002006003700054912
020405006800200940106300020200003700007008260093507080060004002002031004004700015
402003790000405000000297000000008060008039007607020809183072000060900000709346580
000000000608724013027010056702400590094008071000007000300800060205103700800600302
090063408706400003050080000003004075065308200070050004000801047510040006047006009
190038025042910080080005070009061502860002000001394060000083001000000000903126000
090012307000300100008600000010700056053109802000258000300020000740001028201080534
030020006010904703200060900000249175790000060021006000047600090002415007600000401
040000016321560980000091000637000140000714060005900200000270090093085007006000035
600004520700200030020100879800506000009820000502041000000010040280059007940387050
000470002007106000002000710910007200820000500703051089090000328240098150000502040
008001600000480000431926000000800349700004105000100008000340271174060593009700000
900000430030100800018009002340000060000050004096001308800702000150040287204385090
070124008010007040080000000050470800709602003862000000000038150620010407530040280
906340008030009005400500300107930800509000013000105070710690002840750690000000080
800679050306002000090403100920340005500820003000050470430000600600708000270060509
000065000090408256500000007009020003207080000863091700430010005078350040600240080
000000160630501200801740009970000001205004076300070805100060084080009610009008002
000509038004000090090408200008700302005306804143005970002901043000600009000047080
050400000001059000093000500037028460810346090064000108000832709000900340029700000
000000960089010072200006003006050104098021030710600280000395001001802050030060007
450100270000080300072060900006000004043056029100209600001070562804025000020030008
000200040029504003830700059010030070460007501700051006071065400085000097000800005
520008040801200705004059060007000000630000410010762000740681520080020094005000100
600930205030200900095006030540020098086050002000008070970001800104002003000067140
368700200002500700700090438856040129020056004040009000681000070270800500500000000
000700030300000010197000502003190405040370201910280000509030020021040300006021900
200809074180400500900700008720064030008000400400903025001005080842390600000000043
070020940001400200604800005090500760200106800067200054000012000310040590080903020
001000230020760080000020497000950600910000542805041000500379060700000923090002004
090000002000001050200680000780156040504009600600030000107002390920307001068905024
030790540964030871070600930840070005000006400206040000400000250627000100010000708
029350004010000057700090600503410009001000240070083010046800005805020301000560020
673100000000004301080250069007000090016000000300600054941007036000096410508300072
800060200659810074100030056015003029700501000390000060580740002000100080000350007
300125000200008107018009000900060415764000200000000700000702084150030006807950320
080009705035078600004065000060504170070803406040090800000000508009057004056000920
209300680086000710030000209307452800062008000004703020900100072000807000003090108
902000060030501902070002034087916345305020000049300080006040008090050007000060050
946020010735000000000007409500002000070350206020090057350040000600070183207009064
081060400705004821003001756000000009340920518050010000000000900009406080100809205
009007005136508040700040260093705008501002094000000030900006810608053000020400900
003008051020000906005673400300400890150087004000060310000100008086009023530004009
259017004000000007007460005700008400098021060013006800000604100600003049300209750
040815000500003000630029510000080040210000090009000370060034180005192003000768059
231650008507010046004000020100260037070490015083500000000109004026000009000086050
050000070780050061913060000002509340000240107000800502120000050047000000609785210
003609000000024038102738960000006307607080590800000000000470859004005001758001000
020900753400020010009580260850200630002803005603000028004010300270430000090008000
045000210000405307780000050908513040100007590530000000690008105800000064427100000
002080316030716800100402090007000003018070900609308100070624000004053008060000400
460900050009000007002805460000003790073001000951074608000700302287000000040128070
600947300350126900040800000702610090000794020069008010200580030590002004000000200
085619000000003500403500906109000040206090800030000200547300129001040380000200064
085040090000631854004000012008006031000327060320010000090000625540060089000980000
040000003900803000106009085561400000080057029007081004600008050309706400002004906
028645007045090002070203645000010506260900078010300000431506020800000001000000400
350074900010096057700500863400100095000060040003400002001007280608041000040900010
000021300370509000058000006697000402013702908020000007001450600260037104000206000
000000406847560100006830090420095001090000650700180000002050764070028000530700020
504010060013065002200908000320700008051600020470502600600370100040820900000100006
071000398006080000203059060092305000030070000867091400009000000008460903014038500
230070040000400000409015032308001060920300500000680024602090050004200073050104009
040053706000000090876042003000000008087610904020380010700000000010206837630071500
500040032093201000007900108604100205052490080000050700000520010000009006821004079
073021098080900030502008000700000943030400005120539000000050300240090057009080024
200046080075809320900302004302000015810060000000031000108023957009000000700980040
000003420000017000602040000096302007570060200024000058009120004210475080005908010
380451200502000009714000050030800792001502000008030100003700001000143080097000540
001302450530000710020109000302800070005000300000635280000200007276501800100003504
000302051100480006003600890200500000050804010408210700012056940600003120004000007
070105090002679008903000070200403709785000042040700560001040000807001950000090003
006002095900004120020109000509018230060023047030000000070900300090800002015240089
710540002054009080000800350600310870800600000073080096580730620030008400400006000
000000090835049710000320080109730200020008170060200005600000031280073050500806900
102050976700109040540000100001080000070012800006003510090070420000306050807000369
500000308901380000802060070206050700013000009009607180005003807320000060090740520
700205000240790000109038600501306000024050060690810520900140358000000040400000010
800700000020480370140060508214600000000007603600009012060002007790000084300174060
000569328020000057000270000056040803304000061001600405905000002000008130130006049
090060104000435000042000703200050830005001200107302090053100009400003502800570006
000004060000070805007080200826109004100700090309605082001460078700003006630007500
150004673000003000068900100030509480010070060045060090000090504070830010693040020
009467030200859040000000080874000200530000006906010300300906728090700403000100960
750643200300027564006080079004398000070004030002506008007000040691400800080000000
058003000610078000270140350900021080800057906500009003190600000702000560300005800
390004518000791043000800000050070000100025004004036025040300950580600071002510000
007450000800961300694000810030600080000000100400003760205100090140806257960200000
050020040080604300400059087001000063000000704246070801018905000000106500005740018
002500108000300500415607030020930001501060309080001040006800010740006003009020056
640083700030010060082007130008530001000000902070900305407300806060048000000726010
002600800073002001006450027000007005209305040005090016867009530000508004300006009
000080409100425068000907002200170046060090005470002930983001027020700000000000580
000040090096000003430500008029000380040008057700120640004207910010430060008900034
056000809070690002001370600035402706000500080082000400000040508608200900590016300
060200875002086139070010000400027000007000200908031040705002003034109000001570020
000706200602000050100240900901432507008600412000010060017504000090100805803060000
709002003061080700080017006010870605400001200030020470000006008090053060076100304
025304001008070020000560700500647900040129006602000004076208003003010200059000010
002603000107400000000901200070208169600000324029000507008700605230040700000016042
080605900900028165000000070003006002000954730000231009001480090820000014045090020
009054016007030000006027803000796008098213500000040029100375000082460000900000007
050408900004007508006500100040001096172890053000300000900600315007003000460150080
000950430009704802005800006010080000960120504008079000750398000084607000001000370
070500000850074006042800000000000001420003760007106003000610059095400172004705630
040070100090000000008042050463500900700600320025830070650003210000705069100200508
000300100596470000030028495009240006050107084070500310107000042900002701002000000
001400008004050013200890600709000320000130050045720900000005800130960500052007160
300409600006028319009060850060800030000200100700306000407012960003900040090000578
362000050090030000875000040040000010006304507010780620008000400604820179930500002
506008000081007004900000028009600002040080306200000475852079000000820950697503000
902400080180970020000020903470102630300040002010005040001080206039200004020004001
006834910021000000900002037004000700809027005070095106002503071605040000030009004
000080107031020640900704230309800020010340000482970000600290850000050000000130072
036000049080045006000960500072638100010000004060070803600000050800307000207890431
000206900000780401008009020020104000071008690000390004200800769560901300309070100
000009080090040706480307500040006005060010240230480900900500003108004600600890470
305600108067100000200804075000000000930007002004059006108040037003008001600513980
017900034436100050058007010000891400000000901390040000080014070120058000003029100
052007001000600200309250780430869500000000090500004018000510800210006307083002100
000000000005900700400020108620050017001280050050067402702030680040002375038600040
003000802005768010010300057400070021000900738030000060002610340006802005109400200
900260300100000009706034001645703000000006007007025086000308020570000800832570004
070080000000406107914070003001900800097053020300800019562708300000009060030600208
000000300204071968500800070049000650000600000005743000308000106971060034462300009
081520030046000002000018705067901500800040009100080260070050008002867091610000000
920700064750080030006200508490508006080460903000000805175030400600070080030004000
000509040059280013084000090070003869030960500602070000563090000000057920020000301
003560000006810002190000568000752000000000279712090003007001430008043700301900800
060004003130500080040007060090400030000091004024030905006070048408060001209845070
301000200049002087002040600804000006000460502216905043020007300630800071000006008
040980537030600490070320010307542080050009320012000040780000009000700050000263000
190027065004003790070080000000000970009700080687504200960050800003800650800079020
009701086507000009002005300740010293098540000000009005906058002000907010810000907
000310400309027800016090025100000000002680500090732000800000200904278050060403078
890100300175002000003600078000080790000900502000270601058069017007420000060050804
048370001000018000007025960000501200451000006782003000004000735620050809070800002
940000000108007056206430098800142063000500007010709004001390070760050000302001000
004000006200507400530048109058100040060870500100600097005000000000409081491380060
300005000008002006090710430957001600003650700600003000086007309715390064000000087
507016090000704053804900706200400000093002000070069000050670430710348009300005000
032090600000830209709002100400010702800260010120000800068020007040370028070080001
900010803400050000001000427000806045084030019002900000140302908208000034700004160
032601570000008060406050109000000000005023801200007305100030058020809000607405032
085619000000002100102800607307000080508090300090000200634200819001040560000100024
030000090020093108096180300000720080603008920040009006080045607065000009010602030
005307018470050300302040000000682000001400006200001903520718004006005802830000005
006105037080000006207800010600500040800003705009006000000050000452630078308097451
008700052000430000946005300507040100860910007203000009001800703380004205602000080
600000980200689710400007562521803009800200030060100020000050200100000378700001050
700003000403007056050104090390081560200500071000740230072005900840000305000400020
049063000760021050000040369080100530050030706001006002107000000090002800800370641
003040560615730009000006003100500002050401006080003051730002105090370020060010030
001003060080020401005004807008450092520370000030096708800100543000009006006000170
184027030700890000090004018908000504002050060635400870800000406009040007007080300
000076910060480032008950604050700100090028000810000729506240090004000053000805000
098000004030600108200050000009214700300006042470835691800000010000300285006900007
005140900060802400324095006010500000600019705050000200290004010500000072038020504
023400000010500063004301729900108040000006000408750002301875000075630080096000000
003006005158009007000520093600210830300000001802900006400062050000001009587300602
450800700000050094300000050000005802823017500590000010900082601018370900035100200
009603000005000460026090800360000704041002950900406380000008071610020503000060240
600001708710300905980470000403005001000000073091607520009100050100009006508000209
002010703007800020945273000059104000003000060280705300020300510000507002030020047
406000723071306008000000060903027010800603079020000830000140300030209400004730090
259017004000000005006950003500009300017024060068003400000208500400005096700401230
080100026501006080002350010003000040840030000290084173000412700100503800000067030
709000060050130007020007580030062009097010058800700400000506030570040810063200005
470100000163420987008003000000000000605074032287930004036092000520040000000300520
800000100400251000601980002008009345030108009960005780306000004095073208000000500
028050000005410860160007049306000270001008006000200001092500008800042105514000600
536000000700029300001045780027000100005070008004093070150980007602100040409060800
080390000064010309003004500030702000070000050520063784390200800040005097100809030
906000200030720001200069050000002890603897000802650400009015000080006010020308049
000000002310000700208035004931208400600400090050690020090064001147800005506370000
800060094000190703709035010500076020070820000028000600607049300290503400000000209
007001065004080300150406000000560731030000084016804250900200040500070803062000007
020890703003000050400050060900700030000020508752000401086032017000600085001509024
000300000050026730003800000060048103030160084140503269312000090706000400004090020
004793000000008000902401683407009815098000070605810492000370020000000009016004000
000850190910300857000700000705043000090070308423609005800000406560008000007026080
000865900105000083760910000001000300002600059356090842500000000010207006680050034
010020007009060040620074093000001004100380075258000060030040000970206400006005239
083000061917005003246090500630020000090050706070060040164500092000902010000400800
000100004004890705070005380200080070043701000708350140007000000890610420610500030
090007120000195000561243780804002600050300000000070053900460070007509060040701000
720030000410600832000004509500000207000056041007200950002070690000000703976803020
361800052008000400000960080502079630009030040003600200080002094200700805095304000
100003070407810000000000800840006715056000000020038964072000040000097083689340050
100034000280007035030005180001648200469020800000009000540300010302450060600070300
972000680100008090008100034006000018091603070030400906300900000620017003700800069
200500060000007030040038702100076000608925000090801056400680003985000020001750008
028645007059020006060903825000010403170200059090300000647108090800000004000000700
620300810004106900700490306007050000210807000090060100403012700170680400000000650
000000900001000042090305670140500003027100865960003700710600000009070006680950420
060457020005020036007000004050100300423906150000500200090000000804093005006708912
256007083000500169149000705000000007482000051030186000004360002020070000960405000
786034150129758004500100028040081002800000003070000000000026001058000007000890305
240900178005007006090080002000008407804130690009604030000059063000706080607040000
805709201070000000000632500007008054100500670520007890740801000000900720250300009
040008516001700400095021000007000920309840060000590070086000000204600003000284651
020000071030080040070510083007004005002139064016050000200860050000390028800002130
004729010056038200000060030380000762200607800607002000700416090000800401013000080
000912348890003001041500907408000200020000674067000000009740000000005093014039080
009120000084000302630080090890006527370010000200000800903802400000050039520430080
080517004470809000009043000500030090200650310000000405001300040020401000864025073
081093020079008034000000000040860200790014305208050940007030002900000700160900408
304087205000500007701600000570090006800004010003270508048003050120960403000400009
500706000070000006961200470089301060000000738600000000705120603000009057048560019
508013060000800010071006980007065002610009800050100006080030059300580000105004078
306840570700062008000000309040205096900006005560070801008400003100008207009510000
050609000100020070702801560000963107000000630600000029417008300820000010560190040
003000089195060240020130050000408002900020070502600900204003007800000325300780600
800007094000864573400539100008316200050040830060000400010200008009008300003070020
034080000092000000076005834003760000260000503007000406300809207710604090009507040
000100020008500070601290804003900007002013060580060340046005000000600452025401003
000912348380007002014300507107000400050000281028000000003120000000005014061094020
750000000001068270800700000500100069406920058130086000000015003200034600080270504
530870062007006800806000790008000534003000000000630007010309600600080300382061450
000100497080070006010450320002890705805000000037005000408000573270504000000007214
060401030003002106508006004007004260430007809050380000020000980070690000305008640
070009006006030000301200400030400000012370908047610235054900700000003504760580000
390007204070400590000008107520043806760080052001005700004076000602830000007010000
000310400309027800016090025100000000002680500090732000800000200904278050060403078
040615300600007540050030001200703014003000050060200900310800090720046000500390670
600001708710300905980470000403005001000000073091607520009100050100009006508000209
800547260072600000090000708008700026005936040063000100300200070057400682009070000
209004060000000100804712009140908250300507600005000970706000002000030090002875016
006810030042000005315024000004006090009000426600092580058000000000950842007080150
000459231309020000045000090400007009102008006008305740700500000580600103006104020
507009600020060000000500103001038405800605390005094812100020080084050070000400230
080001007002400500510000649069010004047006150050702986620009000900108002100000300
000004060000090205009080300523908004400500090901703052004670029100009008790005400
000609007061304080000070050045703108310000000890400700420000091070008602109206500
002000064097060025000030910000043001400196500000500403041059238005002700603070000
108240053506137028003680000000000000035000040014760900407020000080510007000976200
968001257043000060072905030809050000726008000005009300000490800000003640004086010
060200000009407506700060108500300600010500800043601050105806279002000300690030005
063050000900003705008170309075004002000002050390060014007000190054901000800607540
720906080080007630600400090400600028035009000000240903067008204000504007048020009
000569328030000015000180000074050106501000049006400802103000004000006980920007061
850090106060815000009000500032000008006301005007029601400063200670040010020050904
001369087038201000007408931090006020003002100080010005500090004800005090070620500
930050106705914200800020005080007300006083000073295004300509001501600400000000090
000000002302089050681000030060415090815090040400738100007000086908600000006004320
370600950500000001000520046951006073408070005620000810200005060080490000090002430
000005719820600004005094060004080000080042300070006841100400900947068000068009002
100003070407810000000000800840006715056000000020038964072000040000097083689340050
010050040062807905590010806070008461200000358306100009100000083000090100000280007
150200300290006041000079000082601007070005020010000630021803790000062000960017080
010020480040003092300058710000794608004500100970001050200000000009080020138205060
692000740700800060450000300010048206300027495000050003023080600067005020900001030
004093100108040027005100400540208019000000506090064000803400051410300890000807000
500040800600058094080109060900385040015900000008006200840501900060070400057002600
900350207700000000053204609020860071685400900000003060234001006007008130000030004
000050086000603740796008030007000000080310690039560000900080007023004518000230460
000470002006301000002000150690007500210000800304058019040000921520094380000102070
040190500600002010081300640009207105002000300038901700300009006000020400096704250
000904510000761000170208006048007930310020070027000045050100760060002009890000400
600004520700100090030900678100309000009840000803027000000010040510098007340275080
710000004400092708020073000051060800360000900000819630180236450600000080040080006
052000036000000405740000291004010360100300004005002000006120008000086910831904650
000091050507030028000050710000382060006510000158407092470000009020005030095070200
000005070004009000050671809040007600300018050005940308002080900001500007460102583
050700000041002030062193057400070000208009700007200064304001270070000090129600008
306105000047800091908000306000002030080070600603008540004000003000031467002740980
500000831801240090090500026604070058000804000010000749006902010009381070020007000
208006049015093000000070035500020063300100004080059007054900600900702450100600300
500040800200038079070509060900276010052300000006005200320804700080010600019003400
010630270203709018000050003701090504000170009000004020062480001307910000100005080
017000300500300610300901507005069281002000060008000000604230070050106429700500030
185009730000500609000000020071000260409000100608001493010400000804095312207006000
000307180000080002000012970056038740084000526001000398009801207073400000008000004
900531000005090000002867091270000845068000019500204607100000054600000028004000703
100034000280007035030005180001648200469020800000009000540300010302450060600070300
068003000000000007004850620000000062216700380003600705042197506650080201031000000
800547260072600000090000708008700026005936040063000100300200070057400682009070000
000160302300090700160704890000021070010359400090400000000040087820900506500003204
080045009003090052005070000071950200009000000208300597006007905054829063007000001
000008216809004075050300008000250800004036059000000000000013082192000760738020501
090060104000435000042000703200050830005001200107302090053100009400003502800570006
100034000690007013030006780001649300547010900000008000310900070402760090700080200
096284001053900000208003076000470050600020340485009060520040090000001085000600400
379600000401532007025700610100000000506020100000054236200000001007260840600070300
034080000091000000076009413008640000120000605003000802300805907980207030007304050
502004601600080009100650400005039800000067905790000004900120048308000090020508030
800090070710540300030706045300070058008030010062004030920360000007050200000407590
708500200021308000305760000003807456000050090500090800210000300000071005857000142
405007002700268401608100370000000500903570120000410703201090600050800000800640000
010074900609152437000030028090000000007040890400709060005483010000200780000007045
920700045501900602340280790010000070002804000080000026800090230050638400030070000
300006008010823049000004602000030091000000200200081360470300005003900810068005473
680310200402600390000400080000900800530201479060800000006030040720506100090100720
005604030804000079600718000009800050002000196070001240001405007460009502007060080
289053010070001230003024005800410000000590040000006000450060371700005680001030052
102050000080600050900032100000210049079486030604590008090020007000860305030000094
671090000053207046008003090016008409200079000800040603540006001080000260307020000
009000072604200008053908064090001000760400350018000297007056803800090640500000000
080390000064010309003004500030702000070000050520063784390200800040005097100809030
508360091000004265010900000700103000300270016009400302801002503690500000005030009
380000120602015400500007039700203910038091500100000000013940007200070000970002001
000600090001800643642903000090004700208060010004029800009056072460200900005008060
900360051350000002008510700205030087003970010009005006000091060190004008042003009
001003005007109263300000080800000300070910602209030000100026750692075000754300000
601080905059006020308905000000650037900072000570134689000200700000000050400007092
068000700005003102000020054100409007080060900390102840003000206620810030079006010
075001602190064753006058149012630000700080905080000000004903008037000000000400300
601004200790103650000900001000390006036040098950008002000000803800205900023079005
005307018380050200201080000000415000009800002100006703820931007003008904970000001
412008000006301400000600020100009002509100300000285009730002004080503017200746050
300029004517830900000160007070000320800207009104050000601090000700481000098506200
032004000400000800000800054105000029900000741624010503008170405010002007307059010
005014690030008405147000030002000070001000903960000108750906000300020750208400069
059002008200000965768010004000060500605007090410503020004000000036800140072030059
006501084017040030400703000000105208000000100125006403301009800758304601600000000
020180003438000002917000406250068700000725000000000090060430800700506000094872001
200010060000008450640700010004000000506209100179580602000900081890060074003801900
000406700000000163856017040000879016009000030065102009007900005508703000092060300
671090000039602014008005090095003701400017000100060903380006009010000280902080000
806234050000006094020070030204017000081050060050890140062001000700000013000708025
500072060970308051001000040450000810002405600007900005010020070204059030090600502
540010000000024065063700004004950630801400007009007200708500316400203080005006000
009007005165203070300090120038704001401009067000000050600008540804052000050300700
502076001000900007030000260203008009107029580000300012425090870070000005380005900
080000000407510096600040100800900005052006900390007000500803009260094050903005481
500040800200038094030902050900356070062700000007009600640203500020090300013005400
307005001206008590109000800005200019790461350010003700960000007500040900000030160
000040307008103090500800060685001700107380900320004608000408006000000829000279004
098070310250010900000609070900061400040005000310000867003000000060280104084190605
002080316010634700300702090001000008036070200809105400080291000003047005020000800
006003090108054007090608000002307005573096081600080030050030040069500000047000902
103060008502008064064502307200000801080030020000089600001003082026040003030900400
200003400070500300030071000906030004004012970718004205003400100680059703007000009
184002630009000000030400709040000982000690003090520000420006000007049850950807420
000073501050900000060000087526034000830050002410702600070000049302400106000015270
008760100000004308593102670400600200006805019000340060300000051800400700907500006
160050807098003040000000029007030490904510000010098700080162003630870210000000600
050304000790015200010060000300000070001200890208900000080170624400000950126459700
004060007000402580920700160007000902002903008498050000250040000140607300070509006
070040060000065020500002000700000019351900048890010570037600052040003700005780036
710490800000065400046800000000317000009080700501940000360100980158030040920700060
087069250002000006100203004500080032600040800020095007960000400000428309043010500
700930000183042509002701003514200087000005000208009400000010000401596720090000006
020050870006207040040006132007180200000045760501700000100970024900000000670004390
003520010900800020028003504200050083804107000009008400007080100100340700350900806
502076001000100008080000460805007009304081670000500014293010780070000003150008900
480206000305047060009000200700980021104602000000500090200060007946708002500009140
400007936560391708930086000000000000800750102090200070020800004704600000083100507
610809400004260750072050000020083040000507069050040180007000210400700000280035006
030967002010420753027030009300100600701040900008609007000380500003000001470010008
300029004245130800000450006060000520800905001109060000507080000400392000032507900
000000051000310000004900820006058347317020005480000019001800476048500030700000098
200003400003009008058620310080207905025000800006890002600000580540300097007506000
000865900105000083760910000001000300002600059356090842500000000010207006680050034
010690002500200300607030090900302057705400200200007400468020970000040500300019004
100005020027980041380004590000856200650401008040730000000002060030500709005100300
078010400000860030206500000957036001000007500000108000825001640009045082600302700
385001200006000500010600004090080052800295460504007300760803005000070680008016000
906000200070610009300079060000007950709158000405920800003065000090001020060204085
070300600026057000400286050048060002090072100052000960080405010000031040510008007
000912348480007006013600207804000900020000563069000000001360000000005014058071030
900000040010009632000603109000800201006214700201300000004030075195000006008526900
601080905059006020308905000000650037900072000570134689000200700000000050400007092
023000000600753800007060001005000308008395007030400009582070900304006100160000784
060000302007930480003720000906810704074602003000000100630200000800405630040060290
000287050800100702026095400000002000602000100090050800964501070007026010005078043
008507206030801790065000308000700030380200400501040900800003029010000070007624080
050460928002580003030000400105002007600170200900000180008957000000210000290630501
020903008000508700430000020050487600090050300700039000800370050000800293042600871
600009152000680070000000380905047000100060235030210000260100090358090020491000500
000002600804590027071003050000007400683040079907006030700000895410000000008600714
300206504006080100500040600027013090000052300053000402090130046200508700730000050
003400060200300004000070090481069025067240000030010400600900237028004109000500048
038970000027541389005300060000104000410860500070000801200038604001000000084009020
060009007084037000001060008905008000803005401006073082200050060008300700107896200
000006000060378025100009400279000380006980200001200500690035042400092050050000810
394067000050003047000100036010204070002008005500600018900000700005782100078001052
000001042000230901010500037000190805000704020009352006003020000040003100678409250
495010300700500004002306000900025618801009007004100090010283040209000006000004051
000024000090500603172003045059000260001390070007106000928675004005000090000080702
350240090000075000000300080100050643407180009035060170208000910504000000093820050
620107350000002900103008700006910200500004690002050004015040007480070530000305009
809000700361487905500090003138006009426000070005200030200000000900570040000034502
092630587570200006008000000800040009010860003067301000926000070380500020005003860
709060401000187000106000780004800910502600007010503600040030170060050000900014306
071000602003670800400250017080539700930800021604020080090010208000300100000000095
815706003200000170000410002400600300090840000503002684050008740640030020900004030
005304006406900058700050020600010500801003400090768200250000190060001840009830000
600542000385710064010000750536070492008060001100000300760800020900000600000056040
007920005201000030000036040705840910300001050000090004078012493003005000020009571
072001084400500926306040000031050600025000007004002009100405000040806100659003008
000805270305007049800040000060970000709306580100000907081059400970030158000100000
039004817600780039080900000910000702520090080007035940000006000308501476000000005
000246900120800070008001300800005102602007050031020740206000507017000038000070206
800053020004000600070069803001905000057014030930602401040090500783000004002706000
006070500010960002590800760009000070060407015200650309008009136630014000000006007
079000450401000090205047601040093010050802000090406038300008100980170000000029040
000640370413000806700080402820050007030006105507800000040020500105400068300508000
207090065186000000030486170409003008000849007070020090600100230000000580890030006
000000040700000090060020850280590460017084030000000500800030601020069084634018075
309000000160520400004030860080000050000080379930001040005806700892074016603000004
640000000089001060320700190403600080097054000060000009204060030038170906070540001
082300040014089060000400013070540080000100709261090004008600000026000430007208095
070000050280950036300021000430200000016000709090070400008010670650008902020605340
078010030000820607009075000400902070010030800200001460000050700907648213001007004
000267800000001467637500190060050070304726019009010000000002058008005003400000901
004537001100086000000040600200001000316800400408000126500608017083710900001095000
795320604080460000000000120040082700003000050908507460000600200609005047007890500
107000600205071408000050020300080009000090060759403082018030057000520900590007040
085003047030000000000780930014020000300001002052070190700102403003000061140830720
100046500042703106360800000000070318870009004400080000028005009500000070010490852
002000000300524071700093000003007904458360017170082000060930100000240060030006009
204006310010030000050401609580160007300200090400500001037050960040002000005610403
042073060010200350006080047123450000090708030400000000269000410750000600080042070
023540090080170006004000005307000160090300200800697040000005010901020084036401007
605790400021400000040008000004380070030047006050600800016032007000874051070060204
080010000705382401000000380103004005900206143040501708532000000009050204007000800
000008000701036205850002790000700061017600000560003804970350042006820007020000008
085020360001004009300600100007060800000705413030200006800070041020000005703512690
000900000009030005613705400005314080040070650000580001752403806000802000000157020
600001708710300905980470000403005001000000073091607520009100050100009006508000209
006080910800291005030050008903520001700014580540360002000000306300600009027000100
510780400049200005000400001471390652080000000000670800008000000090835270605040930
970054010000020500002000064001090000000400030068030970000060327609703450350241008
070050030358900010060034785400600123200009547017003000090080062000300000040700300
100060200003150000058900341000400070070090003360027804406000005001245700005600092
070020940004600200603400007010800790800902100039100062000084000980030420060709080
908006325003800071100000000010603000520087000609005000480091250091504768000000004
508300060090000037600045008002007009705691203900804000207080410809400005301000000
024003000050406708300500260000080020290065041040002007000000005567048910002609003
007800600000950003060034002916000370004600105000080940498000001020490007070520069
010075008005810006070000041802040013100308000050900087940102700500030890003009060
080005000000600009790023051600200598040009003539806200002300000070900600004580372
000301040018700603460900005850090207340500006000038050030070408009043001004005060
000200810416580207000070009060400003005003002043007005020368094000000568098005300
930860070000302800008010000120000780689031240075000100701080002843005600000000058
010000200000080040003200089004002007000030654600457002100503000908120760500876910
020900716600035020804600000509000400000079083703850060002001690100400230907060000
004097800756080490000000006043100700500006302007034100800001004600049013019020600
961000584238150000007009002502030900000000630086900005000090203703500809800020060
008700014070000603234000975020908100090000347040007000607510490000072000052680000
001809070580000000000267085000910536640000021039600840908406010400008050000002008
002086590430500007000007402900040760620001000104960800200800054000070030341020008
010800000030075019407300208090067340045020060700001090900250100000003070083004520
047036050000201007029000081300075210004002003270003090090000000080029035730510040
010006000070002930380590067004029800700000200290058003047000310063907004000103090
240000050035700401810000270004507002000496015056002340000960020000108004000070036
920700045501900602340280790010000070002804000080000026800090230050638400030070000
004207010082050700001300028700920050290700080040006090009005370000400060356072800
000006043304009080058704921062100000083600019510293000000000092006000104090057000
408023601021008049060000200050000876140830090070600014080370000700086003030400000
406085071801400960073000005589710000010040000040600152000006000030250810000074020
054760010900000006006590032003940700040007093809300004030000081090280300082070040
009708000830020000000054000906805040005471000300690508102000080590160427700000065
009000072604200008053908064090001000760400350018000297007056803800090640500000000
000000001408203000715000040500092608069004003000076459000720005230605000907400206
700380064080090075093070000061800030079200658030906100000000090300520000010760403
609057001030900005005800092803000000507009004000438657086074920000001000900080106
400100090601003000080270641010009300004510800000300002160004005000051726902706100
080006040070100509005002760000900010000041275120070930000400600210000090093207158
080000012670080000120003678900208030002740085050006049200001000000670923004005800
600875300200039451003201068000756000026000900050920600800000004007500096900000570
106450000000906103509270040000008706300710000904560380057000960000000410490607000
080093764074020080050800000060001050703005000005700326800010640032607800006040200
009027360000003040750084000300000402892400500000230180070318900204090870010040000
001000230020760080000020497000950600910000542805041000500379060700000923090002004
008100200400357080000820017000200050070040002924005001200060079800432000563900008
064020085879050603050800094001030000400701002690080001700000000046300070200590036
278000009604070803050001700706900005000020006000630490590000600860402001300005978
900200400200400150001396000800560307007008001009042008402059670063000000105070800
000560090069710800050300000900601347001003906000000000800030070037980200692057480
900000470230460008450908000003706009000090005198300000615200000000030200372809504
600029008508070203002845600000050062003400000007000500805190436426030907000000800
006500001902630780005020000024000070030706000609800030000175492050200100001068350
804000509050098037079510000206100700700005400541003900607000300030700002900304070
040500200003600080120780095482300600600040307000900040200057104010096000708000902
004050093001006000050408720800000007109023054030809010006900070047302069090007500
009603847400702093300050106030007000024061079010000200003000700605020038000300051
031408700000090004082050061009006013016080000305010608098170006000002000654000027
500004260706502301800090000070805000630000800005960703068400000050000002090723685
800679050306002000090403100920340005500820003000050470430000600600708000270060509
000207809000004000290060070105029608300680704708045000600008000007530406002000593
573020060409006820206300000000180002040003058600007301000602009000405016062009005
001603000003510296604000531056731900400260058009000003000350600000040800040900070
000004070000090201701005080647002018120470635509060020080000040010306000302000056
304029180006570000050040000083000402000003000167450090700084306000216578008005000
080735000002041000007290800900512008750604002608000005005007081006400000070150904
816205900900360082000009000048030000590812400000050108000108300203600050001073009
900004000708005019040070080630052801050100640001708300090016057580007030002000900
100900030079003008836245010704000009090400700360000040003014076000302090008070450
001020080580600004400890703020014806000200000157300002000700098090040000734082105
070400160031200005060103080600009201059700030007010900026080300008900607300620010
003008509007010006591000007070090000018000004904100600709680203156307000030450001
006023007300068921280900000009050703165380002032001500000000050000030078070040209
040030701000407059093000420300004017001072900072060030539000000800200070100845600
071902006503700080490813000000020704000006009000090160060509802010080490950000603
360902000000004020219500430600000390090000600481030750930000578070090003005783000
103002600000040703709536002520000800904000006360720005405009001800400000690003480
000070800684501002051000300000000419000205687000800230405002000003006708816407500
000521000200090360500400000800070142043080097070145038430750206680000050000000009
841030000700000003000067109610274390000000010430000800000705600070480021203106054
849030000050007090702000300523018000100300005900006013001005407400720068030080029
000009000031000702020007510000248900053910207000305640084093176100000350000000029
027600300008030000095000007980000703000078062700009841079400000801062500253080070
000070894149386000200000030800024070004038010630000050070045002406090085010003040
130807250800050097000000034000370000000509748007100023601200079950006000070930005
000006001000380060806014700041000070600001003795408612080060000037109080160070004
060090000500000407078056009680027900900000086057080030809300070106805090000062801
903000000700000008040005930007016082401002069802004300080960071070058203009200006
090007120000195000561243780804002600050300000000070053900460070007509060040701000
070040010502700980006802040691300250800000007000085003300008679400600020069107000
009017032070400060005030001700621005306500917001000000508000070000003450067105093
072000800049010600510008200760000590190250046050000180001040060687320400000860000
190020400070300000043000050007400600001600000306000109804507023235090708009032504
581004090070080050000170840000001600200040905809560020020408000000310489498000030
008061035000000970750480000500070046410506080300040002200607000006000759075910060
200409700560180394000063000000004539920310080003007020000040200040001070009205048
083400001020700003105839200010080000504017009090200175800000900309100650060008700
710580904500047016240061037000008150009006002100700000300800005057000040060090270
430590007690000053050000269005030000026050000000641025300280070219003000500009042
000246900260900030001007200500009603102003050038050710805000306016000072000020105
000890060069004700003000008600382079907600402000049300096500023205008010300400090
510004020940000630000000005000315702070940300350280904000460003100850000408721000
087100009093000100021800504000602900836905200059000060000000325360297010000050700
900030605302019000000040009503000000000060850020480073000692540058100300694800027
000608029409000685000000407014050062570086900002009000700030200000100078006920514
001740080007300200000002300310857009008400001506019008070500602623900050080620000
009700003700810295380950401294500806500000120000002009000097060000200300607300010
700004800040030760085702001008070024090800010670010008007409183001600040409001000
000003000700006350348050100000015039000308705503790680070001000005037908001502060
000070009087000105904815070600050014005003000400081036000020800720038001051900603
307005001206008590109000800005200019790461350010003700960000007500040900000030160
700604015004912600100030000070300000852149070001700002607000800010400000490870120
002049870000801009060070300080003092271904000000002150000508760800000215507100004
005001204008000307900340000100008950053000000800700406296800041080004500540079603
009054016001060000005023809000492003074615200000070064100746000027580000600000007
090004132060037094023000007902400300000806410008391000200000600000000973006009251
200000035005210800098034000004863009087100600032070400010000500400056001076001940
058140030700503400493000000270030068500804020189027003000050002801300000900708000
200700000106090070005340192304080760060570004500100009007905806009000001050420030
106742000000005206840000050000000000000256401014073000591020600608000534037068010
000906002020510480000420930600301570000000820030790000850000204010050398200803007
089140263601305704000000500002006000000530927490080050037209845000000000000003096
720050409341079000000204100039120000400000870000068900970080502510700090083000006
000100080090080106802050097300010850009030260001098300006005010000927605057001003
025030100003000470108029060401000000006000900230050000300405089854096207070002350
054002300063010740000340000009100270320000000040293086400006030098530420007080100
007009200102007900004800060208904653736050009009068000000100008800000030400703526
903500080018024030020000005435000069100430000002910300040007500080052007706309020
000570803100020900804109007060002004000358760003000098000006170072000005690085430
500028000000000501643050270100074050070000023205930800006400005002090006910065780
140600007090430000300917000006000530950164080704023900070000105000700460030206070
607100000003005017001270350780002540004600203500000900000500784460980030000410090
004080500078020030209634100000000340180000725002073600000090006900042800400810059
007109000000067395006253107000008056090510200080000001001700800030041062420630000
102560000570108000086000090003809000910070453007001020000605004200017085705084000
500800603360574001200060080406000700010705060705600400650120800090050000120006040
300810702000320000720450319010000460534000020000240530003002000460000100901500280
730218000060000003001600790002009000008503620043070051050000004800020370104357800
079600402410002008025070031000056000000009500563020890030010009000090006291060780
000600001600040090480000030800000210065820300207030408008790000002503187570408003
203650098069000000810030000620000081098300524000008900950200400000075009072400035
200607000040001520805200091070930005083000004100408960000000080700320040630709150
003000060100046900460530007000480000074021605090300740000690852042000006006070019
970000580000900306010280009001530204560000001040001907000316008089002040600049100
048050160300700825900000000200406070004037000600090030009604307063971200000080091
280076050000000021035020007060485010500000000403002580350210709690030100070049000
500009030097305084400087590050216003203570010704800600000031400305000000070000002
002070000907200000345900672036020040401003006508000010074090000060710408000608907
053098020009730000820100009005007002080043007001000893000271060200089700910050200
900050000027630895000000306078000010000120050350940608010086200042305060003009500
007000836000786905090000204030507480000008001406020300700094003304150700000603002
300008200500020309402931657050080100908000002006005000017054930003600000600703400
906030400100908050070105320000051042293800001005000003701503006000007030000416080
908307601300900800070000040001500002020008096087290500065400100000050064014036008
050407009030600280180003060000760000820004090010050473000008007008570902271006300
301950804008000006940008000004670200050009000000532487407800031080364029000100000
500000708340790000010058903982006134050400000000902000600030201830100060070045009
000890000020607530009030100390586000204000005805300607580009003000703812001020050
600000080200008005081000279004000802560029017023080000742010908000900023090070640
000750903005081006060030845000910700000072504200500000906847002520000087040000039
001050206004012097070089413500407060060000001002001300020070640100590000056048000
070018000105900300800300502050420006000105020020086003003257048000030001207840900
386004200407800530010000060105090782700652004000081003000906300290005000000000149
169050000000071050070003904000000040630824500480090201810009407020146080300000090
001603000009580213807000965065814700300750042004000008000360500000070300070200090
040690810000385020000010006508030007100742080074850030000000052713509640800000000
008035270045000310000000509001904020902860000480200907150400062804006000000028400
006200040003090250240000300000100000370602491000000082832079600007008934009310020
009006800701048263006000104042167009010209000000580601103000508000070900000450010
000560090056340100090700000500907341007001809000000000600070020015690400479025610
000068000000070830803402000006000041239001670070009083000000050408536702600204098
500040800600058094080109060900385040015900000008006200840501900060070400057002600
004062300600300020003000800508400010300009000970620034000006070810907250237080069
093820000007059104004100390650408000078603052000000406086240000000005800010900240
060024008502600001900000250037941065000000003608070900006000029094056007100709080
000001400050804070478009000063200790000000025000005308204070000906003057710902643
082050000610072005009813002000160204000000790940030060038004506506320000000005310
008200007427180009015300000800000092093428061100790400250600010000850000006041000
092608050134705000068000030007259004085010902409000000806047003000503607000000040
030009085986004000400010907000100572200600314010700006009050730560007040047001000
002180704000000021760900000000001060305090010614030907100700238003800006050342100
004062300600100070003000500502300010800005000360410052000008060410507920978020035
019768000302009070600430100920000000530000200100056394090000601000940057040605003
390004518000819047000300000040020000100086009005093081050900160810600054004170000
506000308014580002009000001037020160000000000002810073973050410458006000260079000
078010030000530407002078000800103020060080300200005790000060100406351279009004006
000609007093401060000050020079102806380000000560800200830000074040008602906703100
907630045200549000050000920000000070008000600700304582870090264020070050005403007
070403006041026500306510000900007000030089020002000057009302000400900730700845610
009017032080300040007050008400721003203900415008000000805000060000002850024605071
020604030450100206600005100004003000095201380200500907510000603807352000000000058
002407005670010043009600100003049580008020000067008300000203400096500200304900057
490003800680900035000708009730100084000034600800007050008005142073401008005006000
704290301050006972300157006000000094047039060005000030076500403081000507000070000
902601800000402130164070502700504601400000900020007400800000210090105000040060705
000000200206008079700040061000030090460070513030000728605107902890500000103460000
000006001283071000001849070032058100005002430009437006050000000140000200326014000
010060400907020603040730010800070100001002080702081905020840000000000034394057800
060000301809601750030400000900007410780540000003006207302164008000000900078050130
021970000060020501000105200100782005070300180050000020000200859005001000932508410
107000040000080090900000300790501008304806000608049073030407820020150930870000050
720480060308950010106000000000000002200309050000025800030040906492070180560008320
000890060069004700003000008600382079907600402000049300096500023205008010300400090
504200063001000700867040090009005800600900047723060001380001605006030219900000000
080500000607000548100486200000009000045000730006000085002905004978240601064170000
005020900400365170071004006300000700507000000010200400780006010902408307100702840
170000403290030058000000060000072810020610300807309040702001004400020980080500072
001600050046830000780050009400086070100004030000307008803760491900240605000910000
003007402007000386000001007000069008020800005001204903090300704106700059274500030
800053020001000800070028409005604000024017090190502708030040200452000001007205000
000254000500000914840010200050000800001080020078425360600700002080160500210090086
080000009009205030307060584000758603070340005003000090000500900712000050956003410
000750903005081006060030845000910700000072504200500000906847002520000087040000039
002300000085079030470002001040003602806000500000086047908000420504090703360040090
496512873002000000000900600004601200201048300900000048640000002300004700100263400
248000190600105003000980004560000407030804500700010030800469300100020049406000008
527801046003000200000970050070408030039006708005020060002009005700600100061280070
000640370574000908600090405740020009010003802805900000050030200408200037300107000
004900372810000090230005010006400801040600000905038704000000000503007049490260580
000903500000042906043760001034000000600470300009000160790630200008207010025010073
074601250080294070006000800700015300000029018800460900002000090190040000567002080
400073016000000000906208470097800100065029087000100009640900030580042600000300045
071600900060749000000302060030007080706000041180060009000800592000270004328500710
093265800700103605640000030200001300009006512000000700902804050500000000310702906
169400002023900000070601900042150370301007050780000200000000107007040800038010094
710002030032040070000063012020510096096030280070900000000090453105304800900005000
039004817500970062060100000910000506840060070005091280000006000106305724000000005
040530086000190700759000020000300090065974200910000840020050100001260070607010500
509620000004500000012374600900003508608000103150490200081030067700000020236000000
078920000012004608400070039080090020100402750040760800001040000600309107895000000
000002000000580007284030500143650072070803090690001350000060080900420705006010200
070030682405020001300601000000050700093080005010072840007000000000040937834719200
006971000070080000091060004083029640004800000020350710002090000000142089000537260
859340070046091520000658000000030102500000004020065807070080295030009410100000000
001900004050000020900465100100070000830004610702091485510040030000100260000087041
806234050000006028050010060609072000078060090030850470024007000700000019000301047
900000400081349076007010002005001700700030001098064035000602100610000903070180600
006802040400000008008100000070059006602300150095001800980006030063040080510080692
098040000070958020002713985000007230004090006000580409200605090600000503800004700
050200008000030540009670200020000700074300001936007082097503104400002359000090800
400500809850200000006480002500603008049007060060900704010065080003004007075008041
000300071062710000107005006235140800070600000000008293620030080050901002800050704
001600007005780030004109286408000109396000070000905003207800600569402008000000700
603400000800907100000006234208601450000000000950240018006308040080100576520700000
030017008815260070000000906000005023006002045402103000078036400000020687901004000
029030060700001003350020078008000001000000026000073840602357014000002007407809650
000030800892006300100480052084700020000824601001000090410300080750108230000900060
280500004070020500500306908005080000007400209020709103000100092803950700910600800
230070000000030010504280763020009008050063407003020000360004079709310080005007004
000510090580602030210000608000041020045000001102085009020806905053007060600004200
400108009708093040001000807070900205500027006013005070030850000005000080807410053
007009602912005004038400019070090200000203006000007940000314897001000060003706400
200836014030075000000204300005190000002508060143020500506080030024000680017000040
000260034200348005031097802700080000640000900900720650000002000100475000070809410
700108040100004907029060100856007304000005090070046010000030050004071630208009400
070900080000107056050003074000090610710005802809030700020506000080370500530849000
080970010070800509039510780207405000950000200108206050005041000096700040000009008
401900068009460007300080500040016000103700020020008140730052001000304070096000053
002900840000100560081406000604007900873040106025008000009700600006002753008000204
003079000248001967000040010130586004900000086007004300006017039370400000080020005
090004500364020000507096000006045000030000007075900102000000985000059024950403671
300004000490820070805719300023090000059007001700100209006002890000980103900000504
007006809006400005000270060500300690080950072030601084170800400400105007005700200
059807260600009800040300015000000000000618000060005098037026189805904720000700050
003042001048673020700090000000936057000450003500807000674010008825000009310000002
658002309209160740010000506020790600800051002000000871700800003001000280000500097
500000308703410000802030070107090800035000007006107540001003904320000080070250630
009740805070820100406000020060000091150030000004162003000017000901003750038005604
604701502503006700000008030000800020150003948002079000000605074200080000476300810
039000074102750800078910030080009300900070000210600000320805940050000201800100053
190000306500009240340010850030090080078120003609800100013480905000000030000730400
007204900945076010001089040800040160700601008010800790504000080209000004008027000
700034090003912070029057040130075008508260017000083000000508000070000000052700480
006000000420100080098600147000048063680300070732010000963001050001000000807090614
300700150120040000005318062871400200200051000000000900903524601460000020010630000
046073918900400302080105406002300009000800000090627100000048023004702090007000060
000708003067009000050004700625803004090007230030002001006900057503406080009300420
902501400004000807008407100000708043030000681000010000000100560861045079003006210
709002003032010600060083004070820406600001900090040130000008001010056080087100502
090001004003040025200075006750080009800200007060097401401000008080013060020809043
059430000130000005004078319005900060090046080000180003503010002007309100940200600
406000723071306008000000060903027010800603079020000830000140300030209400004730090
600053092003491000079062300790005010204917005800006700000030007002500008000620003
403921570600400820020056390010080060000210007970504000000000009806000032507630000
040615300500002710020090005900106043002000070030500900290700050670059000100230690
000040002070200800502013000051092000800175003020304910030008007967031080400000506
410003000070061200800002103001078405005040000024500306107004002900600701200097050
230001060010000000000076120090082006326400700000703000802014300179600082050800601
007005010001040230389010564834000005002003080670409003000096050926000801000020000
013028000590007281000405000007840610200600870106070030600190700900780040400200000
010003004000107605205080090050068200402035806060000007006009072700806030340001500
630000709000562008001070000040001003302409076900300284700030050063090001028600030
200809060090070001000000209400000002930005640801000395000000900625397084109406070
300070000059300407200408310090004203640200005700501600060000980087043006900100030
308100007000700003150000020480501960000906348062030075070005009500090001030800604
000006107060000090302000000600400901704305060859100700137609028005240370000703000
000070489004008207076004001000000600500026190008500000730005010081730940020010376
000054209600200050042610080120703040050000070308060012004036008235047000000100400
500900016670008003090560400240050060800000350007091080000070035960340002035080900
000270530009630000623010047004028650290300070000007380500700400000002700010093208
200046080075809320900302004302000015810060000000031000108023957009000000700980040
004000760856000920090600840600190000010000000300500016700410009968270004040968200
040053706000000090876042003000000008087610904020380010700000000010206837630071500
000061008940030070200009103835000460100706059000340000010003204403007005500604700
000070000587021003400003798000008030145300980030095060050140000090006020310009450
300810702000320000720450319010000460534000020000240530003002000460000100901500280
042035700610020093000000002400200000021500630050610270260009000100350928003100060
010000009520800604090164002002000000001359000060271500080710400705032000036908005
760000038000730690803005002000503710500400326000060405106000047020000053057820000
012030040003900060080040315060001527009004106030006008020000954091400073007009000
803000742040020005590040060000510836069080021100063000000051280000030609008006004
910020007000097620070000804000709000509040030021503000007930040190078063052004900
030510467005600030000394000200083605048000700006005020080400306054200810070801000
000006084005098060800002010500003026070050830328000000002340608013605042006900003
600275800038000007000000000340007065000190734160004000006702308010030579870040600
000021400805730000610000730009000380406080000020357906700910004900075100051000670
007009602912005004038400019070090200000203006000007940000314897001000060003706400
000004960205000304470090005301006700002000048008120500604700091039800472100040000
607298340000000060403005000930582600002040090050906020080004079200800030049000150
004006000570000608068590000026013007003600820000005316400000163010000740035740080
000300470045080600309200058071000060400975302003020004000002007952760030017500000
010003200046210000239000018050001004763000002001920075005009000090760501000105780
008400009645000078000080062000210700580004103020360894050600000860000001790820040
800004060060501070950006024138405090000009803700300400017860049080000007009047000
307051290490000070210090563730008050050302900100009030006000020023046700870000000
060500080401370000000400301009140032004067900020900000902005167057601090000004023
805001906091500004270680005000000003003810000029406078010060052500300600008002307
000903750000207900000508634800300060395006208200000000000051000580692070900830016
064100090900000107002937040006293000539006010287005300008002000425060000000509004
200010060000008450640700010004000000506209100179580602000900081890060074003801900
706000002908000001200809000000708903509000067073096028004003270060902014020501000
035806090040090007100004308010008200006000800902507140024700901001409503800001000
000170000704003180001002760080020041950040300040308006000400030015930820309007400
209300680086000710070000205804235100025009000007104050700900061000407000008010407
051000000900502800270000000300600025009000600162054080010326079003470208000890106
400800001092650000008020679051200090804079500000004180000365028200008006906000010
104000030085400209026180050000900702907040001240700060000006090063090005400001826
000790300630500070908326000097230100000000820023860940000100004010053608084070000
000890547097403002000607080360008750008020406050906320500004800710000000089000004
890000000207000000400521009009210847100730006042680010000103005000952400003070601
000670150006050824130080607007000402650004010009700305008017246000000000420000570
401800503620130900090000060084070106003041080009008370040700030050080712000000408
310085400090604030560000097001827050009001208820000003045002700000500604000006015
090340005000195402030000000904782006000960050720000800070000000060407128248050790
000009208482000170691720030500000012800200346213096000030070501000031000005000080
030800061070056842020400300000519280000000030750000600000083700006740158007100403
708200091030070046246000078000000800407006903009020610003609780090081405000000100
300070000059300407200408310090004203640200005700501600060000980087043006900100030
109030850008000060400200000041987530007600208060040000000405083734060005080309001
040080700001090308805170400570801003603052840000000002006308004280400501000005600
050041826030000050148026070016002000003807040800600015060000004085093100097000008
040930000320007090000000000860400009703500428150800006000089300937004081080301057
000007003000430058365000000020803006040700021937001840200300180800206530000080069
504068070900003050100904083008501000000700102071002800000810007045000019010006528
006000000007000290890021605900500100071000040542038760003010900400809000720603480
000000907003008000024076850876053090510700040409060005387605021000007000205000009
000500039605928047080734005010000000500090000006800390000000003067150020293480506
090376080030080005800000602000090508702060009000000000056817300010904806428605007
020000071040080060070260083006002008007314025053090000900150030000830047700006850
070800200200430080084007501059013002000000305830540700060000100000705028027089003
007460085900057040005021060420100050300000000570209034092305400000600320080000590
100003070407810000000000800840006715056000000020038964072000040000097083689340050
012908700000700602360000090004800000031095206900200840700301080048000003100084520
950803200412070000800492065004901000000036090700040006005020600600509000209007850
010060080000510307320800069700450090502008700000120038006040820003081000040006901
100354068060079040490060300601000780004038000507900423056007004000003602010000000
396500020000690100007002650700813240014020000002057000001000036200104508058700000
040000350000754106005091000802100460100420030570000010053007281900010640008600000
507103904000080001031040000359406000200895000008320090040900058980070013060000040
264908753150030600000600901010000809936050240042090060007000000080069000093004000
007800065004093800000075004530460000046700009000350640000087000100532400083040590
106300005005100098003200060007000031500930004400702806004620000000571642050803000
056000390002065008800790065000009500003506820020004070280003601490050000000020984
640053008920000040853000200000007059300081020200345000030578002780000130004030090
920500180080009405040016000830762590700000008000100007019087600000000900670950043
040000003900207000205009087531600000070053026004018009400006030306901700007004802
000270530006580000579060042008051270260400080000008650600700300000005400050046108
100437080049200610007000050708005140500701008400009500830000004070090301020103005
920700064670020030003600902890402006050390407000000209169080500700030020030001000
400003008200007600810000040000074006704310050630020000978500060002698003301042009
023540090080170006004000005307000160090300200800697040000005010901020084036401007
908003000000026100406001030370810290860230500095000010000074020100350060040008703
003450800600310072528007310054706000000000035060509420000904703005170040000000008
030000090600207350904180700008301040100000073503900100009640080075009630800030009
300040000062170040509000076700680020000017805908002000275004090406020758080000002
280900073907080006016275804050307008003060001009001020400002030000700005090634000
503900006708061530000000078057120390090750080000840007086000910009010045400008000
069000000004086000007054003010030050506700390070090608400200080782060039091040205
000000960089010072200006003006050104098021030710600280000395001001802050030060007
052601309000040600710008420003020800000005000607039204009087502070210900024000008
000000002180000700603074009891205400200700090050460020010023004938600005702950000
400010026000200700260007304709360800624050100100700000310090060092005470000170200
008400000050902470040000809291040000070201060403008090080004756014006900000039108
000004090000260304300007020170309086800706231000800900700001500204090003090403810
093000180002960000050703620000410096810097002240000010100070900070009001064020503
503100028004020956200000040007600010100500390000403007005000800001935460420706500
069100300002086700500200048080067030100000009230001807000300074403709080098600200
030650007910307600600000304003170020890000003007820506400798001700001860080000009
102050976900106020540000300009080000050092600004003850090010760000705090801000542
390007401008001050071045036100000060900100340004080000840320015020008604709000200
600900001305008000790040000000085316010409205570320009207000508009053000050070904
000904510000782000390605008028003460760050020013000089050200830030001004470000900
000290010900051740601003050090604070400070392000020000020010900009507000804902165
370012604000004030016500700260900087098070200000200001030407000054100960900003072
004607000960532000030800060500900000010408206080005000076200304208703610450000907
020107000000603904100059278000090007500000680300001005030810790050036000680074052
