008017000000306058500000000900000000034001006001000039007084000000005720000900014
060000000000010000051800002040002069000300018090704005004001020026000001000090800
000200160008006004020000500000410800046002000500080203400500009005008000090300000
009000016100000004068500002200090100050000000000083005005062480090000000700910000
100009350020408000007010002000090001060000000238700900700000000000500090000107840
090080400003060000080700000207031500500000604000050001008072000900000060700005100
000304180000600009000070204000007600290001000107000000839000000010052700070000001
000040000000006005000500718300805062000000000080700090002001050004300980170000030
000040000209000503040802009730600000004050108000003006000000600301500020000021000
087060000000500000050009026000000000000305940045790000009200007000008019000030508
201050006000009001083010040006070300000000007007400510000000490000005000700600025
400000000507030190003100000020406030008700056000008002000040300000000061000050807
230000000500006000400010020000800090000000503060003010040020130070109600320000800
083009200002000500050000086100270600000000000009005040706890000000050408000063000
001002000030500000207090008000009601000008090100740502000000010050100930000003800
010070009003500100200080065000000003000000297600794000080006002001030000040000010
206000849009000030050600000000904005500010260000000000000056023820000000000790400
080100507901000000000004006000201490000090003009000650630002070000400800200005000
000006000000075000056004380005000010400100007800002000902000003008000740003040052
000200160008006004020000500000410800046002000500080203400500009005008000090300000
000830004000009000000000196000204300012705008000010050080000000000347501007600000
097010080004000200000004009500002090000095100000106003001400005000000870060008020
000000009380000001172500000000020036400800700030050000020086300500090000000100690
040109000000800034000006801050370000000902100000000200004050000790000062210000070
060000300081020070000016000000000005095700030070000104900600003000802510000007002
000000580000079016010000000003000002020401009000000040070040063080350200002960000
053070001007600004000301500780000000000009000090003072204000100500000080900052000
080020030000000070000801900000306480050000000000084200520000300000040001039072800
000089003000000100105000687000030072004002009009000060000200000050470030040008001
000700000010528000000003789020030050005000000004000061000000020500006904900000576
000009030000604010850000070000000100000000008074000203060080000005120096301900500
000900006098000071000008050000040060002000400030810009024690700687000000000000005
200000600000700408090000000000030000850090070010020506002350004000009300003018002
000271059900000000008900000030107000000080300067000010300020006081400020700000003
003506000000201400100090860000070004701000906520800000000000609000000050002900001
002010070400800100300000000007300060090000304003109000004000702109000543080000000
050000000004695000000000700010709000000002007030054620060100002005000000809023004
709200010200001800040000007000002900006009178000805000070010300160000000000500020
600010008000000040020600000300000001002060083007103060050040270100000000080097030
080170002600000301000300000005000800070000000002090514500008000000002608060001093
800005400045000060029000030087206005000000107004010000000000904630090000000801000
107000040090600080000004003000030090079000005000790000802160900004000000060087200
000600400050000200017000306001067000800450000000080060006090007000800040509102000
000400300009703006002000900003570090080010060500020400090000008700000000056900100
000869730000000008000040009005021600601000080490003001000708000004000003300000100
007310400080005106000908030060729000001080700002050040000000065400000000000000070
200107000300000090009000000020001000000068105630400200000000000700040952040002063
009000000000000071200003060007401020004006000010079008400300600006100039005004000
200010065050020801000048030980064000000800400000002007005000000060007200800090000
500300400400091060003000009900060000006800070300270690070140000000080020000000040
004709000000030000000500070806071003000006900000940100000000012310087000009020400
001600008000005000700002561090007200000010600008000030427030000030000050009001070
038090040007002003050700960000240030006000000400007506000080002010000009000021000
002000009000059008003000750000700800027040000000025901038000000010300020200004600
007010020000704500509000008700060004030000100000300000083000070000090040000573091
000000600000740005000008070010836020040009000300000060003004000050200049007060150
020008004000009081000450007000000000800002700096570002010060000000203000709080300
000000800000002000070860194020007005008495000000000600400000009300000410710000063
050000000000027080780000040007030000000762000903080010100008200520004000000050904
000000004200300000508000700000001600070050010056093020080500003000000260063009080
050000200008207004300001905000005100105080000000000073000019000500702009030004000
500000060000600527010000900008000000000083601154000000009560208800700000000290000
053070800000000070079800205430000000007005400060100000200004050000018000000063010
000000003003500200000020765000000000012804900700000800020960000500008100009053008
004020000108005004000004095000080170020300009001000400600800900079000080000100020
000306000008000000350070000000230016006001030020005800900020048001708000000900070
000102000090000000006000019008000000007050302030000450200700080600800021080401500
032001005000060070000083000020000430004096000000007006046100003900000000307050080
070300080000020605900000002000001070080070006000090040007009020501040000890006300
008017000000306058500000000900000000034001006001000039007084000000005720000900014
000070520300040000005000010000010890000009003400083000001026009030000082700001060
000006905060000720205000080003000000500000102900150000001700800078060030000800200
020000000007902405060030000073005004000000500005310000008104930209000000000008700
040000030001078000000054000012000803009500040003060509060900000008002000000015900
030012006105000007000900500001470003008009700000020090000230004000000008672000000
000000609005000002700032000090010007000740290080050000000080305000307041004006000
005070184100805090007000006041000008000900002009003705000000009000700000060380000
910003002000000500020780000000009006594000000000007200000001604000905080700206010
009000800800006100000000090005003000183000004200061005060700020007008000540100007
009000001800020300503007680000006000002090000030500000000800002010004800000912043
700000040002006803080000200000002000009100060006005790054070100300018500900000000
403708090000200000800000032000609003070002100000300905600000050050401000007030000
070004800000900050000700001600400007013000090009016020100020900005300000064500000
300170040000900000000002087000000005006020100491005000802450000060000400009000062
070020000100040800002500041000000000800600105003200089000000900000030600630407050
010300000000000900009720006003002800106030000000060020840090000030050008000400759
005102480060008700000009000070020500010680002000005000001090020000300106009070000
800305010000006000007000420600070004001000060002000958009400001050007040000090200
009030018000009003201000000000065700006900000050400021708000105003006000000500090
000000021325980000007000000006700104400500703100009050000200006703000000000097000
300002510200000030040068000030050906000080020060020050401000003000000400080700060
002000030000450000760000000400010900800000460000008013900006050016025090007000600
000650000000098001000000029600000708317000002020030005070500000000049000000370840
000000400408030060307902000004005020000000190000100608000263700000000000075089000
004000900000004003090073016007000000012009050000500890070600000000900605046005000
000008006900120050100000700500047890008050000004016000040000002670000000000083007
060001000003600002041980000000405000002803095000020730007000800000000007050090200
060004005540030000007000008000008500000360920006001000301070000670000031008010000
007000080560800000008000593820007000040600001000530008100070200090000000000050049
000000030680753000000000095700000810030001400006800007040008050002010900000000204
000000027302090400080300000000000100050400630008030070026700005005800040000200009
000000019000006408040000062200010000900860000000700300010005000605470000009030207
000000508803020007060090041002008000640002000001040005030000079000000000000705802
000060003200000900080400100000000075500004000000017608070002800000001302040308090
020070030040000000009026087074000000500007000010008605000900500000002143000100090
009000781007000300000100600720930000000000900000806040012000003008300020060041000
089000004040001030000054901000010263097008000000000070000000040004107050200000300
610000000042008030809000100000000004000803000000050090000500700080490506074081000
090700000807046000614080000000000020000000048040020009030001690100805000000900030
000098000000060300070003400500000107300006004007509003050000000408301060090002000
004008190006100000900003004200030001018006209000000800000002400003004706000000050
000016070350000000700004023008100000000708130070000500205000040049000060000030002
000700000000000607073800025090080000200500006060000050000030090001000734058090002
010000930020005080580700000370000000900800104000000500030020008000100059000074600
081000000006100980050020600000040510000009007000370460000050006017800000009400000
803501000001000045000000000108020000079004080500980000000005030000000764060740000
910004000600920800700035060000000000000079001420001000200800007004000008003000240
000000700000073004460008000005000000004389000906000017300105002000040680000002050
700800025000003064003006000100700000008209007050000009000001006030000400000067950
020007010000420500000930004800700900000000000065049002003600280000000071006500000
105036004000000000860050020000008005004300006000760009000000040009002538000010900
650031004004060070000200010000300080005800730030090000000000100001000698020004000
010000080090003006000000021009080000007012050000604070204000000000000814006058002
076400050800900006090500300605000032007050018000008900003000007000126000000000000
050006048000501030021900000013000000042000007007045020700020003000000805000600000
000607023021049008000000000006000000250000060807000100030000000010506804000071009
004500020030068000790020000006005310000010060100009007000000459800400000000000802
610050004007000090030004005000120700900003580200600030000961800003000000000400000
204006100060900800000102006005004000100080390003000405500000084000000000070000560
000009804080300010005200600500000100041080009000050000400607000290000400800020007
600020080030008000051040006000002400043000890000000007500070009010000050004006320
000950700500000030030000460070006100900080600020000000001260900000801000050009210
012009000300000600508003090000600400285400006000800020000900000000541000000006052
190000700206075014000000020000000090718000002000604008004003000009062307000000000
900002000067000080005000261001500000000700005006030408000850000004010906000090050
000000560000578009000090000700000850900030700300120000070409028000000490010002000
100002800003000090042700600000609027009100043001000000004560009000000060700001000
000003040065004070700800630640000000070002080000005120000000000000016700450020009
000002040020000007065100003040080290800001050000065004000900005070038000009007000
000501000000600000070000100100020970950008020200036008820000040009007003000002080
000050002000004090601000008905400060000095020003700040000070003080000076200806000
351000000020006000000859000040000007000701948006000021000590803000000000000408010
000000000006000320000009584800003409740000002200070000405091700000380000300000010
004000600050074090200000050107208000849000000060000007000000023000049000605820000
090010000000004000007020049005006900208030005000580000600000010000090320001807500
040009003003270090006000580700320050000000004005000070300050206000103800050000000
030000010062000003750009600006040000010500420000000900000070006020060300000301072
180000000000040805000501003000000021200000007350800900007120000500700600040030008
004000060000070498000020007120305000000007000000090850500000070803010600701600000
000000400008709005750400000006104003070008000030000024900000000003620000600051080
400050000000900002000280039000001080000000306005403100090000060004002000107008045
036017000008000001000400920000000030007000092000020504040060100100300005000001309
504000080000803020010006090006100200009072006008060030900000010400000000002050400
510090070004001080009700030601000009230010006040000200000024000000000000005100804
000020518000000260805000003050007000003010000006003001004300900080061020000005006
000501069000080000004290030018000004000007690700000020040008000030002070070900500
000000003040600070570300400600000000020900800800020050000839700000700108000054900
000900763001087000020000000608000000002500000040000002000100805010049320007002009
900087000001090030000000002002740000000060003006002005040010070107800096003000100
000002060800900005002048000010037604060000000009051003400060012006700000000000050
090000008200100000083400760040203000000001009000700600009620000004080015008004000
900600700100040605000020003000004106690000050031005000000000900004907000000083010
403061000000000080000052000005004096007900301000000007000180903700000000160000048
400500001008000007019000000001000906000000080053800000000005264000029700340601000
050000010000006700908037504080260430006800000000050008000009000000310000700000023
390401007600008100000029000000500000000100703005800040400000015200000900160000004
000000530009004002003000481000900800061000000000701000034008050020006070000207100
400700005030200000700000390000608000009050076000030000000000400090010008014080263
200000568010000920000000000000000206005001000009004830060920304000060089700800000
300010004600902080500040600001300800000520040000008700070051000005000002004000300
000800007520004000080903000050000049000000800600209075000006000000000408790040302
070030500950002300000080024000027000009000008467000000200003060000010000003406009
000008060700300200050060014090000000004030000007480020000009040830001070100200800
020000090609200000007800000053000000080005100000001540000400307000012400001067050
089000020006003705000092001000018000000300006000000047030900000000060008208000674
000008006000000250050004000000459300030070024700020609000000000003086000908700040
000000206001956008090800007000004000700030020005000103027000000010490060000003040
250000060700080200000030509000005000000010604000200930047006000900750800006900000
000903502000200000000010009009032060061407000700008300020001000000000094005080030
000051067710900058080000000500010000001000000006048305307000040000000609000023000
010000000002087040407500000000100784000600300000003005640021037080000100000090000
030402600020000000407010800800000903000950100000701005003200000500080001002060000
000005007507894010000100000000960230000000051004007000125000960000000100008600000
100740020040000070050090603000020000003100000000000380002900538000050100600070200
230004000098000040000650000000900407013000000000000810081003000020501076007040000
080000070010007300004002060700100002000000900000209010000034801005000009640508000
200000007000050030000790200045000010090100600006000709054000000001406000370500001
000003008600240000070506000100000079320690400000004000009007304050900010800000000
236010000500007240000000010080300000902784000000000000100240506090008307000000000
380000060200407003046300201800200050000004600410000300090080000000000500000005100
701000000000000360008002050900240000000000910005073040000508000010006700500400206
040002000100000030000060900024050007300020006601003480000800070000037000006900010
730000000000002060084300010070084020000003900062000001049000200000096000507020000
600900004007000000800024109049000030000000607000047002008000300000080720002510000
000900000008001307100000042500100000000050080040090000070500860000067904009020500
030050000008004010470020090000065000050000704090200000007008021002701008000000900
050010000810000030020900700000008500000020840000100002000200080006040370008670900
000100809001069000070000200190803005052000000000000070004001000000090487000006130
000040000003000580020007096060009005008035000900000100000000008094010000006503410
400010009000400300020009005050873000008006010600040003001000000000000490002090056
500083000001000000090004000008006120000408600040700300200007060070200009634000000
720806190003000040000020700005007000370000600902001005000100900000000007408000020
000000008250807930000031000390000000410000060000006200005040000000000009004908126
400000000300004000012030900500902040103000890004850070000008060060000000000006302
000009400900607020005384900200070000003000600000906100050000000000000503007013008
000000050009801007040030600000040010362050000000308000201095070008000900000700100
001032940000000500000470000000500000100900000007320054060000430900000700075008002
700000930000000600000002481000400000004100000058030700000003200800064005270080009
000100008200000040601008000045002700008900005100000603000600200804709300000005000
000070050003409070401000060300560900750003024080000000000050090200000001000906000
000005000001004060953020008000000593300000700070060002006590800002100009008000000
073900000600070001200500007000209050060010200090000074080160000000030800005800000
000600057037800092060000000000007000000005008008401300002730109180000000403000000
200000004000000010009720008570000040100086200000407000480062305051000000000030000
000045607000070080090060010002000009030000250000008000004051003005200160000690000
016400000000000030020800060100900005000530070090006800001095023079020006000000000
000070080803020094000190600305009000008060200000000900080000025004801000000006007
300000100080100023401500000000000602000080000040009700690002001000004008020005047
000306000201007000090002050000014030806000004050000060000000007500000028009270506
002080340070000001001097050040509003000001080020000400000000100009003002000008560
060000105000790000007006209074010050500600001000200040000007800000005900019000006
510000072076000030300900000021007900000000000690300007000540000000016000980030040
000004290900000005000003408105600009080000000240300000500820000001007380000009007
060000079010700243000083000500406091040000000000020060020001700000000014000000905
000050003000820400090000271003201005000005000002000600006583007041060000008000000
000004507060000000000002080009000100740380002030050000080100009200008703900046000
001007000800000030063050000000840003000005060010070500007460800309500100200009000
000000920000060000007008000000004100300720800020580400030800509000090034009040001
300020001090000708050001000000002004700930100003008000560000070009400306000070050
004003000086590000007100920000009013030000408070400050020000080090000700000060001
200010004003600750590002000000008007000003600000100020002001308046000000070800400
000000100000902007020004050000103600000860003090000000007006029002500361034000000
005301082070600010000050070600400000002080605058030100000002000031800000000090000
030000000006490000000000700002000070001070608000382501900005002000700104000023090
020009500000000001000000497060000000800073002070000019000930004006020030904065000
900060300003000080040000002000400200000730005060005001000500014000007026007019500
400000000007001050000300800001003209800027104000900030002000043000064012000000600
000000005004000009080150700070003060000700090003046000001309204000002080000670030
006000080000530070531800002290080000060400000010600800000020500000000030940010700
040000000200065040000100079006008900005009000800610000000000203508030000034021000
000009052000600000006075100005010000004006030200000894003040000040107060700000040
040001200000000460080700090530002000000010340100090000070506803000000020000030905
300000001850079400090001000000600005007100084000030060040050608060000030000090002
067004280500000730002000009084000007900700000000061090200005000000806000800390000
006073508000000094300000000000600000020050001005007426700906040000100065000020000
000043026070005140000000800900082000004000000050004389007000004500030000800007005
006000000810506070090080021000000006308060500400000090600103008000000007051000002
009040080070000000008307000000030002130290400006000090000401270000023000090500060
004002060000003902506000710000400008003000500000201000000080000740000300600090187
040000600000103020950008010015870000070000009400021005090004000000000800000200097
600401000000060000007200800020008050001000960005040308200000007070005003004003100
000000900060100080102050700003007004040802000259600000900030060008000000006200040
000000904907800000060005070004108003000057006020000540005070400000010300000900020
100002080000700400020038000064000807007009120010060500000000000300280700000000095
180200306000083040006100005800010004007000003000708200000002501000004002020000000
057008000206000100000090004004000039000009601003050040000000902000030080500284000
000000703200000010001075260010000000009000600005247300097080500600402030000000000
020030900009000003500701400000003000200604000007010820000000601060000049030008070
000006070000893006056000002200007080405009700000500000003001400800400020000700001
008000400020806900040000103500090060760208090000000000000900600091064500000010000
003005004200000900005740030009100700010000000086500340008096000000000002090800400
054000820000000400000065019902000000100000204080904000000700003000058060710030000
000704031009000000036050007200010040000000000000562009007400000018200050090030070
003290000000006000021030407000000250000900080807400690000060802700000000000524000
305000070080000009007800000060000800904000620000000013010080730000002091000907005
500030000003005241000600000700006004041080060000000025980000000004900037000208000
001060005070000010000042000098700004000004186000003090060000053040000008020006400
000900000600000080007180305000060024070028001300400600000004009000030007051000400
048010027000062340000000090300070002006409000100000500900000000061080009000207000
604070080000390006001000004039007000450000068200800000000080000000005820500200007
000000300200600805001090020003000002070000000600875000008010050030500174040007000
300500004000300100000001600060000520000680017082000000003000050790000000620190400
820060000760000200050000001000030400040100096006540703000000032100000050009600000
060240300000000800100000547600700000009000004002090051004000000000069003500031070
300000084000000200002091000030908000600500000040200568900037002000400950000000001
002000000003700100906120000000000009100009204507300000400000761000000080075000093
021040000000007009045830100580600000010020000300010004000000090200001070090000620
910006000700005903060000000000428030000001007300700100000600000809300005001800004
800092000610300700032700400000000350000805006090001000407006009000000600001000002
000200040000007000095040106000803009503000620000100300050090000004081500100006000
800430620003070059000005000100002000000040093002000080000020500080100070960008000
006403000000020003030690500008347905000000400090000008960100000400000837000000000
090007021000084007200000600002700000000002010780530096031000000600093000000000800
006090800250100090004000000000760400000001005060000300000308070400000109070002603
020375000000010876001000005000000319010207000000050000003006100070080000800003040
010000020000950106080001037000000000120000700005234000050040070070000001003090008
023850010000004000007100000650030007010026003000000200000000400006007500870040002
700000001080000000000306097400090000200053000067800020005000064000000100049080370
068020000000190000003004050000000130000070904090002005000065000000009700102840060
079000000000000576806001020000809140002000039000040002020300050000008000010006800
005000006020015003400000000009620080800007009006004000500400090070000000010709630
001503000200000000680000405009004008000805043000002007072000080000000090800401030
000105008002006054007030200009010080050000000600040000000600410080200096300000070
000020840087000090400000601000046008000300070003000002038702006500800000000105000
080040700000710000000800060900050340200060001600300000000000600001079050802400070
000015907800000000076030080500000000080700030002500401000190000000406802000008090
000000000009000403070005210108002000000080704700090060501000042090010000040306000
000006000040020107000010083007008002100004005000260004600000000023700900780050000
000005000006300189000000026080060003004000265007002000040008010300000007075000090
700400003000000280060010000000000096400500002000196430005001000602004000000200905
000060002000379000009004000300608010002000090508100020000086500051400070007000000
004020007700305200000070650000700000000480100900100004400000000050000300208060075
250009601060000000000017200004000800000802900030000740020008000105060000083090000
009003000000000150001007409870052030050430800000600000000000042690000008004700000
700000000000654000001000400230510009008040010000200800000020040007095100003700600
000000074401005809000009000003100520000200007020006100040001000950304008000000700
000000060000906080605170009507300200040027090008600004000000000080030000001800700
000800065034000000000020108009034000006500730000609000002000610713000800000200000
000710040020600897004008000000000324001020600400000005300080060000000008070006010
020000080504000000001065000000070030805004006000000704040500008600048093000092000
000050008008900450000001006006002030020007500000000000000013000809020140004009305
105600000030000009097803100000000040000000200870400316080006003020000400000120000
098400070010090000006107450000700030000000702000003040700000500030000910609008000
000501009061030000004000205000000002800056301006000750010083000020000070000015000
076000400041005002000002036560300009900006000700000301000000750000008000000650003
026090000000007020900080003073100005050023100090400000000000241800930060000000000
200510006050004009403900000060020010000000078000600900002000005600073820000000003
027000000090840500100006032000094300000000420000607000008000053006000000002005840
050060000000004830000093001700600000019002470600000000090000080400308050007000240
040000060028000000005900300030000170002705000000200503400001700000068095000009800
204006100060900800000102006005004000100080390003000405500000084000000000070000560
280000360000400000004053002000079250700002001000300000000000540002600080060940000
050000048038000200010740009701002000003807000000000480000100000004900065060000030
000004631700000000093018500600400100800001000000030002006020000000506080900047000
000000152029500040600001000000000000064802000005600970000040800503709400000005000
000000700370000640010200090005162000020080000980000000000013086000504009500000001
400020050000690000020000840001849003000500060052100000170000005004000000000930070
000000300000400092060000000000007000003000075205604000007100000450230000092075064
009500003000000020300014600090302004000090806000108500900030080068400000070000000
804700000002040105001006030005008903300000000000010000908000524000200701000090000
080000900030600070000051420000060800700500002860097500540000000000042000006030000
009002700000060900600700000000007680325000000000100000000000090080029540010005236
000500000000000408000601270100023000603004000400006009002000800050900704000007960
000900000400065000680013000000080020006004080000032061003700800010000030200000015
001703000080900400000000070000050129000430000002007000065000000240010006300600250
005032000600800900300040006004108700000000194020090600070950000000400050001000000
300800407000006180000002600100200060050040000020007030080600259060900000000010000
004000095050000300009020007280000001000000000000609208600400109007003000000801604
000040870021008000904230060000020000000001090070006005619000038300000200000000900
501000300000030002000647800008000937003000000009002060000403008000071050200000009
009300200007800040000010000000000700902050013000681090700000080600200001000040506
007100002500002008004000000000009004600020800070010320000430079050000600000705003
002007004800409070004020000600000900500206000000000048050730090000800010080095000
000007000286000005900500000007304050028000074040010060010620000000000036030000020
020075001930000000000100003400000000000001204000002165050000900000060007080097036
007009500006000000080420090043607009000000001000000070072005680009000030030008020
289000000000800006000900000000600500005192000010003007000000073001300640400050980
002000504030008000004020006000000900090000100006003078000900040100042050080036700
300000927070300060002000010200001000600000039000905000080120300000000400751400000
000600420000080003902000000004009078005040600009500000000870046000030000030020810
102004005000000003050100000000600000003805074700000902060002500007000801040090030
000501000000600000070000100100020970950008020200036008820000040009007003000002080
000806009069000400000000700700900100030700002008040005000002031000104800070050600
000007300000500002200400890000001000400906000008070006076005200000000537001000604
000240310600005000005000200007000901400580003090030050010470000026000070000000008
000403000080000000061080003020010000070206400805000320009000000000040050600005819
000000080007409000000805491000048070003000600009031000060020000300700524900000000
006000000002037900150002006000200040208006000000080007030008012000045000000300508
000102006002090000000000809040600000001005000900800200000050742000007900096040053
900000604020098005070350002000000801000600000003002400000080007210500000840010000
000001506900050300007300002080100000000600030100204900002009040400560000000082000
000170500210000000400050300090000000004807209060400000009003010000610004030005700
000002004003960000800000360000706009100090000000100530050070208007000401000041000
000000070080000603010304095050902000000000000004000781700001000043500200000409300
500020000060500017000086050000002100070009803802030900000490300600070000000000090
400100070013000009200006000000020810008060090000700400080091030700300602000007000
203007050000010843060040007150000706600000300000102000000080004000000100700400200
000600240080003010600409000040130000007006000000002039820007000000000054700900800
070003960000050000009000200000309500030000480005142730300700040000060000001400000
004900000300500270000008300000020005000000730160040000607403800000009500009700600
000005207000006000407020038006002000050073040030900000005600074000001800000000053
790010000100000030060000102050009004000004805008700009800500000014020600000830000
007006080000030004400501000906000000030009000008307600009000071005700023800000005
900000108000000062002006050005000000600900070007308004070080200029000040053000006
020000000000075040000200901000000860400500000000196030100083200300000490000420008
600010000000820007008000000000790080020000059000001042049360020005000000000140095
200107000300000090009000000020001000000068105630400200000000000700040952040002063
000006000000000918400800706000040020000301040000002800089005000002600000134009500
050000098000000004000070160000290000008000200000000349600037000740005800005108030
200000070068005002700000009020009008000400713000100090607300000000600000083000507
000005000700109300010300586000000000100050704000403090060070030002000009003060400
000000001030040028041000070000064000060930500000200300400520890019000700005000000
100900002604000000900750006000008040000196080050200900000007004010000000000380609
000630200200000003040000070003096002050700960000520100020050004005000001006001000
860000400109040002000020079045200000080400060000375000000000928000000300000650000
000006050000100080030978060156007000002630000700010000200000900000004020500080400
000080154800004000000906000050000000004007698028000001000000000500060900006410230
830000204020060900000890700000000000000005070700340005000001080100709002050020030
008137960000408000000000070000849000004010005000306000270000890009000400060000002
000020910004018502030000000400007200020500000000009046000000000100050630908700004
000803000800070004025000700031060000000410050007500008903000146008000000004000020
000900403097000000001300080600000825000160700000000004070890500100200000060010300
001008400006700201080100060009400600000000020600050000000002095070004100100305000
020003000106090004000045700000000401603950000090800000578300000000000009060080007
000240800000801000030000000003000000807064093540089100002000060090000480100030000
000300000100642008000079600804003702070000009000200003060700090000006200010000400
100000030000160002406020080000000703700090000009030140010006000040007800000204050
006000000020000030000931000019080023050040000700000460500608000060073000100002004
160020000000000300000300500000810420000002701700000000049008005200090080600050140
000800500070060000800300106040510007030000004980007001200000600090630000000024000
000096070000100000800002004030401702000005001020007050500080000400600103009000500
090604000010030090000001805004905630007000400000043000079000000500200000100087000
010005008070006050000000700098000070040090002003012060000000023000600015009020400
000630200200000003040000070003096002050700960000520100020050004005000001006001000
016000000000090003000004050200800016004600005107000300000509000040078200030001060
000870000080000001200000308093014020000030407000000000570000000800400716002003900
004060310102000006900380000007402000040000200000600470300700060800000000000503900
000030014070040020000008000040050070080060040320007905001000490000000000530070001
500010038000000000800045607400000000000030005005080001103600020000009060020300109
000000708000007036602001050008000001403019000000000509000000000010605007090724000
076300000000409160000000000803042500000000000005001409000000010401207000720600003
050076001700159000002000000307000500900040000100800070006000007000918060000003040
007009000004083006600000032000010600400000920003000050005067008700001000002005004
020000000000075040000200901000000860400500000000196030100083200300000490000420008
302000940960000000007000000006001000010800607730004050600030005000007000008240100
070000000000097028008120650020008005000002090001000003000074001007000000560900040
405000060230100000009060000057000010004003000000090007008000039000600158000320040
030209400002780009000000087290007800000000000000054002000000030604000705008065000
000200410002000005600000370008400000030080104010670023004000000095700000000860000
040000600000103020950008010015870000070000009400021005090004000000000800000200097
000804009046010000000009015009000000015000300020086007001200000003000204000067030
091050030500090006000007010000073004005600100080005000007080000000001620018030000
006120090000000628000003040000000900501900000007000006008560001070010005000238000
400000002036000010500370000015460020004000071000050040000893000000000008000502006
003060090800304006070050000000089507020000010001000000000900000030600100106007053
070080100904000082000100059006040005000000010057000000000004000732001000090030608
000700000000000607073800025090080000200500006060000050000030090001000734058090002
000341000000000603900007200006093070040000010080000304005100060001004007000900050
090007021000084007200000600002700000000002010780530096031000000600093000000000800
050000320600000408000060015369000040080020100000004000000930800007080000001000092
000000000009040300205008000000004206000300004067010000710006080002050060300020901
700030020000005000410900500830000061000000004000704090100806007000009006090000105
703604000000020490001000000005003016007000008000908050006000009000805000050370001
000700000000000724400031000080300400500020001009007008200400507000800009006109000
000000007400700008000000930000090046000028100600107000002053004010006075050000300
000000004400005609000002150050000403002470060008600900000000000081090000065010300
000000320000400000007082090200000003000705008703001600000600000300298010090000402
003805010000600000070109500360090000000720004004000180200007900100000007000050300
000403107000000908000800000208000600400000009950700002000005406003270500006100000
000003070008000000010807000502000100006501090000030005009046008040709000075000040
080009000600100730900040000008003400000006000000020100001800004006500380000030951
000070081046000000010480000039000000500049000000510000084100050300008710000060009
000270000040091000020000075000007093300800500700004000080060000004002001201000309
040050703000000000100007400000800042000109005907205000001000000006000008502908100
008020700007805400000000000000400301014008000020750080090000017706002800000009000
040350080080000000006800320007090410000000700120000500060107000000008037901000000
002000901000050800500900007090000700000040000004327000000070210807100006060005004
000930041000008000032100000500010009004060008000073025470006090100000000000040060
000090000020701004907000000049000057006008200000000401050080100000420603800003000
204100007050003908003000600000080490190007000002006000800002000006001800000600050
000008700000007092003090005004700000005000000000460203000000006050014079096000350
000071080200000300500003642000000001100730000760000905000020003009050200000006800
000610900004000803000000450060800000500000000000053120003029000078000009106700004
000070900070005046089003002204008000000000380008600000400201000007000035000050001
000070901005003040180000020040009200000000010900152000000036050050090700004000300
000040000209000300083002005000028059060070400050900001074500093100000000090000000
001060008000004200040000056702001040000800590003907000400070030007003025000000000
500400700000009003000507240090200804760000100080100500400000000020005000000000921
007000009000672100000000540080300402005006010003014000002000000000100080901050700
307500000000309000090000007001007900045060030000015080900000800000704010200690000
000043026070005140000000800900082000004000000050004389007000004500030000800007005
050400000800307021060820009021000700000000002700000000000030068004080270090006000
050042130004007062000000050002530090000020000000009701000000800280000005900105000
030507000002100080006008509060000400401000000000000360008920010000800003020000075
800050027560001900009000003000030000017002094600004001000090000080000700000410030
000010000040003008508002000007000000000050006000096010680300091020001040150080007
000800003004000000080035100007000218690000005002000004010000850000060040400900602
900610800000000010030000590080700000000020030047085002000060075002050001401000000
000000041004200950790000600080007309000300010070500020000086000100950000800001000
007006082001000000000005670000430010109000054600017900000002000026000000000701300
000000000350040002002000580000750000080001030064800000005120704040000000700090108
001090400400035800000700500074200000200008050000000902020040708000009000090000203
002700004008304007030002010860000301005010000007000000000005070006000850000098040
008000000000000092590704600000005470010008003300027005000500061030060000000001030
000730500009000000025010800030400010000000980800090400000008190704300000002076000
040007000000060045506000010002098000300100500000023067070000950000046008000000400
205000400000000010603008005050079200000020060007600100000002900070130640000006000
080700260000000071090000304108000050470080900000006003000940000500860000000051000
600004002100005604080000039090030000002700081000080003400100200000000000900058007
000120000500000208040070005007000009400007000003000064062000041000603500300091000
000960430000000086400000700070300001050820000010500290003000600020010008809000000
000007104020000080000002006000006000003001002910000300300400051080005700200603040
006030902300000000800000100000300010080690000000084079000400000015200000902700508
000214007000090025030600008010030000004000006300150009048003900005700000000900000
830007000000051300009000006041532000000004070000000000084020030000300009006100520
700004006000000304000100020500006170030009000060010009000503900006070200010060400
600102408030000000008500020002000000100090502940000006004900730001070000800600000
000010079004600300000009020800050200006070000000460000000000002407800196091500000
060030190800005000000000006041062058000003004002500600706000003000100700050000200
206000000080050360930010800010000400000900007007004050050006000008040900040020700
607000480000005009000049000068000007000008000430000210900700300001020000070306020
000501000000043008100082050680000000075000039030000000000000020850000600002007194
070004000004000200000070050000000300600000001008100720530000100800201400010030976
090080000010060058700200040002009000000302107000010000040000076000006002008103005
804900000000008020000006705602000071000020050010030000008170042000800000500060010
000076000500080360000900801400090000031000040020001080000062000007000600084000015
300170040000900000000002087000000005006020100491005000802450000060000400009000062
050080000704000090020046075100000054000008020002005000300000040000500007460030008
000300804600005000901007200090000086208000075710000000000080040002500008000001090
000400080040010000000003200008000150200190073000004009060802700000900030120000600
000000238010030090002090057050000600000400000007005003001500980000906002008000700
003089060050001000700000000095100300070600000002004070039000600000300800000807104
000050709000001208080004000000000000050089000406102090801900000700600031000400500
000080090008000040605200800901000050083027100006000080000901074000035000000000030
006400023080900000900070000803020100650009384001004000020050060000000800300000000
070004000004000200000070050000000300600000001008100720530000100800201400010030976
200100009006008001087004000000741000000002800054030000600000004900000230500000706
070000900000000150200000047350001600094260000080090000000500002800000500000904810
020007091000310000500000070000060002200000980009070310090000000308150000604000020
000050000700032008400006590001500470000087009000001300600004003003000000000020905
000107900200089007000000024010030456050090000007000000300000002006054000001902000
002900300000458070000010050000001000285000001140000000300000904009840700000020003
000000006080000070023600100008020000000500003000070265000300620016904000900008004
020001500000780002604000000009006001000100327000025900090050000003060009000000870
000000006308957000000001000004309002200600100006000800000490050050000000409020370
503080064000004030000030500000800350670300002000900008004010700090700000007005000
580006030000000000000000809030000700670010000009028010008030050040600900300079020
000003000000709400740080003000000060200010900030000084902000500006092010070800020
860030000001020000020006000300007001000001000000000368004900020500104700910002600
000040600009015000800630000005000800001060030040003902000900300006000004200100086
005090307600700000042000000000800540050042080000030000006007120400001750000009000
036070000000006080007020600529400010000007290000080000000000020060001530000090104
003000406040000090000001580007093000608050000500080000200000640001009300000007028
076300000000409160000000000803042500000000000005001409000000010401207000720600003
060520007400080000008040510009070800006090304030800009000005070102000000000000006
800700305040600000000004000360050000009001000004200906092340050000100000000020780
900040000003825040005009068000132000080000700010500000600000000004000930007050006
634000021010000006002000000005400000000070903060000002500028609006009800000307000
000007300000500002200400890000001000400906000008070006076005200000000537001000604
007603004000780602105000000010000208700009010000300000004000005800230960000008000
000030800005080070830000004000000000006004027040067000002018050063020000509000060
004000100000029000000304092070000463001000070200000900600517000100030000800000350
000000009240806000300000520006084001100000402005009060000497030050000006000010000
000000080800370009507000000000002001420900007000430005000000002010008060730049100
060504000700000003035020804000009000001000520800000097004601009000900700000052000
300006010600801004400070003080000670003009005009000040000050000050000120040080006
000000009009003860102000050000002000030500000490006000020040006000207090806001705
048009006000000000500008400000001847000053000200400000000090510061500000300070092
350000048000020000200400007079031000630092000000040000008000000500000801004060502
000003000030028600009400020600097080078000000100005002000000000083100490410070000
000031050002560079000007400008000200017600080500010000200000060704090000000050100
000003620000200007000000040027906030300000805004000079000030708009070000800501000
000060000060700080201900006030105002000200000010070050070800300000030001003000625
000060040000019200002008930700000100000050369603000000000900080307002000009006400
040000000020650000509000006000908300000020010700100690080047000000000940100060085
000500800060930007008007000000000004840300079070200506007000000904012000000006002
970000600400060870000090000304005200020000000080070001001029080000000920600040003
080000406095080000000603000000000500130005209050904000062000100900002060000107000
009050003700300060002000000000040000403020010027100000600000190005800200000039046
100000000050320000007000095089000000510003760000086009008200040000600307030007000
003705600000000100100000000405000080000002007007800006306090250010020000500004960
000230009300071054020080003000000040000305706059800000170000020040000690000000000
000102006002090000000000809040600000001005000900800200000050742000007900096040053
000040208500800306100200070003000700860300000400000090020000007005030100000001980
000300684000004970100006200071000360800070000000000000000900730050260090200800000
400085300006000700800601000000700030000004180000053960003000479000002000900400000
000030050002000000000040670000100902000000080600054300498360000070090800050700060
000002000050070680070009400000900000060403020001060038700004803012000004040000000
000020000030001000008070005200000007000450960900063000807006002040000006610009080
400200100000003090098000400300072060000190030001000000000954070030000008007036000
007000490009180005000007100002000074601002000050000006004030008010256000030000000
097010080004000200000004009500002090000095100000106003001400005000000870060008020
000002004003960000800000360000706009100090000000100530050070208007000401000041000
000000940000007006980000010020000000310004000000380000000048073007510060206030005
050001060000000104000906000002000070085012000700000850009540006000060030000800907
600020800070000100000006004100340600008600457005000000000002901000030040000701006
740050000020000960000003008080460000500001400900020000002608010600010000003002005
351000000020006000000859000040000007000701948006000021000590803000000000000408010
700000002005003000200509000000004150040000000002308007064002800080630000001400700
004060000809007004000010052143000000000058740000090006000000900982000000001600070
500080600000107090100300020005200070007000804080000002800000041064002080000000900
001000200200000560045080030000002980000007040009400000004560300000000010300019005
000400006060001005000390000980000060304000000000500019750100000030950000002700108
000048500000020006000300000900704000004052600800006030301000029080000010027010000
040000000359080607068100020020000093000600000000010800004000008000937000002004100
000010020000203698000000300000940075007000000060000109500002000094000030080005047
078005000100400080005070906000068040004050000600000310050019000000000003206007000
000000041000100600003208070001002300030000018605700000000000190564000002000030060
001000000062008000000100092000002040070510600006740080009000060010030005000080903
001040080050000006060270000000520700034100600070000103007800054000000002300000800
000000093000700000000835070659000004400000010070200000108070640040000000006190200
074008020000700000900030000000002005800160702010040003000010040080600001000203600
000003620000200007000000040027906030300000805004000079000030708009070000800501000
103908002008460070000050080600200000700040010000000469067010000000800300000020000
080200710920300000000000900005000184060000009030710020007400000000658000000070060
070060040005000018010005070006000002000592000000700000160000000009083400028001005
004080000090510004000004803900002600061007005800000040000000030050100060000030029
040009800700630001005102007574200600000000400030000020023090000000000000400008050
300000000190807004408000010000000090500139000030020060040700600000080035002003000
070308004000050000020000000006020010500071600040000003900007060000840730000906800
040009000700300040060005102000003007000000901000908050005206000070000094402000600
000005400038079000000620090000210000140050060360000009815000000000090010200000004
000040068009083070000200903560000040000008000300000100007020009600007400025100000
000000050510000703060070000100390060900502800004706000402000130000000000000630400
000600500400007102080900000008000005000083000250000007600401200102000046004090000
070000389301900200560000000017020000050840000600000400000206010000000090000010604
409200000002500030000040120030000069004001000000400050070060000000100800501390007
000000060020000008601000902000003209005090107073000450008012000000000590000074000
002000008074051000031080002007005020000007001006019004000040000000000349080900000
009000000000000071200003060007401020004006000010079008400300600006100039005004000
000005812000006005000093046004710020020000000190004000006000034000000500500301000
400000006300000000060003008000905300002000607800406000050781004020030000708000900
005900003604100090020000018001000000500000684200000007017050200300468000000000000
060009000300000407050004201000831000001062000002000806000070050000103700000000028
004100007009200806807000900000410002706000000040050008960000000000800300002000054
001050000030900000007046010002007486400000020000000007806200040090000301000000850
001976300400508000050000100000840060000300000700095034007000020020004000000000801
000008000001750089060000300000000903409001000800040020085100000000000008200403650
005000706000300000310080000000010000042000105650090003700020060090701080000804000
010000600008700010500640082090080020000060005002430700000070040400005000007900000
700400003000000280060010000000000096400500002000196430005001000602004000000200905
259008000780006000000000900000287600600000290000000014800500000000700130100090020
002000000000700000091006003200000798004100000038602000400000320060200014000059000
008002079060040210000507003080001007002000000000300090400058900710200000006000000
190820000080000000604090100000030002200704009000058003000000026407000000060000904
000400098000700650300000200009042075050000100600000000904360000000009002760000500
090604000010030090000001805004905630007000400000043000079000000500200000100087000
020001500000780002604000000009006001000100327000025900090050000003060009000000870
000008730400071020000009100070000500020000480030600010009400600040000300500800090
300027510060000037900500000002060809000800170000000000009000600007005498000080000
400070008000390000000500270200009000001007004907000060800000000030800402600032005
300006000090080001820007000080005060600042930049000070000620000000000040000010097
002150000000008032800000700004000000010070009730060020090480000005000004000096081
080000470000600000000085000000000052500901800000000900006590037043020500002000180
700000190000649008000700000400000000060270005030050080009102050506008070200000000
000200630007000080040060000300000006560007204000000051009080020020503009400000500
400000500070000010601203000030620004000070009005081370100500600080000000007004000
030008915020000000000005803680079000302000000000000009054600091800000060000000307
003000009080050600610300400000400000046003070007005300200900083000008000001000056
005000010000403500000000070000000000004500691000938002060009005030080006012040008
000003900960020370000000168703000400090700000020060007000038600008000004004002000
004000890600000001000100050040070029090005400000300000008053906000000200005607008
010000009004905030030000650070030400000000890200480000006000700000003086051070000
200000000000200004039005100000620400080003760000080009620190000000070003007040090
000190020000650800000008000805000307100000090000000100510007603600400000004806002
090000800720000000000061020009003610804000070000090008060100704000000002000085901
501062047600070800000035020000000100004000052090050300000026003800000000005009000
060240300000000800100000547600700000009000004002090051004000000000069003500031070
300009040107030000020000050000048000000100000082003006000304020009006870035000010
005002080740036000000000170050000309304100800008000000000009005000308200000450700
006400023080900000900070000803020100650009384001004000020050060000000800300000000
600800000000472000000000020100008054403000600000001003000000700007510930200009560
200005080560010000040000001000003070000500062000048509002000400000801020003070100
001000700040609000002408300000005070003000104000900263004090000000502008080000020
060054307800207500000001000000006200020900000700002604530000000601309000400000000
791000280050074000020000000000107050000000300000540000073062105000900000640000030
380009200009000815000000000700000000600100300000004091010028650036400080000000700
409005080002800934003000007900000000030920850000000300000014200000000040500060010
001600500000000490204078000007000000000060170900005036003002060000040005080090002
050001800000006000009200040000003150200047000780000000000000310143900600007008004
000007400030010000070306001206000040800000007900680000000900302000002800502800060
000097065000200070000000040005000000030009000040360020700000008008105207093008004
970000600000620004000800070010030020403000080008702050801350000004000061000000000
400000002000300045005000000000017000008000700160900400201060070000500900503090804
720000050019000200000030000080076400000100002060490301000005604000010000601000008
000500030800000700000000946000002004306004005010030070040019080000050060070006001
070400028000000070980060010209000340000000000000000060003807506008090700100056000
050001800000006000009200040000003150200047000780000000000000310143900600007008004
070010050900300007000080000000000200012004900000100005003900406006001070780530000
000020530000004002070300000009000140000006009200000073000009000903047080017000306
500090721301050000000000080080003000000000030007010409006000007000570902045000300
400010805000809000000700000850400700002306000700000030104020079005007000020000004
080001506003090004010000000102000000500802000060700300000004003000028900008036001
700000080002004030400003005001006007000010004000009300006070100200395740090000000
000004528080000000010007000000005403005000090600000010002400086700230000096500007
000807030000040690000001005006002040580000010020000560017020080060000007000093000
857200001092030008010009000003020400000050700060900050080000020001400060000000080
100706000000000896040000000000000003608400000002010580004000958000087040090020010
040203500020710040610000000400005060003000000008000324000000200500800700001309000
020080030000007000300001057700008002090030100100050380040000005050000068800000010
003002800040005009070063000000070003100600002090000740008000001010400050005006300
006100208030000065009000301000605000090017000080002000000006400050890000402000007
000500000006000400700090805040008007080010620001000000090000000800400251175000060
020001048400000037071006020500000000000010802000809500090030400000040000000902060
900030000060000007000500024008000001000000570136400800000005000000090048209080710
800200905070900206000046000080050004000310600001000809104703000000000000092000000
000090060460000150008000007013000000500003020000006000040071095100600200080500300
090000400000103600006000017340000000000000580070800000000008305003206009100900076
650000000000007000000000803400090060020106904000008032010080000000419006090502000
060300700190200040004001080000034510000000000040850060000708090200000030000000108
000520004000300002600000030001200300800000000260007408000004000400600209093170000
000005024900000100040000070480900010020000006006800000370060500000100302860000007
000300140050000007200009800700003050005190400004860000000000020807002000000701003
300000248070000000800600030001004082000036500000000004000700020100503900060002010
020080060000102050300045070070003040000000502508000000609010007003600000000000019
020607000001000280068009000500701003000000640000030001200000000000300460090012030
007000009000672100000000540080300402005006010003014000002000000000100080901050700
700001490000200000006087100500400006000000074000000000095030020370004010060050800
028704050030010002070000600050000400000000080000008207000030709300000000680002540
000760005000091020006040000080010790000005060720000508007000400001080000308900000
000003907800002000010006040000000300000010274070200500432000010057000000060700009
000709030060040000705080200004006007800000050300000600080003012000950068000000004
200485000060009750800000001000000006005028000000340090000800000090001020048700009
800007009073040100000500607000403000000900008900050720008000910000800000090000034
205000003460900000001700040000314098090600000008070060000000504000000000070003081
009000340000200700081000509000000000005701006092006000000408000004010030006907004
000080000051000080003006704600001902000002006000504070010928000080000000007000025
300080004920000000070201080000030000200609000000000978000100067040070005001590000
060700900040002760002000400003050000400890020005047600200000000000300009080006004
098000000705100006060004080030009000174020000000040000000053800000680040006000027
005302080040006070003000000006080200900075008000000000030000700061000039800007102
000090501070006900200700000007000024008009030002010006000605000000008600300940080
090700003000060500605000400020000000000009048700003901081000000500984000006050004
085600000600030020000000360039000010000000600000093050021080009800207000007040002
036400000080000004900007000000100003000950402000320006203000007005009000001640800
000500400050000080009070000000403600000200009800090500580700106030000070206040900
000002401704000000080050090006700000020080017401009000300000009000800000907300024
900230704008000000010904000709020008030000500000000900300146079000000000080000053
900103080108704000030000000091000030003600050000000600000008001020006000000052498
008000350000005000100030006003040000490006008000709000001053200000060000509014070
000000900000000008100960007607013000001500490000000000000004702005070304076038000
000600003000013007800400000089005040000000060100030075000024000030090006052008010
300200000009000043040075000000000001206087030000060800000000790010000082070490010
607000008008020405000810020700500000004090000090000600900000000100953000430000012
000000000010020060000046590002704050800030000930000004200000031040001679000060000
047090000010007400000060059003000020609000000400015000000009035380000010001080070
807000035009013208000000000000080001000004007300000090006040809080200000500760004
900000850000000007701006000060047002010900004000600009000000700630508090082004000
000204107008090060070350040600000095703000000000008000000020459030500000900070000
006091000004370000000005180200140900048000000000703005002000000050000708000010039
087005000000000000509730260600000800070200500000504006000000095000087402000100700
009072005000050100003000090090000200080000400010200056002100904000000030601730000
247100000100008059080004700090000000604080300000200507000006905000000060030000010
000300000200095000000700854006019030009000200400670000000000015073040020600000003
040800300007000000000030940052000009000700032000080060076054100000090000089003600
002000050000002009003600001214000000700500400000900000000180007001000892039007006
000600000050000000900020053000906004007000000061058020080500000102000000530070291
056000000002007500400000208100000600984200000005010000000140030000050000000032795
060400000709002000200008003080700341097006080010000000030081000000000005000054600
000000002060048000500060800000000980900000026100090300002051090040030010000670004
040000000020650000509000006000908300000020010700100690080047000000000940100060085
000840000000000000009005701004028000008709260005010000010300840500900300080000007
070003960000050000009000200000309500030000480005142730300700040000060000001400000
007004060060002400090008002000010028085003000300090004000000000003520007000030150
000000004320008070450007039000803100030000005000010600000900060002070350007600000
000500000005870600300061200000000000040003961020086003600900017010000000000008300
047010300000000450800000006000007801000000500001280000080035910000020000600009075
000400005002000800308500010000002931000095000600001008020000004000000003780016200
005060000006075900100390005009000706000000032500000080060000000200040107080009300
005000009070000618000970000400000800000120000003000007000000005020358004081042300
200009500080000060050000203000600000800030900430501006008000040910007000002005007
000001720300050180900000003060000350800020007090080000010000060500802000080067000
300700086000580090000004000008000000690000300541600008002050000005090123100000000
060000200009070500750010000000241008000095074000000100506000090030000006000300840
900503216000000000600000390000000748053000000004709000009684000200300000001000070
104900800007006000000000509009080723060097001010000000030000200000500008420000070
000107050300800002020000067100070000005300200007900040000706010000000739003000006
000800004000001200500790000070400160100000008045000000000930020700000800060028049
000000103006000080420003700080090072005008000010020000002009004000010360000076009
000390020045000000000000604006000830004005000980600000170003050090000703000080069
009302600400070000075000000000000170300010008010800524700058009000600000000400030
000001807700000200010030050000650983053000060900100004000800000200000400085040000
000000008096041200000005760003000000108060070000000950000030540300080009009050002
000700580002090000040030001006000900700000102410000006521007300000000207000400060
602090015500000600000000000020060300009070500400200008040000801008000450007001009
029040000000500000050701460100006000000050000000390007000003750500007100001400908
074600310000000000003000609000009020000030046009056001000013700001000002080047000
904700000000005006015006030001204000090030100006100240000007902800000000000540000
000200000009008000000070830070049600060000000302105000400010300001004500008003064
003061000000007000000205001060090002501020093900000060700000000009103006040080009
000050902200000000000890004600008040900035000000004206836100009090000010005000070
700040080030000002080009403100000009005006700000700020506030010890072050000000000
000970005000018060000000400300005004002600901000700200400031090870500000036000000
000008001000410703000060900000300056001009870500000000006004500700003018420000000
000000503050900000000280000980000470700000050000050002000002040001607090307004601
002600400609100200130009000800900006000000309000480002300020005005007000000060030
060700000800030000500000000030100604074008031000000000910004027402600905000020000
000070052005200000039001006006003010300005400010000360107006009000742000000000000
000045607000070080090060010002000009030000250000008000004051003005200160000690000
500000020090060030000280100002001046019006070030900005000097000070300000080000001
040305000000060030009180000200000000008090602700006100064003001900004007007000003
800400700000090842065070000000539000003004508000000900100000000900087000004100200
000560000000007010369000050200056004000001300031400008804000007000970085000000000
010000930020005080580700000370000000900800104000000500030020008000100059000074600
200500601000000020300006000800030000000091300000400078000070064080140002007000130
000000070009206000080000900050300000300008005700600040970030004004000329000014006
400100070013000009200006000000020810008060090000700400080091030700300602000007000
700060400040000005005030000100070008020300056009001000006290503003000090000700080
001050000030900000007046010002007486400000020000000007806200040090000301000000850
090000000501000062006080007905021000000047000008030004060000205007009000400003006
870960003000000100500034600003080405000000090090002800004300068060007004000000000
050140800000860003000000010086709030010000002000000460020000006003010000507090008
000009001004100800000708940000800000296007000005090402050000010000004000800600023
800010090003000500000900020000700006000081730005009000001003040040090800068000013
001080004030007020000006930005003009006000840000090075800009402060802000000000000
054000820000000400000065019902000000100000204080904000000700003000058060710030000
038600500000002400704080000000000160071004900800901003200000000000070305090000006
061500000000060000904000006005700039000800000000030080000305047300049002006007010
001040360090000000000001008100000000500100003020000450045860010700300020200059000
000007400906000700080301000030805270060000050000000004000008109000406005120000600
500000100003096057000100090070050619600004028050000000090000300008000006406000000
001900030030020000842600100700000062003007000090400300000002580000350000100070000
000000600201000000094060037000025800800010020000670100008009500300000908000000043
190820000080000000604090100000030002200704009000058003000000026407000000060000904
000000007267000080003006000000100260000300905040000001350760002000059040002000008
040000060028000000005900300030000170002705000000200503400001700000068095000009800
100070050008200000050000804030000009040901000000020006010060300060010200007308400
000000005100590400007002008030200006706100090008009520640000000003040700000008000
041200300009000028000090000300007600200300007008400005002006100000085004000000806
000000627000870039000050000640009000007648000000700000071030002405000800003000010
007800009002000000013060020090420060030010050500098000400080000000007406000000503
001005394060070000000001500006000035400059001070000900020180006000000003000206000
030040080019050040000600020900008630700000009004500000098700000000064003000900002
500000003000000142010007050860040007000601020001032900007000005400200009005000000
000070508790010000000000090009000020480200000500000300005009004300502070004607200
030709000000000001610000735870300020060008050000605400000400670000080000000007200
700000004008100000005008170000050000063040000080709060007600403001000095030020000
050030098380000200901002000027000800030014060000600000800000000000950000079020100
000509000000060230100027506000030005030000070600100000809070000000040610300802000
710300000409510000000002080005037000300009005900000007806000034050000200000000970
002005071004700006900080340203000000060050000080003600000061008000070032700000000
000170803009080005710005000304200000070008910005000000000600507000000600000007091
040000005050040300107080002000520009001006040000801200870300000000000600006200003
000205036000000701800003040009500017000000203400000005500000000960000100004798000
095000004800010600040008000300820900601007002000000010208060400000090008000000307
003002086010050070000017004008060000005000240040000058200071000400003007000000060
190040003000300050300001806000800000008060400050004001003400000000000067027005090
400050200000030056008600940600900500007000302040000000000002407900060000200005010
020800003005002060007630015103078009000100000700000000008295000000000050900060000
000085027152000000000000104804002570001000000960800000000230009090000001000008400
008700004700000000021000000000086005050002410600500270000035082006800000009200000
010090700002700900000103002000040500590000600008060003060800104925000060000000000
000001209070500000004870010000200003000000750800000000650080900001402600082000007
705200000000000600000090145004180700000060090500003004030000201007800000009007050
000410007000300020027005300003960104041000000008000009080000072064000901000000000
040000620900370000600000080002001300000005000700093045510000078000000560007000009
080090005000007000006430800008200001000704000120900000500308007000000520960000030
000489000000000060000000418100750080340000000002100000080905042700040009000800003
590001000030000059080500340906020700000900086000004000000407000710002000003008000
007010020000704500509000008700060004030000100000300000083000070000090040000573091
030090000000010786106000000080900032005000100040000950000004200000070060300080014
000000012009103000007000680090000360000400050002080004000000830078006005420010000
006000000000001830000230005002004000000000329500800000090740080000000057067302100
000000708000007036602001050008000001403019000000000509000000000010605007090724000
900020500000000400000300076007200800500800030108079060300000000050000304070190000
007090000000800003608000020800003900396200084040005000960100000000060072000300000
000000804409000500000050706007080000002500007590100000001046000200030000060070038
000097065000200070000000040005000000030009000040360020700000008008105207093008004
009000200000500000041000967020000080000002406000490000005803000100000703002065004
100000000030584002000100703003290068009000000008006000004700580000000600090000430
010000095602309000000201000007060053000007100000008006004000930100043007500000000
650020000000908502000000030700300600061740300000500009000000007408007010009600000
010900507005000200600500001000008000827056100900104000006000700000080900000070060
200000000794000000000496000040001090830200004001000082005000100900100000006900530
000009000010500096800160000008000070002000035907405200000000740000910000000027800
300876059600000000000040000800000500007005061040009003080060070100020400000000108
000800210000000600004500008050000000120096500000007020600080003040025090000049700
000020000000471806006005473005200000000053000830940000070000009200000108000000005
000693050000000700100000039000300284000000000910028000080007000400506090060000302
900508400035400001000070300000100603000004090000980000300000000100300208080020006
001500800000003024200768030060005000070000003500200097400080000100000450000000001
090000000004020910068000007000307025000500008000000000040700500903045000001690003
030000102000045000900003000000070380000001900000630007460000000003180004209000075
007000001008900600090603050040080090000000700080700506500030047000091000000000120
200001300060094008800005000070600025000000000000000170003500040900010603400000507
600703000035100740080000000001090030000005180000600509000300090074500000000200004
629000000000023600000800100050046008090001720080250000003000200060000000200400080
780300065010046000600000200000080002000000154040000090000015700000020000961700000
000060003200000900080400100000000075500004000000017608070002800000001302040308090
000070084500030060001000009917003000400000002000700600090000000050300240100082007
041000027008900000090500403007000064000000200800460000000049010000008000300001709
080000470000600000000085000000000052500901800000000900006590037043020500002000180
000061008000000200009002300070850130000000000406090000800007059600005000050030024
000000708000007036602001050008000001403019000000000509000000000010605007090724000
000045607000070080090060010002000009030000250000008000004051003005200160000690000
400090305200006070000500800009040600360000000000081000020109540000000200000870006
060009008000807000200064500034000000850010730000000009470000203301000050000000060
000000094000903500150000007000705901000000080000004300630000000200040058807001060
060000001302079000000100000000000300900084005001605487050000020000018000000000853
605090000300500200400006900000004012000000004000200080000068100010005490052070000
000090002800504000009000654000000100600000080541073000000006200713059000005000000
020078500060000800030000097070496000009080030000000000008050026000002000006100480
700420000000071000204360005000940060000010070380000040008002000400000000010000986
320705000000060300074008000293000000005600800000017000040003000000570000900100702
010063004060900008402007005204080000030001000000000040006005070009000200700046000
004800030980001070001004006000530000603070800700002050005000010020710000000006000
041000000089003002560000090004000850000701006030090010008920100000400035000000000
000406700790000840000000003002000000600000007800300090080017502006809000030002600
006000700005040810190003000000085060000302901200007000000000007030906004009000002
900503216000000000600000390000000748053000000004709000009684000200300000001000070
004008070000001826030002000600000030090000608020076001080030040000000009002405000
000070400040200318500080000070003040000005000001029800000002000860090002905600000
072000006500000001000047000006100300000070095000020817003050000000003080001902050
810000006070840502020050080000000050000090041001034900700000000000000679003002000
000010006007053040000600009009204000064000200002000530300092001400000000010306000
008075000003000600090000010600107500000080246800000090010000000000204070004003028
000600032030000400006302090040010050902000000000096000400580700000000001009004520
000000060000003970400000802001000430060000500090700008000062000380907016000301000
540300706006700020300000000075000090000009002000435800000040007019000030200000500
000719500180000070000000004973540000000000000000908000008050400007000002040132006
600003000800016200030040078400900800007030000020000001040000120000500000090402005
000200000067000800000003400000006000000105030500000674610804502004000308020060000
010504020800000940200309600000000007003000100078001050000008300900210000000700006
800000003400500002010276000023600040060007000008020000000069170000000900000010028
000000205300900700060702040010005007005400901806007000700000000000043000004500006
090000003003008000801006207620490050005000000040070000000080005000007300300040012
070000004003000958000001700500074230031500060009000000006010000000060080200700040
261000000009000040705080000000104008000200050132070009000520000000030806000007020
000084509001000000000920300700000090020700405000005000940302600070009002000160000
000170003000000010000009204600500000001000785700020090003000000000260800098003406
095000004800010600040008000300820900601007002000000010208060400000090008000000307
706000000003000470000005000000498605200000010000000803090800040030026000000900352
702000056045600032000080090230900000004000000008010004000826000000000080100570000
000610200900000000000300580004007360100003900000140070010500000270000600050081000
004000000700063009003002600800200000005000001000007345500008200020006000098400060
100000000030584002000100703003290068009000000008006000004700580000000600090000430
780010000000008000613000200000000407900002800000400010050007023100000605400300008
000010060054600010006003002800000004000372001002049005963000000000000030000508000
000007050000048300300000742000106020000000005580030010057000000030000609900080070
010400203680200009002000000003704062000106000000000400900030000800000016046000050
000007300000050080040002050000041605010000000000008230400010000050600008920030014
760041000500000061003000007000980600007000092000020004040070020000600070001500900
500120003709003000020000504000080100062050040000700000000030000043000270000004609
000300076020065840010040009040028600000000190000700004009000000032050000004009000
600004000000870000000500781002006005001400090039128000004900600100000072000000000
000071380073600500090000001834000070006050000200000000000900040007063000000045600
000003602400700009000068004198040007730500000000006000000080000024000901010090000
620070004000000000405062003052900000080020507000040900039000000070108000000600300
005070030009280060004009500000560078900000140080000300000000790060300001100000000
010064090000030007030009401000200870900000000000003000001000045040001980500008020
200070006003526000010000000000050000700900305300000870400600000080004051036000400
140029300003000000000070086000080000000540860065000010200000000090000732701000400
000860005203071400000000100007000200402000580000000090010930700000008051075000000
000501020600070041007000600700040050006305000049000010800700260000200000001080000
400000500070000010601203000030620004000070009005081370100500600080000000007004000
090000004005000260360080090004860000000000040006910000100070900002001380000500020
010503020000800006060000010000000209054008030000146050005000000200300000007000184
000000005400000700000098100000000500010000002002040036001680020006403800093020040
200000007000050030000790200045000010090100600006000709054000000001406000370500001
030000000081000904400070000000002001000740095000908000500000100004030702008005046
208900031004050900100200507090740000001000005002000000000308000030470010000000050
090004008000700000000000142700000463560040000000000010002903001100007900000026500
000006001070000030409108000008900207000312008000000000001000900006403000803000670
200070006003526000010000000000050000700900305300000870400600000080004051036000400
009000300000000098010800654000008207500004009080031000705003000000000060000900105
000427000000006000600050000004000009853009007009500002010000045300800600900030070
197000000000030082000000000000009005005001200860020000000400067080300104570006800
000001000000307209000280060009000048400000000300006700104500300070069050050000100
000600470300420008020080015008000000000060700204000560509008000001000900600000030
098400000004003650200901000003000042070000080020500007000365000000200000000009301
005004603007010008800020009009065070300200080000000000706850000000400000020006400
890000050003720000000080700060403000009200007000001640005000003020500000600147000
160038000803000009000000002000506000000100000070043506340000020008060013000000904
000000080080004002005000700000032406120005090060900000038000540070600009050000007
000070000090005002000028043000000987000060120180700000001400079600090000070000500
040000009006070040350108000200006005000030206008001000020000000914300002000200900
600007000800000000000084500290000000005008046000032700010000607060700052000010093
600000000000700020003680000094000080005020790000500010840005009030170008100000004
050740100700009002000105008000056000060070005009800370340000060000000907000000080
002007036000100000006000050061320000000080007050401002000050009000004180003600004
000086000700300020086000004000000439090004001203050700007020060002600000001007000
009000307620040090000000002010007000040310000007006080700050000032000000091680400
000071080200000300500003642000000001100730000760000905000020003009050200000006800
500000003000000142010007050860040007000601020001032900007000005400200009005000000
800100037700059860000000000000000050000605001040700000003040020020001503000028040
030240800000007000020650000000000760610005002000000018870300000200709300000080004
102080070030010500005900020800401005090060040007000800000500400058002000000100000
004071002030020006000980300000003050205460000040000000060008200100050700500000003
900000805004053000008400060050700000000009010700600400010072000600000052000980001
000040800002070964000001070000006300004000000069002000000090607708500003090100080
405000000090700000306000015000001000600040003010000094930080600008072000000350002
053070800000000070079800205430000000007005400060100000200004050000018000000063010
000700020005000900000009431000004000010050090250630010003092800082100060000000000
090008200000204070000070090700100900028000000005040003000715000000000650200380010
000000320460050000000009100205040000030060009009030000000600700006097280070002001
208000000000000086046207000000000000000802010000540690004003750900000021030105000
090600800007280000000000002000000418371000000800050007900007205000160000004009006
000000005400570000300000082006050004000006000100900560002409007000020308000608900
705200000000000600000090145004180700000060090500003004030000201007800000009007050
003020705060000080040008120000200046007000000008091000900800070500670000000002030
009006000060000105130000004200000049004107000000900000000000038002060400500320061
075900000000008006060000004002003600096201035000090800000080410000000000730402000
700000001080000000000306097400090000200053000067800020005000064000000100049080370
000500000100008006060000270000005003400017020700002050007000000000904080620000435
400290030090000001602000000000407000700016000003000000008000600031050400940800302
000000260837000000000080010005030670700401005204005000140008000000050080000070100
000601890081900020006080700000004002020000910500000040000000060000700509002009003
080450020060009000000600070400000103000000000105020006009070005000900860250040090
008137960000408000000000070000849000004010005000306000270000890009000400060000002
001020000820006001003009000000000010000980600007060540250000090064700800000200006
607300000000060870000090300060100503000002960500008000000070608105000029000000050
090706005600800004000010200000609040500000009003508100305000000008000907000001008
301802000470000000000000600006708005000900040008603020000100007600000508009000410
607500820000000307000400000000009080026000009500000010000040030400600001002391005
003097600010280004000630021409000003000400010030000508000000006000700000308020000
000000000200500340005000096000060401000000678070030020001040000352610000008000200
800092000610300700032700400000000350000805006090001000407006009000000600001000002
000008050000530009080000104000700000900342800000000026007000900000010078540903000
065002300003900802800000070400006030000000005016009000000300490370000020000801000
000600280060070103300000060000810309000900006405006000020001000003002905001000000
500420000000309100002000000090000730400030806020006050000000000006002018841070000
001300000560078000390100000000900502400005080000000010000000079080010356004003000
030000007050060000600704300007100038009007100100900000002400600000308050000016000
000000029000059800300060000005000270608007000000045030002006700040080060190002000
000090004000804290004000051000000067010079000002600000100538000005000800907020000
080000006700300000045100720000604900002000000800090007000860009060200050020003001
050000320600000408000060015369000040080020100000004000000930800007080000001000092
000106709000070000500000000006205401000400082003007000005020010800300520600000040
700000900000000030086049000008000090500000300900700416000070100012030540090080000
004005700700600910000390600000806470000000001080050009000070080051000020008000004
