000900300000040080000002160031000090090026005200700000010000030060280000080009670
000700000070400802004080500029650700060000000000000015003004058000001007000060901
060001000003600002041980000000405000002803095000020730007000800000000007050090200
600091005050400900400006002000080300100740000003900501000000080004000003070000210
090056000000407600006000870010090040200000098000000250500000003860002007000300080
000302000000070020400500000040020001380000960009010003100050000070201800904000300
000000000010020060000046590002704050800030000930000004200000031040001679000060000
500000000000000006900406002030001005008030761009805000010000000070000824000048300
600800000000472000000000020100008054403000600000001003000000700007510930200009560
000030000903007004000204060790023000300070600650001008000500170000040802000000000
002090008700000000001700503000900730050060090007400000020006000000500100176003800
009004060730006020000300007400000508500000000062000030000000300050900270040560010
064000070070800009300000000600907200057040900003005000540090700000100008008000500
000005000001004060953020008000000593300000700070060002006590800002100009008000000
005970300000080000000500070010090006680010049000800200000000020049250000020300001
000000007000850160000104000001090005030001479506000000000400000000970836020000500
500600020040930000000000040700005600002870904100000008800040007050000092300000005
510000000000800460308070001000090000290500070000200080000007000900080130800006207
000000027302090400080300000000000100050400630008030070026700005005800040000200009
000240607090005000004010000087500040060070080001409000005000703000001062000000004
007040000009070805080000000000000001001500090005200407090003020200019030008004700
050000193007400000800090400060000205700000610080005000000040030000021900070809000
060000005901075046402000010000030004000050090109000000000100000008490750000060200
200540380000000090000007000009000058001204900070050020042109500800000000050003000
000002400160040030500730000740000600008100050006850900000080100000901070000000002
030050600004600350900400870800700002070020000000000030000005008090001000057000940
037090800000000009000060070080000420903100000000087601300400000054600000000015080
000002004003960000800000360000706009100090000000100530050070208007000401000041000
005000400900000076087006003000080307600000000070600028020000030000710005000000694
001700500406002000030040062000078000098000010603105090310000005000030000000000070
003080090000009040070000301098600050007050200020003000000001000040000800000075169
000590061000000035000000802008070600007006000010042000000607004052000000080020590
000004000000060015208000070420700000060059003005008000007000036003406100000300080
000097510029000083400000000000700030100000006204000000001200000030500040082003605
800000000500020900093400702020070000010004000070260004000006000001900500080100609
800900000090401380004000005070020000001006479000004000700002600000038000350000100
830000000007001090090070503000690020000030000000800050060000049071900200000500870
053700020070004000001200890000850002000000750000000000000006000008302600240980001
079005080000030000000000050000510600003600004002000070540001300010008005020700098
003800460004706900000005008100007850060000000008000300000210000000039000002500041
020000500301000802000200030002306100048000090009005000006001400000000607000504003
046050000000007000000810300009006050100004093000000700004000080620003007970040006
000040073000060004000200900007008000046000000120000350090016000061500040002700080
234008000000409810000060000008010002060032190050000007000780000020003040000000300
500090030008300097007008000806000000000000920900140050000050071000003500000200083
000050020006008000050100000601000095000000040020040108008000067200009380900304000
109000500000400009000000600000005800003041000801760002000070400007020960205600000
000000000000062000000809037020017009490206000700000000510000380008900705000000102
000030000903007004000204060790023000300070600650001008000500170000040802000000000
000400005020007000700109030068000002100506070000004300300000800050600090070300001
102040000000005003008060000000809001000506070010000295300000900020081007004000300
000790006000100080080300500006020300000030008802000901000070014003000009004000670
000050208700200000002800009000015900090020004006408000050000060000060407109000030
506400090000000000070060438300600950100000000005800020001042700000000000240930000
830000500000100000001000034000007800000000056690020070010400060008290000900530001
001800040000000030000024906090000108380090007005607000000000804409000520000200000
050230000000006001060000300017000000400600002002840670004000189003000000000709004
003086020080005900000240000500000000009000004002370050000100060010008700040500302
405000000060020000007003020008040300050082007000709000000160003000000905003074100
070000004003000958000001700500074230031500060009000000006010000000060080200700040
001000908670090001500003000000060734005070020000400000010000200200600890300000400
407001620060000000081050000000007000004000295000900300008095000000013000000406073
050000003700380000600000107000600000008001090010428000030090400502000700490000002
000000000480200700300006502009160000003008000750002090000030087008000009000014200
000001023870025040060700000000000030000052670400080001000000310003008000900500002
000032080300800007100000050900000403702010000060004000400209500057600000009000001
900007000050136900003000000020073000010000590048000600000000040030000006200050378
603010005900000000041000090000900000500000006307260004005700080010500200000620010
800000000006000503000700004009100028600009700000830400001075600004020005000008200
048009006000000000500008400000001847000053000200400000000090510061500000300070092
050060010403009208800000070700000003000350000002000460006073100000100007000805000
400000703001005080060000590008600030002301000000000908000004060000018050000970020
030000004900020000100083020094000030057208940000000002010400000070000000003600079
105004000000020650060007100008700002090301800000000900030509020020010004000000001
000006100003000702002000059000805003070000000050090000000900200038004075000081034
514000000000000400200005730000400000000697003760000000047080000300000580020301007
060079400014030070020080601000000002500060090000090047008600000000700000701050000
509060000074000260000054000000206000090000703210078000008000007000000600040005012
000230000200800610000000040000070050050000306003102800006900500008000200009361000
000704300020000006000038000300000501809605400000300008005090070000800004040070200
000100763030049010080000000006000020070006108009030005000800070900600050060000200
000000000002490000409035000000000700070824900090000360000007050007000638800103000
309040820000000000802060059020003600046090000000100004003000902000008070700009000
407000020000000009001260008003100050005402001000500800050004000010030602000800070
002005009610000000094000001000580700020000000800076192000400008000003570060000400
006000200000009057001800000010754060000006000000000015093080600000040029040301000
005102300000007009030000040000305607080006100007420000000200000890600003001000400
000709001000002000200086000000000075100800040050040192328000000006001300070050000
005003040200006010000090380000012000004000731500000028003000000000600000068901500
600000300000000915002000080060070009890065000000000800020000640140030000073002050
000500813300010000060400920470600190009008730006000000000000200041000000000075000
070020500009340000001065003000000004940003002800200900000007040007000065030000010
009000065000000800000100270096007010150003080000000907000390000000702003000008420
000900004405010009790000000000020000006080040000600075800005030007001600060702080
000804009046010000000009015009000000015000300020086007001200000003000204000067030
050408030007609020009072000003000071080036000000000009000000000000004500028000143
040026000003098050020000470014000007900000000070084000000007500001835000000000901
900008000050430100004009005500700004700000301032000670000000090000090400320000700
008705000000030050040060800000203680207890000001000009004000000039000004020007100
000000083000105400067040020006000000300802900400600230000000000004001006030900708
400000000010002806006030790000000063830400502000090000050800010000005630000060005
050002006060004800038000057601080000000500002500000040000000070000095620000010509
700060021006400000000002300004056000000100007180700003800904000600800170020000000
900004030010020978080050000058203000200100060000960000006000000840000600000000750
008060000000507000000008600107000900964005007000000030000070001002006009050310082
000000360000401000000068007800000020205040001106000900000603089000090270000570000
000070102016000080007090500004700803000050000080904050009000000005400006700260000
000000061600009204720000500000561080000700300000000000008004000540030900062807000
050003008000820050600004200000000310900600000080030500004009000231050004000302000
000000803430000000200018047000000000070009000000000598029100074050920000007060005
000002008060070200080300009070040000500000020403000950001067004006000091090000600
300000702000080090200500000004020010000090840000403007005879403600000000003000900
009540018060007020000060000000750000300000084516000090024008005090000000600070000
000000300020800509040790006086000000900031005000000090000000000000605142400107050
000000009380000001172500000000020036400800700030050000020086300500090000000100690
002080600003200000400010097200600480000800000500090000007560308900000000000004760
080005700000008000057090200000150400060009800301400009509000006000003007010020000
050000000006040790030060500000030007000002100910000840000003080005609000007050320
309000000010020900800070350047000009030900000006010200000800000002056000000203407
000000680056000020210300009000000840070450090093000002000060000064030005000079000
100500080000008062048007000000001000009080030060000005000050920000430058095000010
000506000003090528000000704905008000004002000000000083008030040000001006002400805
070001603000600040064000090908070000000900450000320000000060000200000309109030500
290506380000002050007340090050200000000030001070005060000000600008000000031907000
501000040020007006000000078009000060010926000030400000006238700000070030000000610
000000000200004000005000130000097260000300800960002004050038000007405000004700380
070304000005002038000096070000000003634000500000200090000070000008401600049000080
004720000250040980800000000000030700000800090065000340701002500000900203000100000
010040500008007900000050043080000020004001009000000068000600030046008000025370000
008002740037100000200006000005000001040000005000609072080020104000000050900080020
010007590009602000000000032005104000001080003870000000050091200000000607700050000
301000209900300100006040007609010000705000308000008090208000000000020070004500000
800023400002000085001056000000000709000007000050000603090460002000000000700005831
600000005000300100070080060090006007040030010000010090920400300007000800034078000
006000402000002010000904008003201005905000070000006000000000760700308290000700004
007006080000030004400501000906000000030009000008307600009000071005700023800000005
000000803000003002000180000000700090080014007017950006209030000400007600000400500
039700802050040009080000050005000400000290000014000003140800200073000000000906000
073020600002300508040000700050001846008040000000000305015090000000500900030000000
000041800300500600000008020000000003005600000040852070000100900900000001018039200
000000000000046000003801065000600903980003074500700010001000006690107020000000000
100600420000047300007009000000050001000000082000080790850000200730090000006008003
000900060006580002240000050580000900400000000100300720000001008000074530000290000
000090050700080600386002010000340080100200004000000200090000061000000070518000009
038067090000050060207801000024070006800003570600000001000030020000000000090004000
000100090000200835002005074000008009070306000001070000064000000000430007050000208
064000007200830000000005000000061004090200800030050000000700000007000140003489025
050096002400000071002504009090030020001769000000400000600000000037000690000000008
000007583005041060700003009000002300006000000000610804100700000003005000060090200
000857030000200007020000000000000018501070340000530600400005001090010000000004805
000050208700200000002800009000015900090020004006408000050000060000060407109000030
007056000000000907400000805870000090004000002900010300000760030000009104050001009
000090060460000150008000007013000000500003020000006000040071095100600200080500300
010000920007000008000572000820004070045001000000000000900006080070045600000080230
096030000000008000000000070060020017100607900020050038503009000400080000080500020
010000020000950106080001037000000000120000700005234000050040070070000001003090008
090600800007280000000000002000000418371000000800050007900007205000160000004009006
000000104040200800008000060400500090521090070000007000600008000000700040004002936
006000002100030650300080000570200100000003000060004090600000900000907210007005030
900003000800000900000040135208001054007200000000300701052000300000630000080000009
000910600050008007008003900500040098070500000300200006780090000100600020000004000
061040007000230860900000300000075230000028000000000008210000000503080074400000000
050600000001005700030017509000000608010060007205900000000521000000000074009000060
000030050002000000000040670000100902000000080600054300498360000070090800050700060
500070000008060010000002003800500000004000760030016500000401007080009000470000980
400000007010004008008320000000001006052030090860009024000000000100900040290060000
000006071030000009000400020080007403000100000500000790410900008079000050008604000
000006107403000500010005030000054903000000040008000720006000000005023060900010002
900000020680000307000900000000400000000509738000023500570046000400008002006010000
200009000070081200016002050000000020001090080003000006600008190034000000080000370
700000301860010000000002500000730200020004100098020000003000000004000702000168900
000002401900008000240001070006000084000000709400170300000000800030000200070069030
006073508000000094300000000000600000020050001005007426700906040000100065000020000
000901003007002080019500000008050600071000042000240000000608904002000000000019000
800060000000830057069040010050000000000000798004082000030000000000100970100076004
000000610058009002000703040000080100670300080002000900200008000000430000300507400
700500000090000038200048000000750040900060000030200500000800069000000072080070304
004063008200008700700000000300000420000006001000000090401005900070390600030807000
000700004000046000008000500020300800700005003030002146002160000000000095007000460
000007008000600000502910370007508002000020001609070000005000000470200000000000194
030800064000000538006000000000000327400570080000001040700600000053090001802000000
060014090005060100020700008000000002108900305000030010009100053000600020080000000
002007036000100000006000050061320000000080007050401002000050009000004180003600004
001053008005000000000807030084000009000000001060009300002005090000470650000300024
500900000904000700000000600000506000090071006000080000007150008061490007000020403
000000007024007000089052600300008070000400050090706000001005000002190000060000032
000480005010075980000001000006000834030000000500024000002900300080000209070000100
006540000080000006015072800000900701000007260040800009000000000003004100009030600
000085027152000000000000104804002570001000000960800000000230009090000001000008400
080090007100300000000000034017000008020700003003040206006908000000035400900060000
003601000005000070004008102000000700092003400080010209000580090000000600040007005
200000000000200004039005100000620400080003760000080009620190000000070003007040090
060000950030100000004008030800010000000045002006090001500004000000020060042083009
000020000000809602001050000008040001315000007000780030000006320050000000700003095
038020000001009000700040010000000072000500380900008004000205000300084000060010940
000600040175000090400001000063000208502000000000560900008026000010058000000070003
940000600000002037100003050716400000300010086000000000080750000005200900400000002
080001200300000145000009060805000000020000504100090000008500007070000001006708030
000300805003002000000000201000170006209060100000000000030040002700005000150800943
470003001005700093000500002000020050040070000000180000090800200300000009020040807
003000900004070005000820003050360000000580004067004000000000700028030000005102009
070005400000000076000061900008046000047000009300000200000008005004000017690300020
006800201090000000200000000730020450000730020004900080050400300000009005000053090
073000002000000003080004900050100000009048027000000690700601050000070408100080000
000050000000000090200801000600130080900000005020097600050004036000300020000680407
401706800000800000000900420050000394000080000730000000000000000620070050080510062
051000630400080090070000000000000000002510049080000702030060100004007003000140050
800503000059000020100000400000064015900000000080001090000600080001000039020700506
080500900900000036040020008000638057001000009000000000000470000709003604000000023
008070090000060000056900040300002700002009105000030000140000603000500070000640009
030000000006900000098153000040020018005030000000600000207005030000009600003002450
002003040000080050100000289000600000093700006840000007020006100308050000000000905
000093050000080609300507000870000020050000760260800000100000980020030000600000001
000062000003000904060380000000001630006700001305000002800100490500040080000000005
005900000000028000092030008370006000008007500040000001000001009009000613060040070
000600420000080003902000000004009078005040600009500000000870046000030000030020810
800016007000800020010570009540000600003000000700000030070003004000089560000200008
000701004000020000301040500038200000040930000900008200070580000109007000005000060
009000300000000007060200050007309000100000008082007400000500201000003006000062795
009000800800006100000000090005003000183000004200061005060700020007008000540100007
000701000350000090080065040800004000005000007090507060002006503000000010000480002
007000000004300085000009340001006030040920800000850000900610403000700060000000050
350000910607009300000020000000040200900310004060000730080000600100005040000006002
000000008000402300700085010000090005000008907028001600070000006056700004004020000
060000000090000467000030000001860020020000006040020089005700200600540300008009000
009000000000003020000005316207050000160200049000300000030140000570000000080096700
000000002080054100000013096040000320000029047000060000060708000010000060004100005
004837206000000000090000080006000009470095000100200007060001000900000602002040300
000205043000010206010000007100800960000300000070009004037500000020007000048000500
003710000040080000000003760090100005002005003006000278021000400000009500050600000
000000007580070000700960401800100006000026800003400000007030000005000060040700302
000002197000709800000010000009000000200060050060100000500608000006400320703200900
000000400000060000008002035907000650200090000054000700000030070500078100039400008
021009000508003000009000107700002309010000570000900000000000096030400002000260800
080090000009002000000100700091030000008000150007000084030007000000650870702008060
000800210000000600004500008050000000120096500000007020600080003040025090000049700
000009085030600190400080000100000002006090000027000600001500003305100070000006001
000000030406000005000040000058000170907005060300800002000006014000090080000423700
007002045200900000050000600060700500012040300000600000070000080185004000009073000
000000006000050749680073000000000200040820073200560000000040020072000000000001850
000194000000000708205008000036500200090000007000061050020005900000900005008003004
001040005070600090800000000417060000300000000002000180056310007090000003003000052
000400080040010000000003200008000150200190073000004009060802700000900030120000600
001503000200000000680000405009004008000805043000002007072000080000000090800401030
000402060000600090000008205008903000065007008000001003001700000009800004480010000
001805090700040000060070020080430100079000042000500000000000400190000007604000009
860190000000002010090300200003000005050000037907008000000060000500984700600000020
000007600501008090000000005000100069000306400390000007000204800100000000083501004
020600300009030000700050800010002065600400000005000932001070008000840000090000001
000960700000500003025003000000008007000430005900600000002004008570000030006297000
000700401500000209008003600000060008100000090000407100030000520051900004080002000
802140000000009800000000210180020060057003009090480000009000000030000528000001000
005008001010070000000400038030590000100080600690037500000700002000050800200000100
030540000000060700004098206000105000000000004320070010090800520001000030650000000
000068010000201049003000008000005204002080000000340060100000000000000905090576001
008030501030650400090000080000700002000090000487000000003062005200000640000007009
000000170048020000500300809000043007007000000900010030000900042050400300000058010
000080010000000509060004300300068000870500090000090702030000900090006001087000020
807000004096700100003090080000030400009400030000007000200019000010000570000008610
000000754000000068075006900500000006000900070300820005009000183401000000230000000
004000006006740100000600080000025010020100008080004090000080000709016004030000005
168030007002010040000000900000700200500008090004000000001900000005004809207005060
008002740037100000200006000005000001040000005000609072080020104000000050900080020
070000020450900068003008015204000600009700000300010009700000000000000204000256000
600800002700000010010200307001402008000090100300000054809000740000900000000370000
000037000003000400000018050360009070004700000070000001000003020000050810506002039
053700020070004000001200890000850002000000750000000000000006000008302600240980001
004000906020001080300000070100690020080035004000000500000003000000009067050720100
072000800000060020050004160200401000030020000000809540080000000300102700006500000
000008000030000009006927041600050070000002405700394000000000030020045000000600800
000000089000200017000750006030061000048000000029080400300000600702300000900000803
300050000708100004064009300005600000000008000001200067000000076049001803100000000
000960430000000086400000700070300001050820000010500290003000600020010008809000000
008304000000006080002050100000000020000020347000063000100700092706000008009005070
400720900008000006000100000000000300000540010070360280769050000100000800002090001
100200000030090002704000800000100000681900000000050067000700600000300940002500071
100000060003400000000007800005700304780004209001500007500349000000000090008050000
000900003600010000080002900009100600400056001005080370047060000006530000000000030
000000009007100002810000400000079000305006090076008031001080050032040007000000000
500080600000030000003007000004000800020000760670850010300040080041000090000690002
030000050007300100510700030004030089006200000000908400000805001070400002600000000
530000008007000030200006901000500200090370004000981000300040560000090000000007080
000040000000089100060000087100007050000000209043005000008100002007060401400000630
000700600500000709290001000006020030082000047140000000050802000000009001800043000
000750008006000700000930000204090000009000070800010053100000040045000180008021000
200070060040300000106080000000000010705103600020000950000640530900700000030002000
100000680000090070203840010750000000008000140030009050000780020000004000000030406
090000007700059002001000600000047020000000001030005870908003000500000010024100003
604300000000000200000094100300057490090040800400010070000079000000080050001005002
030006408096400000000001700540080000900000000000002070200007800059030600000010350
400900000102600503000031000080100070000002940000006001000704056000000830800000400
000001207005009034000020000000700002068030005400092000014008006090007300000000080
002800100070000000509700000006007201000083090000640000000000007017500600098000320
000000900500008000000413570270004000830001060000000010004020100705000200000057004
003050208000008407001600050730000000000706080000035000600090000020000900010800720
000106000000070060300400790790000600400001002001000050003527900020030800000004000
000057008006000000320000017060240000008000000059800040000300060907000304000001509
053490100010200030000001000096000800102060904000000020078000000000008473000300000
000007009000040000050001007060010000007004800009026001000000010048003060200109350
000002004003960000800000360000706009100090000000100530050070208007000401000041000
000504701000000045030000200008010000900047000007006080064000500020000010100002370
010000075500007096003000000029003000000010000640000200000300500002050639000069040
300085060020107090008000700800500000605200100010000000900070080000603520000000040
000030254000090000004210000300001072010000009270000300000000400093006500700002008
603001020000050000000060030500000100000703500070400800030800701040030000708009040
000046000000000200405002003070280000100000000062000900000890160009000070050067402
060080520200906073070000080080004000000009004000600008007000000015000060000527100
010096000700300001200750006000000604620070080000080050000500900000000023000027800
004710006030020000001008000002460009500000000000000017600903240300052000000600090
009000080500000640020050700600037000000020150010085000800000061900070300030040000
050800000037000604000090080041000503000001000000604001080005007020000400003079800
002010400070005000809000005000800003400002000200160080000000000304000090090024371
020009030001400080097080006070000500000000002003005800000302060060901407000070000
000000300000704000540000080400070201035000000028000509007249000000085900051000000
790000204000000003002000560050204000801000000070900000000006095600520037000091000
600040080040020703001000560000003600073000002200109005000000408000600000034002000
000705010000000200001386090070000004800003000090008520208010000004009000300060050
060030190800005000000000006041062058000003004002500600706000003000100700050000200
000040008204806000006005000017000004000100080003900570609000300000009020030000405
380000060200407003046300201800200050000004600410000300090080000000000500000005100
000170600000056020000000004004000008070041000620003090061000309040000500000007106
050100004000700000904000050005900062040006307000200010000497601000000800200060000
000200008040000009800076003200080900004000050000407300030004001060020070050008004
087060000000500000050009026000000000000305940045790000009200007000008019000030508
000009005000400003049010208080000000900040700000830054000020000070500040001607002
000000004200300000508000700000001600070050010056093020080500003000000260063009080
700500000090000038200048000000750040900060000030200500000800069000000072080070304
000030000300010050006870000800000943400000010600920007007000039000641000004000600
050096002400000071002504009090030020001769000000400000600000000037000690000000008
000000030801050000000067090000000802700900040000080010306074000004006025000510003
900000004600980050000017020040060083008020600500008000009200001030000200070005000
000380001000000000000702090790020040050000009010640805100500003000000080002018004
000200080600007005071036000000060000059003008000000904030089012007000040060002000
900000206000004000081070009008000000003165000000000702400000038310600900000500067
015800900006001000000000400000400200051930000000028030090004005080306004000000093
600025001000000802905000000709000300008004905000000026006001008000806070030050000
517000000008007920400035000002000000000004369600003010200000000000600500001050890
040000000000017000000600503030070002079005010000901300002000008004090700008300904
003500000107000308008000610070900450900030006000000081000200000010840070002007000
030004000000038561000006400090000002000700000301040809000000040400051006072000900
000107560140000800800200009000000000600342080070810000900000000085000000020970300
000060000000005370006300058030800010000401000804030090200100080005000007070000960
000004200000300000002600058003900004000010000000005907009003010800002605506800040
007009050009030002000780009060000007300000480008510600946000100001000000700000004
000080010000000509060004300300068000870500090000090702030000900090006001087000020
001000003070800640000009058010050060000000007240010000726003000000904500500020000
917200003030007010002000000600043070000980000008000050000000630000405008000869000
800050000005000000701002000000603085052079004000000090170000008008060030600901000
000804009046010000000009015009000000015000300020086007001200000003000204000067030
097000003000006097000900640400060030020057000500040000004000129002700500000080000
000060005030000760007000408700410000000805000000030050408000100109070003000001076
000200007005000840000007500000009008010005064003040010906800070020000003001000086
084000000000007800000003906890000001000002000210600000073000009600000210100034607
090000701003001000800000620010003080080046000005000902000000570070038069000500000
500030001009700060030000000000000006040652900907000100300008000070000280020904005
000000500900600300030017600000003470804000030000000050280090000650800091003020000
000700092003002008910000000000050620040001000600030000500000007709420850080000200
090501000504300080000060000856000030000000001043009570000007000007020050900010002
075000100200060080000203900800700000000000003009000840000090610000004028000576030
090001003000900000008607040025100000804006210000002000600200070400000900900080500
000758100008100007400000300502000030000000006060901000070010090800670004004300000
000100004100037590000008020675802000040060010000000050000300679002000000000009030
504007230000600850008004000000085309000000000091300070003000005070046000009000020
003002005000005000000640800005006300200080604000210009098000000000400036020700080
000059010005080600104000800073008000000900004406000000020094700700203100000000500
004280000005007000970410008000060930000120060000009000009000075002000600500004003
050000060003027090090006050002000010500030000000080004800900207007013000000408100
000080609041060020800100000004001590090600300200400008030000200070208000000900000
000000000020008090800702040090000600006100300582900000060040800910000006000080057
100000000050320000007000095089000000510003760000086009008200040000600307030007000
800000042602000013000400007000020005100850620000003704006000000090700000085030000
006500300000638040900204070130000000000090705000050100800700000009800060017000000
020000600004010007090400010000000000700006500980000340201000080030071000008092030
000000207090050060070049850029000000004201003807000000000006040601500000050030000
500007090004290000900000082000000027008030006001004500000000060023005108000003070
090001602000070050008005900050000000031007024980200310000049000700003000000000003
205900300100386000040100000000000075000000000509000804073009160001004000000070900
059200600000700000037050100000020000960001040170600000803005004000007009000480000
030001204009800100005304000000030007000706008046000020100000000900047003000000460
060080070700000053538000040000000008004008010000700329020070001080006000000015000
003000004040060000000007160050080001700000243001000806002090000000250400030008700
000000063058030000070000090500003000006800970000000604010008009007150000000079820
080400000000001037000350020600000300700209504000000070308000060900070040000810900
000380000060000009007500600000000005000000087500071060200000040043790050001620030
000800000006700100402006950080060000300400000090205803900000340100008000053000000
000090027058000000000405000040007000000350014000000800010003005270008300005009601
090600000000801060000350700000000800250004009301005026600000200005073010000000005
000032000130000008040900010400709086000080203005060000700090100800000064000000007
008005000000462000006000100390001062000030004000007010600050083210004000080300000
001000000062008000000100092000002040070510600006740080009000060010030005000080903
620050070000030000300400160040108600080002005009000007005060020067000030000080000
000007000000300026090000050670403080850000600010002030000010804004700090100090000
603100009000000000040003010160008000000031086090600200000800932000020070500004000
000040071000000008690307000409006000002490000800000060000650000700083090054000300
060000009400200000200010007007000308008040500002053001000005100030000705900700002
060000105000790000007006209074010050500600001000200040000007800000005900019000006
620080057000500008800740000003000000500000734001000060700009000000000029050803600
040680020600000010031040006000900105065000000000300790200800500003007000000009003
003600070000740600000000002000004029290005000400008500010800050500000001040009308
090000040000801000000062700300007050000380064008600070012000003900050000000204600
070040201000000864000000070060970000004023005800000000300500040040032900090000100
000610200900000000000300580004007360100003900000140070010500000270000600050081000
000000000000026870608004002000070008500090200400005600005007310006003000031002000
000000270070080000008000001901400700087006050050900020300004010000500060090700003
601504200000020000804000001008450063070090000100006000300017050000000010000000027
800000504090800000000060801509000000000501070041000000700600008004070209006050040
000020000030001000008070005200000007000450960900063000807006002040000006610009080
200000000080056073306200500025040000000000080100000062009000000803090004000407600
089000004040001030000054901000010263097008000000000070000000040004107050200000300
601020085005030002000001004460800000007200500000409006700005000000100400000060700
080000530600120008000030900108704006700900000000000005000000020470008050096000800
087005000000000000509730260600000800070200500000504006000000095000087402000100700
078000000040000938003090000009503620000000400600000007500708003000009000000010764
070040305400900008000000900930005060008060040050003100060000002200000730000500006
005000340000000007600010000700082910000000000058006230000290108090350000000001500
570000000000000408100030709003041900052800000700000000080900060000018000007060013
003080090000009040070000301098600050007050200020003000000001000040000800000075169
900000200764800000000090000000023000000140005000506730002000300047000002005000961
000000000000900250006000409930020001000000800200040360870530900025000000000400075
000000009700300604000060000103900500067050000002000040980070005000095001000420006
000709205000000000000005761007000000830204000096080003900007030000040000700802050
008000000007305201000162000100950300030000725006000000070200000003508060000040000
000090007070003200060500400005200000000008005607001904002017003000900010840000000
000040870021008000904230060000020000000001090070006005619000038300000200000000900
000000900600500000012007460530006090001704006000900080000200000045000000076000503
000720000000006000070090130009030400000007306000902015003000040080300002590008000
000040073000060004000200900007008000046000000120000350090016000061500040002700080
000160000000092780000000002090008320200500040100009000000005010060703200080010004
061040007000230860900000300000075230000028000000000008210000000503080074400000000
250009601060000000000017200004000800000802900030000740020008000105060000083090000
000071080200000300500003642000000001100730000760000905000020003009050200000006800
000050007008000900009037005700103050000029008020000400007000010000000746100006080
400009003002080005003400810200050000600000020049100000900004300000000070081000092
190000700206075014000000020000000090718000002000604008004003000009062307000000000
500270009000051003000300000080000700002100054003000096000009007890500640070000000
000000003075004100600001200100780042050000600000050081090070000008020907000400000
060004005540030000007000008000008500000360920006001000301070000670000031008010000
800000060016005000095038007300000001000096080008000004040000020067504030000000050
300094050000000007295073000000800030000031068001900000070000001500002086400000000
090680500000001020000370010800003070200040091000050004005000740020000006940000000
000080109000003000053700000920000001070001084008050000200310700000809005600000400
000570600400080019000000000000600000960403000040800090000100908002004300703000045
800000000005000008000500100001409002006800000072360004000000007040020030050631080
090806000000073600080000700300040000006107080051000900200401003005000004800000500
000007104020000080000002006000006000003001002910000300300400051080005700200603040
008050300040600009001000054400008000000000507000031000000009000290800001030715040
003004900500103007800070010000600030200000000000007126008000050005060802040000700
600000000000700020003680000094000080005020790000500010840005009030170008100000004
002000506000000070009406810000000080327100009006032000000500030508300000040009000
000910600050008007008003900500040098070500000300200006780090000100600020000004000
000003790040000500100050200017000308806029010004000000000090030053002000000048000
002406190000090300005007040100000003400028009000000070706000000040030008000600501
005010380090040000400000007608000000030000005050069100000182490006005020000000003
000000300000907000036012007100309000040000080008075000000200006000700400403060910
300000200029500006006090000008000000503680020002001300900003000000049100000002053
800000000003005090001070040007604023000000000010050079000062000000100754300400010
069000420020000008000074300000800150010002009045030000050060072000000000002005001
458000200006004500000000109820900005007300800000700000200001000004630010010000003
003097600010280004000630021409000003000400010030000508000000006000700000308020000
400002000060708300000900000000000800600500040080009001007003600000807002300014079
000001503700030040000000900009200004001098300620005080000180000030600000004000025
006000050900030000012009007000020001400003000000008030600700080120800064090000720
700000002200500010000001703000053090900400005000000420000900601028160000000084000
000008010090071000006003200050009306200750908000000000108000000000080400470020080
000000059020000003740052010000001000080060030000780600000037005006200070090506000
000900037007506100006400000203040005000050010680700002700002098000000500009000000
300715080207000003000090041000030010600070408000002000020180050064000000070000000
072000800000060020050004160200401000030020000000809540080000000300102700006500000
000700400500000080000060009010008000090340700008000006002400803040900067059000200
080020000000004020004853007000000905000600000030075008007006000200048079016000000
001002000000000460905400030008621003004000007030704010800050002050013000000000000
100900000020060700604100080730005002000000073800000000001400050000012000000580430
007250003500000900600701000000007030010086200094000050005002094000000020002400000
000040000002000030000300148000000000600523000430980060090070601700004500010800000
605090000300500200400006900000004012000000004000200080000068100010005490052070000
400006005072050000900000200006000001000000030539008004043005060000100000000030578
300000000190807004408000010000000090500139000030020060040700600000080035002003000
010700000030600508000005090500009700080003006002000083260000800004006030000900040
050020069000000400080003070600000104030000500000901600000060000070002050509037040
000060040070104060006008700040000000800050900009407023000600000030900000020080306
080030010000004000000010208010700803002090007805000000006402590000009006409000000
200000504306801200070000000803050040001408020000090000000005036090070000000610000
900080042008000500030500100003007000010000080005006200000032010060004800300900050
052041006009006240010000050000930000000007100030002000100000060008000300700054020
002038000907000000000001730000072005004000009000600824609000003000007058000004090
300080000000010060005006082006000074000300090070409803400800009003000000002001500
006031000045000006009000120000010600000079010600200005020008000050000230000004801
000030070205009003000160005017000640003000900600070000000000030029043000000001480
800629030002030100030050708205000070000000004000000850000090000380001500070800000
000000018000040002040005070709020800060009030010000000100030500050980206020006000
000075400000000008080190000300001060000000034000068170204000603900000020530200000
000685014020140008000000000804200000010000500030060740000000005002000871300006000
009005830630004002000000100000020080000600000813070000050740060000300000000502307
500090601408071290100000000003000700020004000004002805070000009000020300009000007
160090500000005100008007002600020000004000060000370050000008920040600010010509000
090040080015630000700098000009020701002704000006000000000006000040010900000900403
009002007001000602000006915590028000600030000100900000407000500000000060020500030
010208740020000300000160000000010584050003000006009030069700000700800100000000009
000006001200000060000045793305800040000000070020010509070001005000070000000430080
000007002091000000040006530000890015000600000010002040000060007050204061007000300
000400005002000800308500010000002931000095000600001008020000004000000003780016200
006010000000003800000000309058000602079000050001020903805000000020005004000700086
082001006000005000300000108000800090190500000006040002000698000001000830000400205
007900006000000210080041090060000004079600000008000000090506800803004001000090020
004632008000009000000000610150090000009000030006500001300080054900476000000000700
000007009002000043000100000000040095960230000030050010600000000020600407040800602
301000207007002000068009050000900806000001003000087000006000002000030409100060008
000270000040091000020000075000007093300800500700004000080060000004002001201000309
085000000100400200007020060000000000000082091060700840908007005000010079000530000
030000069009007580000010000600904001090000000050100200000400700580200003002800600
802000007010006000000743200089001040000000006000008590007510009000000000250090004
000080000000900530700000269005104900400000005608070010020000000300000000960210003
003001540820005100000300000000000805000036000900080006609700030070092000050400000
106400000000208040000067000003000210060320005000000804790005000084000360000000500
097010080004000200000004009500002090000095100000106003001400005000000870060008020
001940080760000009000000200005003000040200070000089002306000051000090840000005600
000600000900005002000730508130900000000320009070000300080057010000000087400090600
000000300020800509040790006086000000900031005000000090000000000000605142400107050
000005000240010806900002010601000023000003100009000060000306750000480000403000000
005008400060009000000070150000207005000045080708030000020000609000000018007600004
005060000390805007000000090000000000500083120060004780000010370706000009040000500
500008620000000085060005407003200000020090001000650002005000000009000100008702300
790400002500000100060000000400000200003000005000958400000009000009315087000080031
000000004700001200081006509009050100030760000042010000800007000000000096200004070
080020000000004020004853007000000905000600000030075008007006000200048079016000000
500090721301050000000000080080003000000000030007010409006000007000570902045000300
000000009000070080000450610080003061006000070020790030009000700410030008065000000
900000604000000093835600000010305000000008010007000820400060000520000061000040900
000030000400812670360004009000000000735000120000000065000023000980040501000000000
008000700040002030060070950006703085002100000005000209000004000007061008100000000
050030098380000200901002000027000800030014060000600000800000000000950000079020100
000000080000000140506940070000000000070003400900700805020008060010036000060020901
400009003002080005003400810200050000600000020049100000900004300000000070081000092
003000004040060000000007160050080001700000243001000806002090000000250400030008700
007000090000020340400109000000900050870006000906340000000070000004003008530208000
000030096070000000109507000000000004040900508001000607600009400000080002807012000
450000090020040000000017050000000080010006030230970004900000807000000006860000029
005000000700054100013090000069380000000600080000001000006030702040000510080002600
007004001051209000002030800200000000100000067009071030000800010000605900000090002
008070003306000400700405010000000700000058001000100005000700026600002000040090850
000008900000300045007000230000754000072009000009000008198000000400900070005102000
100004000007060000003500890065000203000000010010007040000400005070008036020900100
513000002000010007042000800004000000000600790000820000000003081000100370080095600
000007000030000480009600071003085009082009000400023010000070040100000000000041002
000000000820300070019000054090850100600903400070004030300496000000500000002000000
084000005002700000690100002000800020400090500000205900350000000000000180906080003
060079400014030070020080601000000002500060090000090047008600000000700000701050000
090000000004020910068000007000307025000500008000000000040700500903045000001690003
006000500700000800000246003000009100000001009400300600569010020002000010000530080
300008020460003010100902300000000030005007000000080279000000700001070040097200000
000062000003000904060380000000001630006700001305000002800100490500040080000000005
600700030008000000005000087000001096000050020040063001200030450300010008800500000
000005010800400630005900708000710000037000800060090000504020000602007000000100900
090008700063000001020000390056230010000000000709006000000400650000073000000021004
040005630009208500000006700900003000000400000156000390527000000000600000060900002
000009002000000010090046050840005000005390200000060000001700063003000001708010009
003006100810000630005700200600009000050200000000000490000080020001000007084590001
060000042050603180008005000000041630001000900000069000007098005200000000000250000
000000654203004000090100300000902570300800001000060000030070020000003709001000040
004090007000340000030000000005903000070085020010007060000000050200000691187000040
100290047000040053600100000805000069070800000000030000000900001209400070000060400
000005080900200040056097000020000060009800000560000209040600050000000400000370802
070040001000000400020001003000000046590000000402000809007400600003008900000960207
090000036017000000006700800000370500000005060000004000300000001050000084021890370
000004001000000209094100030007900000500400000030008160009706083006050000000800070
000390000100000400000007300306400025000006010007500008000730002002050000400019006
007000010003000405002503080000800003000096040040000009009010500000002890010050006
009010700850000000400000960001090040000000000000234007002000000000000854004569012
006900020000028005000000730060000008100030060070010200000090050300060901240005000
000700900007005800000346000000007640003100080001600500018000206300000009004000050
002007005010850040530200000000000790000560300000009800207030000300674000000000100
036400000080000004900007000000100003000950402000320006203000007005009000001640800
002600000000180700600070400000203000503000000060090100400060900910000340020040008
000305000025006087000000001000000600902600800000083000040900005209000070016240000
007000000010860509000240000000003006300580000004700800206009080703002100000000070
000090000060070030087000904008000002020740300000002057000030090000085063500200000
000070600100609000000080050010002000054000001002005730020560007040010003030000900
003007004090050000000030651000008000060700510950040008000000003420000160000600900
025004000970000000060200079000010805000000000600070200000805700100000642700120000
076000001003700240900000000000000039000006100080200460720410005109000020000005000
900080573003601000800000000007540000000207031306000000000000890700900002090050000
106070900037000000002000000000000784070000050843005000000017000001900320060500090
000000480010030500080605000000008000500900810860040302004002030000000070023010000
000200100000500000005001820003049001500010700700800406600000092104000000000008300
006090034004250009100000700705300000060508000000000000050980200200000000300700401
010020700450000300008009000900000004000600283500408070000000000200507800070003090
000000009000042000000006240000700304018020000040060020004080005000005190005071060
000020300000098001900001400807200000039500600040000000060000017000003000170006209
500003080009051040008000200020100800800000670036000009000020000000700405000010390
002060000008940001030105200080007060109000080003000070200000000000030400001079006
000061800017030000640905000000000054000800000006000000001080430090050107200003600
000020780205000000070000003000304069004900000009500004000100090007400036030009070
070010080090040002000000106009800000500302000800900030002630400400085020000000700
000000207090050060070049850029000000004201003807000000000006040601500000050030000
000051004080000000030009210040507000100000030070000005009605003000090020002740006
000580000060000207005010060040090000800070000090005604007001009600709001004000020
000080000200300015005000002000010500700528060900004800400000203090000076001700000
050390000070006010000100000000400209020030870408000003530000000000000702007062900
059004060000601000800000500000060435010500000000002000090000008200805001000390046
000010080000006900052090400700800009009000020000420610000082000074000362003000000
000006008000042001005003000900000010000060400002010650003070025000491030800000090
100000730640900000000001000708010000004008900030002501000027060200050190000000050
008072000072800060050003000000056080090000030000710004060000000000040006029005370
570000069000003800090000000801600000000030600702000050000060501000702000006091032
004072050901000080008000004006039201000706000030010000040000090000097000000500607
000000607000000940172006308000104000030700001800300000021005000500002000096000003
680000004500000010000300820001000300290100500800070090000593000006010000004002003
610000000005004000320000004000500001100709020080100076000050893000000002000810400
500080600000030000003007000004000800020000760670850010300040080041000090000690002
004000012600200048000106000300002000000600090070350020000804700090060000105000009
702000056045600032000080090230900000004000000008010004000826000000000080100570000
000005000620000080000800040802900300040030020009107000500009001090000004007406002
000427000000006000600050000004000009853009007009500002010000045300800600900030070
009030000010804000050000794600000007030010000001025800043000002900100000005070060
072008036030006000000004000501000300000240008000100050000000000000690027900507840
000920040290000050000000100004060800906008001000050074060700900417800000000300000
000318970001007000000000050000000500500900100000405283000800000010070039062003000
004030051007200000096000300000000035000001040005060700000020010700650002000300509
900200300300007000008061002000009054807000000000420830720000000409010006000000010
007012000100000000000400053000020000020009010009704038004005000070600594000800006
000000003000050060100060879070000046200103900000000300050010600008005000030974000
000900000000060051930000068060000000005407080700009000050000706040070000107020039
500183000000000010000042709800000600030200900100600005000070000008010490000405070
000800500000010390300067000000000850000070400100005002000090080608300007001400930
270000005000700600035080000000800040093040008400035002000020009001000000504003010
006500400200030100003040000000700620004200000000095080900000508000100000015000743
000000001630000009090000502700098000800010000000547000060030005000020100000150463
060010009900004000008700340000600000200000006010048000070061903005000000300820005
000720000000090605005031702060070090020410000000002306000000000204000000530000801
004005001005609020000000000020760005708200304030040000800004003300002900010000000
000048000104005006000200040430850001060090007000000500000000000016007900000900814
000000160900040003040020000001700300090000400420069075000208050106000032000000000
802001007000400000509700400010000380200004090406070000000000600000050000050003928
000060008004050000007080960408200000002890003100000029900000705600001034000000000
000050000900002000006048302002000009070000600090000050000805070200400038060020490
008400000000000907600025000007209018000030000040810002003060500200000040050000036
004300502052900600009050004070060030060208000000009040000000709000000800090601000
600000000415000092000010000100790040090400010000680200240000800008060500300000020
420030000005004800700002045002000160000007008500090200039000070007000080000060004
000890100001024560000000020210300470500000000000016000709080000300900006000000703
009000670000000805000100002090010080100004720004003001020300000600000098730500000
070800904000006180023000700700000000000130000008004200000001030006502070004000806
000000000000080050000003001600302000090501800045006700013600070500000002070004306
000046000003209007840000900050020700000004600030900050064080000200100008100005000
000500030006400001040000607080050000000809020001004005005002090003100000204603000
000070520300040000005000010000010890000009003400083000001026009030000082700001060
000098000070105020030040009007502000000000600012060004000080900700006431040000000
000809000600054000084000209049500000007186000300000700000408003000000602000003070
080140005000000806609000000001060900900000007063000500200300000800005002050012400
003026050000078000080503092000700000095100000070000460000000681430000200009000000
010020006000900000523000000304000600700480300800006104400060000000035001000007080
003000050000800006009001240200000800000050009090600007010306000807020100030008500
000034010000200000070001040050000028600007300020800104000402009000006800009010060
100000000050000003000000064006090250070000090080002036010800020800060000305004710
200350400500010800090008100000530040120000700000026000763000010000400005008000000
005080020040000090030001000250000846009700000000000050000600400568040002000013009
064300000000090000000205308003000400000060902000000150008009020016070000340500700
180200306000083040006100005800010004007000003000708200000002501000004002020000000
006000000020000030000931000019080023050040000700000460500608000060073000100002004
600030000094200000200009100030604000000090080020081090000027030000000004548000900
030000080090004300000005200000000005000680040106030090619200070780000060000007008
043080005007002003600000102010095600009006050000400790000003000000020000070109000
000300009000210300600007000003000645102000007045000000924000030070069502000000000
000056092000000007500904000142000003003000000690000010000800350000020100700109400
040000000700056039902000000050000000000910700400007005008000090500071600006380500
020036000068900000000000907004001250600000040007000008000000075002000306040850002
200003006000800700906100004050010009300054002000000000005000000180040950043000001
000094700800000001007500040005000000000300020021000905408600050600000074000008096
000408700007000806010200003906000500050000009000007002040009000008000100690005407
060800000002400018070002036000001000030907002600000090094703060000000040020000900
000500000006000400700090805040008007080010620001000000090000000800400251175000060
000009064000600003700010080045000810002460030900700000009036000000090500050100000
000010000008700900000040753000058009040002600000600008050301067000000040076500000
000100097005060308407030000060040800004005012000000060700000000000080006200000539
000020806090300000100005000060000907080000000032769040005080000000906080000050702
900430002304010506000070000000800000007004900009001025002000090130020400000000060
009003800000600502700050006080000200320009700000020000040102600008070001000804000
070902000000000750030005100005200000200000040000657800000080009400009070708000610
400000095000004700000380040063000100070090004108000070002030010009070200010005000
000020605001000073500000041600040000000081907003900010000010006020050000080600500
002100080070000600300507000000009000000065049090000700080300076000004090105090002
070040030000000400403000107000000800000190046000700090007869000000002000009307062
000700900080014006000080047000000070000900001150070820030057600800000000001060500
060004005540030000007000008000008500000360920006001000301070000670000031008010000
700000502040029030009603007002041006060000200500000970000000000010006005300000400
800050060100000000000601050090020300010700020000084000067002040000570031000300700
001600304000000080000548900004090005903000026000004000200800000035000610070001000
000000002060048000500060800000000980900000026100090300002051090040030010000670004
060000040002004700450603020000390050006500000020000006005700300000005000007180400
000007108700030005006001090000004027008000400000000009540280000010095000070010002
001050000003000082000003006000814000006000700050090000029007045000940600007002800
000800210000000600004500008050000000120096500000007020600080003040025090000049700
010004000008057304000000800609100003020090600007000009043000200000800007700200050
000004510000070069092000000030800000000300107070020800017000000000000281040068070
000012800000007000050090001500004000420380060060001007000000008306700005100009004
000800034000500070001040600006190000000000200800020905320010500900000020008009300
300000142029100000000070000070020004480000009000630200004050831005000000000201000
040050703000000000100007400000800042000109005907205000001000000006000008502908100
000425000904070086000000002060000003205800000030604020000201000700000805001040000
052007003700600004000000000000103570801705060000002800100000000306020000000010280
400000107026004850090100000500000200003005046000620000080000000000070510040000320
000000208008000076600045009730000080000000903000500000406003010050004000020018050
500940000070630500009070000160800030700000002030060070003000000825001000000000058
000000000280040007000056030560080000004000000000015073040097005070002309008000060
006000900040007000000000428080050300600048017002006000000000005020003800807900600
080000076000000000700005004800146005091000000000200000000019530300600082007800100
900060002000000856200000300090002508300800040010007000008001630000040015000003000
000104600007008090060000450204000000003070008000000500080309005041800000900560000
000600053000000700008025900500200300069700010000000007075000000100080045900010200
060930000100000007000050200003005000402090600000000102000078901600300408709000000
050600000001005700030017509000000608010060007205900000000521000000000074009000060
097000003000304000040000001500000000002086370008003200000062009000097580000400006
000500712600090080002000040000043005200000001307800000008030000010206000760080000
005900046300005000008100309000000000040000730020001900007000005060003091001809000
000305014000070006070000090004000000005940200006001073090007000000068030040000085
006043080002001000003800020400096700000000001000000256070000000008700003010650400
070304008000000004000760200408000000000015900250400030006000309000600000007020650
430000001720000040000603000080030200010900800900700064000009080000050030000070450
420000061087000050000004003050090384000002007008000005100079000060000000040800020
900004350004007008000900460040000090063850740002000000000405680000000000200010000
070200000906010000504000000060000180000050004000800026000501840009080003002067000
031005079050006400090010080800000050000061000006007300403000000020070005000020040
000003050000000860032008009047280000050007100800600000000300910490050000080000400
105032400000000900000510008700000000004206000610089050000000000000147000507000064
004000006006740100000600080000025010020100008080004090000080000709016004030000005
009600180004003005005802900000570029300080040000000006007900000050020000000340000
000500603000000000007003400010986000070300004200005300003001005041000700005000980
000000052060003080000800900650709000008051003070000060009000014400038000000040200
000000040300060001000008067000926000005000400100030000003001705020009100400072090
400001509205073008080000000000400000970836200000090800000610000001000032000000040
000000000274510000510000040000800009026000037740009020100060000030050000000008093
000018049008000005009000300600005800000039006000000000020370008700500000093400720
030100000009300180000059007020003860090020000000400500003800006000500040700001005
600010000000820007008000000000790080020000059000001042049360020005000000000140095
809160030040002060000059000007000010000000000030608000000003081026070450004000200
000050000602090840040008005000000002300140650000005109000700003000010000089400001
032900000007000008400017900000043082340006000000800007653000000000271060000000000
400020050000690000020000840001849003000500060052100000170000005004000000000930070
306050000050000034000094500038900040107000000000070000009000060060020010800760005
000000003040600070570300400600000000020900800800020050000839700000700108000054900
040000000010008070000930210000021906000000008030605000700000090002500360003400007
000000000030007045000080000500030004700502160002008000107400000000006920208005006
400620000009008000007010063060000035901080600300006048000540000020000007000000200
000500800060930007008007000000000004840300079070200506007000000904012000000006002
000080100007600043000302006050000090003401800108030060070950400810000000000000000
000756300000002070000103000006000082002030100070000000004000000000910530089560700
000040600003012000029003100000000000801030700070000040200380960700000000004709002
000030870790008006000000001060000090000500000270006050005070000000080042036210005
005000001060010704000007680002400005000070009080600000048000030600300000010086900
300060000000375001008002050080000000600050030000400007005240000092000603060090010
008063000000047023500000800000700410040190200021000000700025300000000080900070000
970006100800004000005800000000301800402500003080090002000000000200900030001042070
090420850080000079050030000500800600060000504904000000100500360000080200000300000
000600970000000806930000004010309500084000100390000007050020000807430000000050000
020040030040700201006000000610009000030000009900005070000201060007500040000060850
003800200000000063010000090030200800040106020000704005086509000500300000000000016
000905001000006300600020040003060907075400600000000030002800790300009200000000004
003600070000740600000000002000004029290005000400008500010800050500000001040009308
003080090000009040070000301098600050007050200020003000000001000040000800000075169
007000108049000000001268900300004006000900250060850010000003600410000070000000000
004000000800002056001050002090760000700030009400010700000000607000020090000690408
006001009307000100004026008800040000000300500700608400100000905000010020060050000
001080009000002008300001050010000000069020800003108006000095001400300000000260500
005078000000015004000000170009300516000000000001000030070500090306907200000040008
800090000945000000000001075003200040090803200060005009020000107000604020000700000
900010008870000032000000045000601000000470200010000300030007000008026000704308000
090010000000703600007000400040060003800007002300090000000008026006309158000000900
000000000053700060720049000010000080506000020082000396000002007000401200000090001
069000010000300002001002700500009000078020500600030070050040000300007040090000061
900000080006000005005093040009000100378001000000034009000000801000017600600008002
930500080008010705000000002064020000020050000000006000000005630000000018010273004
000041009000600200050000086000007000900000420045000100300080000108502040000900072
040007000000060045506000010002098000300100500000023067070000950000046008000000400
000027000000300406004060070000000008700200060800059014063000000000905000580700009
030008097100000030080070060001602000000000240000040600300000005012960000004100080
064000070070800009300000000600907200057040900003005000540090700000100008008000500
002000730001400900040000005005060000600000893800000500000503600089200000000190002
000400103000000400000020079300500000910060000050070086200009000007210000004600705
000042007000976000300000040005100700008005200700000400070090103104050000800000090
056000780100004003070306000000705008000200000028090040000000400600100037000007005
000200000067000800000003400000006000000105030500000674610804502004000308020060000
000000068000809740000071000000000503000005091009002400706200000020000805910700000
060000000300004700040010059800000470200690000030048000000000800090005620000100390
080001620009000700000004030092080000004035801000007000001060200700020400000003050
000730000500000000080001709003010005020040890018006007006480000000000042000200006
000000705100070000003625040600000000000200089009040000005803020020760000008000901
000050007030908060086040000020300010000000000000001853090065000300807002000400600
000620103043000008000000060060100000010000000009000020050209800007048650090007030
000196005005240009003005000900670000600002007401000000000010000007800504000000310
000900700010002000090075000200051890004008000000460020050010000020000030607004002
300107000400000020500030008800201007000060010000983040000300200080600001010000500
001703000080900400000000070000050129000430000002007000065000000240010006300600250
001025000704000000000800370400001020000090005900400100030000002200500649000900030
071506000003700008000000001000200600400000300000847005060025000009010000510600090
000000720008200004000170500021900006400000050070000000500002060000036490004000130
000489000000000060000000418100750080340000000002100000080905042700040009000800003
002000008000090107000815020093100000000003900000026000045002069000000300800500400
060000005000600400000082009000030000200007350004100200600000040010509080903470000
600090040030070200920005000001082004000009001003000075016000750000000082500000000
700000040002006803080000200000002000009100060006005790054070100300018500900000000
000901003007002080019500000008050600071000042000240000000608904002000000000019000
020008000503000040010300000000019007108000060060000034000063000041800000080205070
000082000700005300040006052300040000058000010000000038000620040000090800109070005
000050971900000000000300046020830000007000000450090600009060500070000000104970200
090000003002000050000000124006709400003000000000000279400020308069003000000048060
000800065034000000000020108009034000006500730000609000002000610713000800000200000
708560000400028000000000000006000003900603040002000050000090031001000870800042060
000000080070890050010030607000000100004001098100000060030702000900080270400300000
040060300000005000038017060003200000180000050090006080010000600000009000004032890
040723000000006000008000570000050920002009010001060000900007008000005002004000369
050001060002050008300704900080020609200600000000310000000040007706000310090000000
300200000009000043040075000000000001206087030000060800000000790010000082070490010
000070000700500000049060001020800300000634090008002050030000004870040500900000030
000000370000050046600001000000000000098000050500200704032009060005478002004000009
703000624000000300025090010000960000060500007000000430300006009600010040000400100
096003040002100300004270060009300000060054000500000870000000031000400900000068000
070840029000007000000300000080000095003000602001000070000079000650004000900280034
300800006000453000000900510090004030000016090420000005000108000000070600105000007
700060005920080037010040000002000009001002056045000000000370060000800010000100004
000000107000000000350279000000001200006907300000000008600002080039704005002500004
006003000740200000100000894200000500000900007010037000800040070930070001000000260
000090208000200500100000063040060970020040000000805000000004809004300600200007030
000003001017000000200090600803100070090704000400000102320500080000009006008000500
001400000040060080608020000200006800000004703030095600010000020006030001400900000
540703090000000700000042080000108067038070000001020000800904000050000009000000520
089000000100009005620030000008390000000050870005020000000000023300001007400200106
100900000020060700604100080730005002000000073800000000001400050000012000000580430
500000020604900307000004800000350004001040000005708090070061002000000000830070000
300000142029100000000070000070020004480000009000630200004050831005000000000201000
000063500000050239000080000090005010807004600050000490006000070400000900030208000
700000008100800500009003000000560000008000000013904080060070005050000960094030700
000500600000716000000000800008004100230000000604020095100000504800000009007095003
000005080008000502020600403000020810070409300002070000009000008000054000000008690
307500000000309000090000007001007900045060030000015080900000800000704010200690000
050007000000800000007069000031000050002605043000000007000200461100053080400000020
509060000074000260000054000000206000090000703210078000008000007000000600040005012
003060980005002401004000600900020036000000710000006209000000000001030008600400100
200000040005000000000179020000000000000483702801002000000740060010000800008520904
000500000006000400700090805040008007080010620001000000090000000800400251175000060
005140080000900000008070000000200800400009700000510609004060205600000000820001004
005007001000203960600000080400000000050064008000900300380016000004000100021050000
794000000500000020000600003002001000000072104109305008000000340000003001050006009
079000000000000576806001020000809140002000039000040002020300050000008000010006800
010007000000060002060004300008000007007083064500040020600510080009600003200000000
030040007600307000000001006000700003000030501050000000001002098800900200040603070
100304006000070000300600210400000005050000060006700920005001070280009001000000600
000000040070320901631040000000080000740000003005006000000000004090010058100203009
008009015000005700000060000040802000000600204080000309000010007007300801960200000
000370050005000610600002000403000500190000004058000002080000040000109008004705000
009708001010020890020000704007000000000010000300060080000004006004000530005100072
008203000020006004300010007730000005006409030000000402000060500010000006000000841
000027036200004050010003000008000090402608000050300800000000005000000948065000700
000090300000000120030004005200080006006230800100070950000000080500020070000315000
080000001000350090013040620000000007000509000045020000000103400034086000002000030
800000000006020940021054700000309250002005070000000003400700008690080000000001000
002300000400800000080002400000060009950000240307020000030009000000000698108400005
000070000802500000056401000000007000400030000000000076020050601540080930601000008
000010000012003005300870010020980004000067030801005000400000603000000070090000080
201000070700000180090010000800001000520090000000402050400206507000000400030780000
000005029005080004000602010050000001002036070008040050076000003000900000400017000
005070020000000000000000706904125000000007900003040000500609082020030045000400600
000070003002008000070001568320845100050000000000000030000300800100004000509210000
000006908000500040000341006002700051070024000000000000009000103800010000056000097
306000000080014007040000506000925800020700000000000010600500030000490000005000294
005000000398500040000007803040000009003090080080001000000000310000709064000302007
609000000020010400105800070000072318000500200000006000700051002002004000004000009
000000061098000200007659000050020030003007080106000002000861400000000006001004000
010005008070006050000000700098000070040090002003012060000000023000600015009020400
100304006000070000300600210400000005050000060006700920005001070280009001000000600
000200310009000007000085000000008004007006029035009000903050000006030958000007000
007014900400070200650000000001400706008000029000050000000200000085003070040090003
702390601000001003800000040900000010000250007370060008001508000009000004500000000
030000050007300100510700030004030089006200000000908400000805001070400002600000000
000306000201007000090002050000014030806000004050000060000000007500000028009270506
030900081200000340000054970020100000700000000060082000000010008050000760009003400
000400600407000013020765000000100035300004000000000040001850206098000000002000400
060800000002400018070002036000001000030907002600000090094703060000000040020000900
032001005000060070000083000020000430004096000000007006046100003900000000307050080
200100006000900020000007000000003009005408070710200060160890002480000000050060000
047000060000000003000425010000180000003000000091500702002006004308004500016000000
170000000008000007020038090003020900000000348005000001000040010200359700000010400
008027006000000309000900000070040010510009000090260000000400003750190800000008070
900820000054000000670000000000040950040050076005000010006130000083007040000000790
000700009004100000800004003700000900000300160409500020908001000007000008002080750
600095000000061802000000100500016000004000200002008036000002450040050000003400070
060402003000600000820000760000064305030000100005300004081000000009000000070200501
000058700030076009008000010400010002600035000300060400000000500001000047900000230
040005010000001094000060507008000009600080000050090600802100300500070060000000408
000090060460000150008000007013000000500003020000006000040071095100600200080500300
032000007006090503081004002000600095000010070000005000700346000003050400000000008
003020400014000903000004000000007000068200000000800059600000080000009070042780301
800000003400500002010276000023600040060007000008020000000069170000000900000010028
800100000010070009000090502000905184000004900060020300080000000300400070000680030
000090500000070002007083400105000067070600040600030805061000000000000080040009010
090100000030608000087050002000039400008500230000000005002010700004070068000060000
000120000500000208040070005007000009400007000003000064062000041000603500300091000
007008600000030007205096001000000050000000008009485703000260000000000349100000080
040030080000000040300000000003005090700620100600100005200009068000400300008301070
002000060350120000609000000000003007200090300010000040000500080000870926098000001
600003870190002005008060000504000020000507041010000000400008000000010380003000004
050000010000006700908037504080260430006800000000050008000009000000310000700000023
560200800003906400000008000004300700007000004010000006000080090800001500090500603
900010008870000032000000045000601000000470200010000300030007000008026000704308000
200007000006000700970001650000500040018002007000008000000090400004800500090023008
210000009090304000600001008000090030007400000000703006500006070080030020020000805
000761000090000080300089000050600003000090010040100270109006002070000006000000850
001000002000200730200009600100030080300400000047000000009080007800003900502070001
000000000100070802498000000052000600009008500600090003040010050060005700000000984
050403000300000800001000903800260091000380007000079000010000002000000060090056070
960005004004290000000800001600050000300001209002370000015008700000000045400000000
407001620060000000081050000000007000004000295000900300008095000000013000000406073
003900000500006480700080000300700000000030051002000006004600002006090078000051003
090000000006040800400029000000084070710006008050000002500090010009700006001600030
000009200001800000007100850000300000049001000000070680090000300302700010004520007
000000000000405030009020100604080050080000604002009010000000740500090860000207003
501000004040900000000030800007805000605070203000040007003400790020300000070000006
000000060000013004900000502120070000400001083030080050000039600009000000782000300
000000700020068090008900500050207089000500030087000100000100304000003000640700000
020060097080107300009400000300080006008019000100040700000000000900006435000000001
390000080070001300450080009000006002007000001080000053100807000000005010500060040
000070010090280500000000080008024000070031092000500006703000000040017000250000900
000004001020000307701200008000000094400109870060000500093067040000000600000040000
000700009004013200205000000602090008009008004100000005970060030001000000030080090
240700000008005000370060000400000097000000500000431008020000001000023060000098750
400001509205073008080000000000400000970836200000090800000610000001000032000000040
400800100700309600001000090000107000060000500500043809600030000000001002900500400
400050000000900002000280039000001080000000306005403100090000060004002000107008045
500819000000045000080000000090008000010350820000002700001090506000200470300000010
000038000006000290003500000090000340400700000000001007004015076809000002060400800
000009800000073092001460000000546000004010670000090020020000000456000080007000001
000000050009801007040030600000040010362050000000308000201095070008000900000700100
600030900010000004400056007038007000000000008000009600209004070000070001170005040
080900052000000700000740003050000000030004107890020006500000900046000000003570020
000090200034000000000005480900180000071204000000000370300052600400803005000000900
702006300000098000003000064000607000800400590020039800007000000008000020630000100
030000007050060000600704300007100038009007100100900000002400600000308050000016000
000800203002605900500000040000007402007000000030008005310000096026000000700050008
980000300500098200000420000007600002000007000100000870305000000000900040064085030
070920003020000070000004009001003298340000000000005000000070916000050800008601000
009070400008000010000000087000004005400001063030700000067080500005300008000020076
800000000200070510005010003090530041003000060000082007000000830007050006000820000
009000057002000004000800200600100500140076800090032000000010070000007462000040000
070004000004000200000070050000000300600000001008100720530000100800201400010030976
000710004001040700500000000000800026040000003020609050000090002703400801000000305
009060070031002000040081003000000200000006087000034060390500100010000058070000000
705040090000008345000300100001000009009036000007200400000083000050000000028070001
007100000006009005200050000000080903000004006902000700400700051080000390050090060
000403000000001005060500000097000008500000600100006207008109000070032040003060800
008007000000000004090001250007000080029060503000950700000000040010502600800040020
010040800000000530082050007005360004007500090039800000601020000000000700000601000
000701000350000090080065040800004000005000007090507060002006503000000010000480002
008000000400030006009410008005000930000050007003000081080706002000001000090500740
000900680002000100006480030400105000000000090870040500030600900000001008960050000
000063005000004700009000080200000010090502030500130400800071006000000208000090100
009500000007000195006400008000800007405030200000070409800020004000900020060000001
005092000003800020000000000009000000001007563050041700002009010080400002030000908
009000050000029004000001000030500200000003841200087000006000000300068700140000062
090000017700004009000060802040200003300400020010090000002900600100050000005007008
900500007002013009000602500020000070500000090801000460000074000070060010008000003
013000790000000000905000010000009020500003060007400103008000050400610300050020006
200600500001000900570000000006020090904000071000070008000000483000230006400016000
000701490000205030004080200000062904010000020500000003600000000470003010000600300
000200470000009006070000095800060040001008030000000900120004000640000780003070050
009800300000960000001400000000300174000710000000000050270000400108040003050003206
002000005000050090000107068001800079063000010090000000000061042000082000400003900
045090000000000092000350061003107000504000700000030000008076139090000080000020000
026000507000000019070803000009021008000400000003000950000500001600047000800002400
320000000000000006806010700070005930003790040000000500700050201040800009050003000
400020050000690000020000840001849003000500060052100000170000005004000000000930070
008620340005000021000700000900007003180040600007060900002008000000000060014030000
008000001041080070900502004000904000030000800000070000250000000009008036700600059
670000000000360000002000008080000000000908753050102000708000030900700804010030200
012900030900040150400000060000000200300208900000009000050600000003005010800302400
000000700035070820700305000070260100000400009000703000900000400006000018020800005
000900300000040080000002160031000090090026005200700000010000030060280000080009670
900000108000000062002006050005000000600900070007308004070080200029000040053000006
530000008007000030200006901000500200090370004000981000300040560000090000000007080
200800740500040008000020063807260005000008400000030000100050900060100000000600300
200000005060000004400016300800004070000300009050860400000000000000200730030007596
070804000020016004300000080930100000200060000100203000009000846050000700400000020
350000009090000578000000600007400060901060000000710084400090000000008031020100000
020007091000310000500000070000060002200000980009070310090000000308150000604000020
807000000000050370413008000000000900000060050004582003080070500040000006000290700
009000050000508040083000700740000000200807001010006200090030020000760004000004600
008000000090030014060001000000040001005800049004700280073000062000000000006002830
470000103000001900008000250000007500100402078800300600009203000000000000300104000
000000801001870090080006000000000000000600025004020379200180700700930040100000000
700020043040067090900000500000100408000000317000006000000040006405270030080000000
700000002040900060906200001000050000010492000005100000600003040000600730408000005
004050000230001004508600030000000906020040007017800050000000000000003089000209700
500600020040930000000000040700005600002870904100000008800040007050000092300000005
000040000600000008020000300009007024000050107010900800008001403003708009200500000
070000402010000700098300500005080000007000008000100370004020000000509006000763800
000654000000020060700908000250010007000276005000000000840700030005000000090005046
060000000007050090000300870083200704050008003000000600400006001006012000520007000
020000019100000000000930500050100700732080060400020000680004000003050400000300900
946005000000000070080600003800057400107080006003060000000000140000401800000000905
002094008000030000000700430005000029009010005700020060068000000000400012210000007
000100000008930740050087000000008034000059000000600002030000015700000609029000007
040002000100000030000060900024050007300020006601003480000800070000037000006900010
