000000104040200800008000060400500090521090070000007000600008000000700040004002936
620080090000003000050009000000020000040005300090000648009051006080000723006000005
060390100300500907100706003000000402003000001000081000780900000020000006000005020
000630200200000003040000070003096002050700960000520100020050004005000001006001000
700000004200870300080091060000009020004000800000000040005017000901280000000006032
010000920007000008000572000820004070045001000000000000900006080070045600000080230
700000000000045070080060301000000000050030008010720500920006000003010450008003090
000407000301200800007060009000005000009000108010006007000080003008072001603000002
600000000000000320800020741000004030900002000040560000004200570067000100005300002
004000560000900000100005003000002070000400008000369400020050900007000301860030002
000000000800005900503860000605004021000710600001000003000070009000000510020108006
000000500009010006060500090870200400003000005294000000180090000000430607000800020
060930000100000007000050200003005000402090600000000102000078901600300408709000000
800950400054000007000006010000300082000060000040000930060001000508092000070400200
050300000008000000070502060080000310302070058000090000020000076005900400060001020
000190020010003000049060000000900240003000078100457006000004080060000030008000009
002300100006502008480000206300860000097000000000000004600010000045000080010030600
302001000000000060700304102040050000000000046100803700000007200008090003000000459
000700092003002008910000000000050620040001000600030000500000007709420850080000200
008100320010000006000070051000526800300010070000000690001700000074000005000309000
930002087000000000080630104010047000540001003000290000000108500300000000090020000
000205036000000701800003040009500017000000203400000005500000000960000100004798000
000000074000090030002060005200005000507310000009700080000001300000654008400008100
200000000000200004039005100000620400080003760000080009620190000000070003007040090
490600050008000040003080020000000006910050000050210000200000003301009085040000070
100800070000001000200400905006000800009200004014605700000000098000000300005109020
000002510900080000000610308500807000070320000043090100028000030100000050000000200
001000000700008900020000060090000800540309000000000002900800001800602700052703600
000000200200040070080000345500002800001630400000100003006000080005720000100093000
000005100000310200090400000056000001000007000074000608008050002001806009035900000
200000000000200004039005100000620400080003760000080009620190000000070003007040090
100800000000560040032010000070050092860002005020000030008000000000006070000037520
600075081000000900082060000100008020000603070000024000004000010700000650009500003
006040800503007002000005030000590000810000004090006000401008000000000300060002478
010000500300000000609100000000000309506070100080020004100004060040056910800003000
200003090008670000000090420300000000000000019089001002006050043054700008000010000
302080000086000090001003000008000000000000064030104009500008102000050080010020603
204008000090007005800600004050203000000090000000080690002000300361500209000000700
800067010000050096000000500000000100004200000600095072910080407008300000300000008
001050800000008040000000527063400075000080030000025000700040002012000006000063000
000800209000005480120000050007369020060000010040000700002700000300010000490006000
000030008093020000050080000000374206007000401000000003410800030020007009000000650
000960320000200470500000000005706900008005003000000054000009030180400000032008000
000040009030001000600078051005000270070006000000250000000000000100000693360780020
030002000000604007092803000000250014000000039000007280050001000080000045007000600
300700086000580090000004000008000000690000300541600008002050000005090123100000000
000206305000000000000130080070050290090000800480000050010008600008000007006094030
030409000709001800020007000000002600000380905000090040006000090005040702000000108
000500100670002000005009000000000010050000603800930027004380006000006090000100450
970000600000620004000800070010030020403000080008702050801350000004000061000000000
005100000073000206024000091500800020200370009000904600009030000000000060300009000
050040000600080250080007000000000417840100600000002000003014020095000086000900000
000000008700300000012800904000904750000060142600000090200090000080406000900700000
007014080000260040500007006050300807000070090209100000003400000000000100900600002
020004000007000902001000006000300290000900001490000865100205007050090300000000050
007006000904001058000000206000349010000007000000060304500000800008094000020000045
009500010004300000300061000040020009090005000005000007000006000057400301102700080
007031000000000502400207006041000000000700000060510009000093050020106300030000400
000007090007030050000925100509000000760000000004000008000190580000003002008060730
003000000000004528000060370007048095004100700100029040000000000680000001005600000
000020490000007210407000053000000520380001000000060000060900000500000048810703000
000060008004050000007080960408200000002890003100000029900000705600001034000000000
090010000070508000000060003750096800040000070000000025008100009900052700000000640
090250000208100000000000008000401630020090000001075000070000046000603500103000009
030006408096400000000001700540080000900000000000002070200007800059030600000010350
000001609003080004000705300867040090000000040020560000000209005000000010010000407
000000308703600010008900067900010056401000000000002001530028000000170000000000400
008200600900008750000074009403000900051000020002500000080703006006100000000040000
800005400045000060029000030087206005000000107004010000000000904630090000000801000
004209001608000900000004020010000000000080600000007400070503080203000000006908047
004000000010700600085000407002030004000005071050000003000083700030100008000604090
000107900200089007000000024010030456050090000007000000300000002006054000001902000
070000000906008074008050003000080060002300400090060000000001380009205007000040009
700009000060003400000020080000406000590080300000030700040078000009260005002000901
009000047024000801005000002000807035060500080000020000000004000003056109700000060
300000410170000000008000093000000260005900300009280000007020600000050000010046038
000750008006000700000930000204090000009000070800010053100000040045000180008021000
200000000080056073306200500025040000000000080100000062009000000803090004000407600
703000006090008023080093000000010408200905000000000000400080500000100280050060007
300006100007032004000708903090000000010005280000800000102000800030960000000000041
600003009000000200980000500002090007009100050400008906000070004000254000307800000
900000040200100850000063000107002508000008010008000302500800904000007060006000000
001000720060000050900080430005000003000040800080270000000024005300760000007009004
500004001090103007400000300000000000002010463038000700070902000300000009000750600
000000800000020010005308006008003050006070000049600000890006071000704008200900000
000090020809004000004800050640070000038602070000000000000000260400080100075010009
060079400014030070020080601000000002500060090000090047008600000000700000701050000
830095000000040700754080000000000000001050904003002080002000009070009000300000526
090048050000603000105090000070000000000002617061000900900006005000070081043000000
009000000400008003600597000050000700000001958042900100008400020000600809000000004
000000000000247600008630000500060438000005100080004090000000369002870000030100000
601040052090000001070000800000006000003008007400000068900075000005030000000860540
006000070010008250000041006009060705400005900680000000000000634000020000000054020
000021009600000000008003000000040000500200706109030020002714800000000047300068000
001009000908300010056040000000820109030607000200030700000005004000000390000000025
000001000005000006084705009067080000000403007100600900000900200000000301320000408
900040210025000704000060300050070040080400005300800000830002000000080000000003601
076000001003700240900000000000000039000006100080200460720410005109000020000005000
701000000000000360008002050900240000000000910005073040000508000010006700500400206
007500900610200000200000003005040076400005000800003150001000462000300000000090700
000207000860100000500000470030000000000900080400063020100009048008000501000001039
040002030000006148000007005064005000008100000900400810050090000017000006000000502
000105408000900150000260000001000060000507930070090001063800000800050000005004000
800000000002040008604080759030810000407000200008000000000000590005100004000706003
890300460000600009006008000000419050000000700002030600085006002000000105020000030
900000586008070004401000300002010900804005100000007000003008702000000000600040009
350000009090000578000000600007400060901060000000710084400090000000008031020100000
800503000000709000900000603009000004002000761073100900700800010020005000050000070
043100608500690000000000020005000000060420000910087000050000002302000706000009001
034690000007000408000010090000001002000460903000070060020000500050806000000020089
000018000000006000000340976050001000000900003067030210000000695804000002000200080
960000500030090001000701000009100050200008040040070003070000900005400012002000800
004500681003000000060000204000130050000040000000007010000398000805020007009006040
000000000090000206000824097006500009801090030070600000100003060400057301000000000
096030000000008000000000070060020017100607900020050038503009000400080000080500020
097000003000304000040000001500000000002086370008003200000062009000097580000400006
910004000600920800700035060000000000000079001420001000200800007004000008003000240
500001073001070800000400029006002000000000002800590060000700280050000094000080300
005078000000015004000000170009300516000000000001000030070500090306907200000040008
003000000020700000970826000000402095100090007000080160000103700000000006065000020
009008500007002080600100073005806000001000007000020830000000094090350020006000000
007000800000300061000046700005900000004200000008070010200000078016009400700004030
000070000000600741000030009090000200800700400006902350005160020000000000410003080
002500090004000003008107500020000006590008030000210000000740000045000702009060000
004060908070000040030800250086000020000000800000020010300500701000001300409300000
000007460090800000070093000000051000000000290400020085040000000803000710056000804
800000002003000000040096050400001009000800423000509180280000076090000000004020000
000007900038000010005000020050001000007840000002390700090000000500103800601070050
030012000070003000000540060003005470005900001060000000600080015400000723000000004
060003807037000490000600000000905003000070050003000004050000008800000702041080030
031000605600400020008900030000000009000500000205097000000805006007012000010700800
708560000400028000000000000006000003900603040002000050000090031001000870800042060
060000085004185000200000370050900047030020090000010830090060000000300000003000020
087590002000040003020000906600400028409000000030000400000000000000020705003180600
037090800000000009000060070080000420903100000000087601300400000054600000000015080
070312000000000000000805207000060502300008010000951060006040000200500400000000073
900000206000004000081070009008000000003165000000000702400000038310600900000500067
001003000000920800086070000007051036010060009003000510000000190200000005060000400
200730005000104008000060000608001300500000000040000050000502030407003010090000804
008005060000020050000403801700012000000700000090000000020800009150940602004000030
005070010008500300004100900000003057002000000000410690050040108090080006000200000
050040300000800000040013600090050020000601000004900001007200030009000062300067000
000003040087006300010500087060231800000000060009000420600008070030024000000000000
004000805000800007702040900005008100000790500078000000200060030009004000000002610
008090010090400006403000007000003001000908254000600080300850020002000000700004000
300007080000500703400008650907000020000400100800000000009124006050006000000000098
209000583014080000000000000008000090003050020600004008000201006000700800060300902
000400205500000000060081900903000400005800000780090300400000020020075001009000800
003100800000200305000008067004000200150000000009300000008700106401020090000900008
000500046080020315400070800040700020000000000069000000001906200078004509000000000
000000001750200006100600040000000054010370000067050309000890020800036000003000000
048010027000062340000000090300070002006409000100000500900000000061080009000207000
000600802000092003070000005903400000040008000080203901500000004090150000730000000
000000800000020010005308006008003050006070000049600000890006071000704008200900000
003000004185000002000680000401000300890002000000000090000700003016020080070403100
074008020000700000900030000000002005800160702010040003000010040080600001000203600
004000805000800007702040900005008100000790500078000000200060030009004000000002610
280054009600002030003107000800000470000020050050040003000000028004000000000900706
000008209100090083097500400020040000000000007030059000360070500000400002000000038
006000000000002450008000027020710080083400160060000004900100003000037502000000000
000560300100000800024000000009000000080720006610800000007206000400080037000104090
040000000710380000000752040050000600206000700000800032000020803000000050070603900
009507400000002609000000080090081004002000000004026070516000900070009800000300000
000040500000590060003008040079004005002000018008020600000200100400300080000000076
000000600020500740008300001000008000061000070590210000000403500000090000647020080
000804209000000608600720000407000300000000005010900007004010000003005000078009042
000100500020608003007000010803000029000802000050000706000020108004000090000306007
810000006070840502020050080000000050000090041001034900700000000000000679003002000
002300019001006370500000002049200080010004006007008000020790000078000600000000000
040700060000020700000500003000000300610082900807090500000009001400000020001260007
000010742900050000040003000000000000002000009070020063130087020005000976020005000
008000015960005004004060000000002900003700002000800040000040023079000000405070001
000080000000090761060037050000040100000019000407500006804200000000000509035000400
800000209074000000001000000000580000300907060210300900030000002000003450405060003
800100000000020007060070000018000050740200009050004010006900000002041030100508000
000500400050000080009070000000403600000200009800090500580700106030000070206040900
804900000000008020000006705602000071000020050010030000008170042000800000500060010
000194000000000708205008000036500200090000007000061050020005900000900005008003004
000600000900005002000730508130900000000320009070000300080057010000000087400090600
000500200003080001000002900004000300058000000026910000000801590000600700800097003
000090501070006900200700000007000024008009030002010006000605000000008600300940080
700050280001200000060000005002900700000000800053070000000500070400000190107002068
000000050000062080580037000000070060870009040200000009041000900700608000000701030
000850740007002605000000000900040000000070021006030508650000000001300000300780060
001030800007009000200000000000000002004560790000080060080001546000053008020000301
090500230005060007010080050030059060700000000000000409003007002000000090050030804
000000006070009021050020300002190080000005009000700400028670003003010000060000900
020309000000000300000000040600030000035000008090800705109005020008010060070904080
010000000009007380700450090000002900000786000406003000180030407000600008000000500
050070600000300102000068000049080000001004203700000019004500000010040097000030000
300000000050703008000028070700000043000000000003904105400300800100040000968000200
000000004002000753003060800400002007090670000000000000930087000070400135060050000
002000005045309210300000000060000002408010000010054009007030020000500060004000008
003000500000070000140002608000000009000645000420081000364000000000008453500200000
008020700007805400000000000000400301014008000020750080090000017706002800000009000
030607200090480000004900500000000060016090000307000010070000000400502700000800095
700090300009000006100200800030480060000050007500601020060000018850010002000000000
000010290500709000600004010700000600000005001409070005040800002000000700056340000
020008004000009081000450007000000000800002700096570002010060000000203000709080300
000080003000060001031000600020700005059000020400000390208400900005009070010020000
600000097800000000070304506000025000000708300012000000000006020060000179000070053
000000020309000854000500007008047005070000100000000038700030000600009200430080001
700000900000030260800590000000068400006079080000000370000000000039004501108200000
000004005700050300000300600007060000005480900280009001830000007090020000100000850
070025300209006000004000100000000650000904008000070910400800000000309700001600080
000068070700090004008500100083000000000006040100900000000730005000024019006100003
002700004008304007030002010860000301005010000007000000000005070006000850000098040
023000080508040070000000903091080500050000000700090020004002700000100052060900000
000248070000007084000003000403850020075000900200009000000000006920000100034000500
000059104000730002030000080000600923000290005400000000006000008041000006900100200
010700000320000400060040721509007008000360000000910000000004600040200080090000300
000000320760015090001002000000000600000007000500090000056400009009050476010900080
700001490000200000006087100500400006000000074000000000095030020370004010060050800
302000940960000000007000000006001000010800607730004050600030005000007000008240100
940030600300050001020016004102005000000900000000000200005600030000340006003008007
000090500060000009002000406000730001040010098003820000000000625001005000600040100
000000030009000006100720040000510900008073000016000700004008007020000400307200080
060004005540030000007000008000008500000360920006001000301070000670000031008010000
200060000010804300009070046000095002005000470000000005034000800520000000700003050
000820070600000403020001008107950000900200030380000040000502060005640000000000000
003005000000168050002007009001406200040000030300700000200009048050600090700000000
000400503500000007102060000000020841004080006001000000000048600280001050003000002
300200000002040000000570000050300900400000706001000400008700601007000850260900040
008010007003000060200640080090700600010020000400000000076290105000006270000300000
000000000100307800000100500510900006007400090009000002000500380086001070705009000
010009503050001000074203000400510008080000910000000064002400300100600000000000080
700000090080160700600000085010709000004000010005002300000080050000294008000600030
001060008000004200040000056702001040000800590003907000400070030007003025000000000
500600030000090000060032070000001300300080002002700860040005000005060207000000089
000004000050000073700200610004100259000000001000008000030040500200360000049020007
609000230340000070000800600170052000000000090003080001008004000004020900700000064
060000004907000000000007050300010900000024016800900000003740000409050003008000025
010090048600004100030000750008100300001009000070200090000508600700060000000070005
000000026100005070009000305060400000003000009081900703000209500030140800007000000
500000600008070020000301000000040080003702000000008210015000040090000560020830090
201000006000400000034508000009010000078000140100000972800004507000000000600200008
000008002004010050800200000030007900000960000580004670000000000300600090607350010
000300690739005000060001005090070004070003008000000500810000460000010000000650020
000000035460000070809004000004002000003080050090070600007010302000000010002035060
900402008000000170030005000000004060000890000000003507090600082004507003810000000
050100004000700000904000050005900062040006307000200010000497601000000800200060000
300105700002900000000000060000080200080020916000600000201000390060057080000000027
008000000042000000500080030200006000900800000060519040000020007000104302706000410
000050003000820400090000271003201005000005000002000600006583007041060000008000000
000000009800000002004073010080600904000100050000004000900500020003018790070000806
000903000009000080070016000000070000030020041047098250000000000000240309600007500
500000000300090700000065003406000090000010070980420150630000000000100000004008530
200006000080700030000090570004100900007200000050347200890000004000001020003000005
200708310608000040004320000000200080000005090006000700000803000090450008000009020
800040073100000000000270905000002500060000000030008091006000020010003006500024007
200078009000002010030000000070004000020310408000090056085000700000001060000000592
007000054000002781041000000008009000000324000000105000000900360250000010073000008
000007600830009050006000084080300400003092700020000010009500000300000020050080300
508401600000003070000076800009000003002060000380000210000000007203000580400010000
000000238010030090002090057050000600000400000007005003001500980000906002008000700
070030000095740001008100090050003600000000403000072050000000000029008006030000048
300098000000250000008000500004000800020000009001030056000009200007000040082704910
010000024067100000900008600000000500000040062180000007000020006000000040473950010
605000001008000647040000900509000310000007080000041000060504000900680000002090000
000200057004500000000160004003000060006000509100000000080000075240030010300905600
000016070350000000700004023008100000000708130070000500205000040049000060000030002
020000050009380007005007000000000068000560900010042000000704032730609010000000000
000020780205000000070000003000304069004900000009500004000100090007400036030009070
506000270030704005000002000008000540000000600003000029210570008000800000040006050
800000047005094030030000500400070000023009000008005001010000300007460000000102600
005000680100007053004300000300001900007090005400700100000403000500000000820600040
000500020090030000300001006000060002100803000605100000007304080000008090002006053
000002008060070200080300009070040000500000020403000950001067004006000091090000600
010000080070008000450002006009600470000200000004030009080043700000000860007050003
002800100169000020000006040500400060046900300000000054050740038000090000000000002
090206003000078400000000100030107000008604000004080950200000000000003004060005039
097050800000030045020600030070080091000000570900000004401000200000003050060020000
092001000500000086400000702000008090009000000000016045050009001003805000006000078
000000008957204000000001005500040069006010200000009073700000800018070030600000000
034690000007000408000010090000001002000460903000070060020000500050806000000020089
105032400000000900000510008700000000004206000610089050000000000000147000507000064
300064500060210090000050080019000800706800002080000000000003607000100004104000000
008019000200003000070400300000008002000090578000500000000740010045006090007000205
008000045300070010406100003000420000002600809000300060080200006000000000064000098
800000200000736900000040000080065007000002410000400008105000000900600052002080006
600090040030070200920005000001082004000009001003000075016000750000000082500000000
080900050700008000000000000006000100000059007940000203450006008018304060000000031
003400051005070203800000040300100006001807000000006000050003900004012000070600000
000005090070380000809400002050803140007001028000000009000000004000008000420506000
000900810070401060069070000006000370000082000001050200000000006040000908305008000
000000140607500003100000000350008060900463000000000080080090002000700005029035000
805600201090080060020000005000000792030000000500100600013000000000007000009063057
800000170409002000037000000004000060000005380900070000000147008056080210000050000
060001008002400900001300004020000001000500080070049000000903000400250307006000005
004009000000005932600800000030000001040001075007000000010006027083020000000700508
002090400900800000000045300090200060000000000006070201020000140004056009050080700
004000000010700600085000407002030004000005071050000003000083700030100008000604090
002060000036089001000000800094000000000001430001000006000126500050090007000300608
289000000000800006000900000000600500005192000010003007000000073001300640400050980
604000003090000400003060009000600005050030000120805600800010200000000076005209000
000072000038000090650300200090520006010703009000000030003008000001004000060000053
000309050000000380009000407301900008000806000800000002000000023040008015090002700
010092700090800050000060008007050000900000380600000200000100064000387002080000030
700400680005000000002006790050000000000290000010000504800007000001530000003802140
005000470000002080140037000000000349070005000000140020700000200003010500000060038
090004013000000060700000980000900000000500072203010800005406000016730000400020000
090000060105200803700000500003040700000050410820000000300410287000070000000600000
000005000640910050000700021130072000000000060006000100000001048005040006003050090
800700060006001007000000300000000850708200030005400001009100025320970100000000000
300008005070000060402010009007006982000000006800004000003000700080500000001000258
050000000007005000003040002400709000068030007000650891000000940600003000000100206
070200000060830000000005037000002054005000921001009080000000010004603000006500009
304200000900004200100750004295000003000000080070400600000000852000080710006000000
000007014000500060000000708006025000500070090407000200050800309100203080090000000
600000700000080000000000345300060890000001000790058000903504000060030012510000000
501023000000100090000060800007604000600030040800001030000705010003000059000010007
300600800000050000000904100900000200080072030000030470793020000400005010006000007
001830060000060000000209000000000510090028300054090002000040800070906001300000070
050007006003000800040000092000021000080905000000070450020000060001000043960000120
700000000053000200200070130306200010000003400900010800000500600000782090070090000
106070900037000000002000000000000784070000050843005000000017000001900320060500090
000000150960040007700008004080003000300420900050000010006000000040036009000290070
000078200002000037600000040009020061000000004517000000005030100060049020090000080
009002700000060900600700000000007680325000000000100000000000090080029540010005236
093000010000040005070509006060000080000600500000281030006005004007020000000490003
010000804060020090200500006050809700000000000690070040703600000000058000000700401
008309200000700000640000009060900000395600000020000006000010742000002061000500030
000900800001000050280000030019070000000000300007648005050080140002015060000200000
000000050009801007040030600000040010362050000000308000201095070008000900000700100
000000090004009082100004030005087000320000008040036501031070000000000000060045000
010003406000080090400009801001400000370800000002051000006000009040030000050000120
700140000000002001009000003040007800000060090100009306000250000500008029000003048
501400000032000050008070000000827900000000070090000000080040700406005008300906200
001805402600000109000090000800000700030010008500000004007000601004120003000700040
000000205300900700060702040010005007005400901806007000700000000000043000004500006
010504020800000940200309600000000007003000100078001050000008300900210000000700006
800050060100000000000601050090020300010700020000084000067002040000570031000300700
400007000000019008005000310040000005000690200100000000290180037070060024000000090
007450090000032400000000005800500002070000680000608043000000810015300000200009000
006030900870000603540000700000000000000051064700006002260900400038100000000000005
000107560140000800800200009000000000600342080070810000900000000085000000020970300
800109060030070001005400000001000004600000000270000600000030090000005430023704800
000300201060000003100059007020007040000000006900500000370108000040960308000005000
730000500000048200200300860800700000007000000061080034300007090600001000050600000
700000082052000000000000605000030010090008050036107400900003000070084030005000040
020009006300006400600870100010000000080500000700000054500208003000740600040050000
000248070000007084000003000403850020075000900200009000000000006920000100034000500
000000009000054600010600200200976000080010400700400030008001000163002004000000500
000000090060020004020080060907008520030050000000000007001039040000800975000540000
200107000300000090009000000020001000000068105630400200000000000700040952040002063
970040010004005000000100030000300700030500800000090050005006042609000001020009500
000520004000300002600000030001200300800000000260007408000004000400600209093170000
000500000800000041004701003000003600500100200069000008000605000008019300700080002
004050060000008300360000005000060500020070806930040010009000600005120900070000000
000205304050800000900000500070000800015009700020607009000406001000100000081000200
004080050006000908005001006000065001008009002000000300090700080000900007702100040
000003900302070000001040006000006059000000040020500000000007014017008200008430700
000001800400050072070000100800200004000000001256009000068000000004700008720030005
000000500014260930009370000280500310000604007000100000963000000000000800000000420
010000267090001800000002000000040006600000000003500719000890520007010000004050001
000500046080020315400070800040700020000000000069000000001906200078004509000000000
042010080000020600000030010600901020000004060810000090980000000007006000200780500
000003050000000860032008009047280000050007100800600000000300910490050000080000400
000002007000590002000400080000080700060270503200000004076000090400000005002010308
600100800000070050000405070040850000050090006023000000030000008109006024000040005
003900000500006480700080000300700000000030051002000006004600002006090078000051003
000400203609000700050900000001760039000100000000034062090013005070000080500000000
090500230005060007010080050030059060700000000000000409003007002000000090050030804
005000307900010000040030058300007800000900000410020090004003100027004000000009500
500690040090000102000000070003017000006200090050040007430000700001300000008020500
034000000900004271020000900005800000000025086000000000700460000006308004080000709
400000000007001050000300800001003209800027104000900030002000043000064012000000600
060000080000500004004706200010000609000001000002008730200040070000600090000350102
000009804080300010005200600500000100041080009000050000400607000290000400800020007
000004000200000930081900000000035000000000165007009028000602000000400087040500012
200003006000800700906100004050010009300054002000000000005000000180040950043000001
020030900009000003500701400000003000200604000007010820000000601060000049030008070
000709000000038400001000082709000005150000030040080000000403008006050009075200000
057000010000700092984000006008000060000508100400000900000605000040073000100200800
200080600030000002000000471040090003308040207000700008900100000000500100520004000
900060000080470002000009080005000030000003800000080470620097300000304000040005200
000305070500000009000210004400650030000149000018000000150000600009003400806000000
002000000000087006800601002000000805500000400000096100000000003065700900297300001
002010000400000021710086000900000000040002000600000083000070030000504807506000904
040005630009208500000006700900003000000400000156000390527000000000600000060900002
000600420000080003902000000004009078005040600009500000000870046000030000030020810
007090000000800003608000020800003900396200084040005000960100000000060072000300000
000900340007000600000087000103008009700000000000700413000805001000306080045009000
003900080001000905000008007000005700950000031080060400000526000540300000010007000
030009000000000903087010204100068000000000540004200010509000060801040000000002005
020000600004010007090400010000000000700006500980000340201000080030071000008092030
000000030680753000000000095700000810030001400006800007040008050002010900000000204
008000000090030014060001000000040001005800049004700280073000062000000000006002830
000030072000501600000070005370005080000000290009040007040267000080009100000000040
200504060084603000030000000010007483000080900500000010020340009050700000000009000
030001086260000000580042000000306400009014000000509010010000000800000052050000040
063800400000061000050300000000700008000032000000400302008073500007600910000050600
000065040000000730090013200000801000000520006810090000040000001059080000008609000
080062000500000940000000062003900000107020003000100750000000035060870020004006000
070020000100040800002500041000000000800600105003200089000000900000030600630407050
001032940000000500000470000000500000100900000007320054060000430900000700075008002
092000000000007290001030080004602509000000003020003004607108000000000008400500070
400060075060302000009050006003000400086190030002000080200000014000000000000700950
000000103006000080420003700080090072005008000010020000002009004000010360000076009
804001090000000004005040768000080070000006200000700086007200000400098000500000301
000005000006300189000000026080060003004000265007002000040008010300000007075000090
000801000400073090090000806000000080002500070086200000000005004050080061000106700
804023000000690800003000000100000926002750100400000000000400652350008070000000000
600150000090700002500000804000000070170900040000210080309600100006020300000500000
040007000000800050000109008478000009000900680095000000000020060002001005030084007
300000000960540702007006009406000080200070010000000504080004000000000026000901008
510000006000059000000040029000102000000000030080030907075000002100086350300000001
207000408080030670000000093001000000700805000040003009000500006094060002000400007
060000400000040109008000002003009000600030000007816005025003000000091800001000503
059001807000600900030070006000520400000809000008400000240000500700000038000300090
080070003900010000000008416000000805000049700020000040105800000000500009007360004
800060007000029180090400000071800000000000070040200003583040010900000060010000040
900700504100000600000060070300204000081000000500036400000008900000095001205000030
004500020030068000790020000006005310000010060100009007000000459800400000000000802
003070081050320600001000000100004020000006000000500100007000060002009340004603200
000000010000092700081004500590000204108020000000000070900010000007000030002057980
070000109201450006600900005000800930047000000000009540700012000500700008000000000
050000102000420800000300060100500920700060000002090400009000000000603010000070583
000040309009100000000002050090070000006000000005204078000005160008420000301009002
060010000000004000000900140050100000070000002803050010000007036620080400700092800
000702005058006000600001000060005802030000740000009000071000060400620017000000900
800000054021080600030000000600009000000750009000000031008000900000200307009406018
900500007002013009000602500020000070500000090801000460000074000070060010008000003
024060070005003010070000325030580000000427000000000000600000907080006100200000030
006000010000243050000008029000500400000020006010900075600010083003005000090002000
030000000406003000700900605000090010021000006000014009800071000004000070000052804
050104700001000000000076030040053102000000008080402000070300000002700006010009800
005000009070000618000970000400000800000120000003000007000000005020358004081042300
002000700800704009000590100030000000600002840000000260380000690700036000040000002
000306000008000000350070000000230016006001030020005800900020048001708000000900070
000006000910040000000000063002509070000081006040007009004000001800000307000215400
000030182000008070000600003000040050062090700080002000050400300890013000074000000
000000030093001000005400000009080000000900872000002600070104000800070060506030094
000000070000000500062700030000006001010020806000400050507600000680270000400503020
000000009000054600010600200200976000080010400700400030008001000163002004000000500
600430105000015800000070000000004020020601000100000500007800200000040000030560047
000000020008200304603000008010000050000024060000003200100908030080000079040067000
800000009100000070000010230001400020008059004750006800000500062090000000007030400
090007000006590002000000005000078090410030000030004006000000300000206048070000569
000000000000000046020500700000000000006703400950010080040002000600051320005009874
000000730000072605740000000853004000000800904060001050000000120600003000002140000
009800600002065000300007001000476050008050406000030010003002079000000000500010000
010600070000000200080070090000403057000000310700062000000000000300056980090087500
000100009050000000100603042000009030004052006730008000026000904500000003070000200
000600007002003540049001080005004000180000200000058300450000900000000060000000432
500103028000000001000060500010600830700000000030800010060007040080900300027000009
040008027000702090010000000600000075000000001931000600490001000027043009000000700
090000000000530009600109200037000501000010030540007600800040002000080307000000010
400801090601020000000000600042009000800056000000300004960000275000000400070003006
000108076200000000003000800050000020000460005000810700015000000062000980300970600
076000000100500380809020000002800000700009000000040759000056004090003500060000200
006000000400000021092000800000790054050000007010000309000030075309100000000420100
201048000000706010005000000000000720940300000000065000000000802860054000030109040
000003504002000000081500002075000000030900800000007040000604010020001009004000358
000050008100603000500090200002010900001009007008200050009005800600000403070000090
006800000000009104000070050000023005001607300020005600089000032000004009204000000
200000000047000000005100008000000005500002804900006003000490300830020900009065002
500000080009620000020300059000907000000040372400006000000001900080000700005800043
100309504083000900050000000001600870000001000430005100006002087005000300070000000
017500000060000008008007109203000005000080900801040000000120050020056000000000890
001940080760000009000000200005003000040200070000089002306000051000090840000005600
030000000009005010007009850014020065005700380060000001300280000000000007000510000
073000050500000009610000000060402015000900400907600020000197000700000200000080300
820903700000700003006020005500070806700000000000000400040067200000200090000100608
003002800040005009070063000000070003100600002090000740008000001010400050005006300
020000070907600000000000204083900000700305068000400095030010506060000040008000000
000008040001500000020040000006090020430087065000300010900000001000970030800002070
259008000780006000000000900000287600600000290000000014800500000000700130100090020
082001006000005000300000108000800090190500000006040002000698000001000830000400205
038700000060090800400230000000004908000100602006000000004800030000905020600000501
000002401900008000240001070006000084000000709400170300000000800030000200070069030
100000000030584002000100703003290068009000000008006000004700580000000600090000430
702800600086001000000009000000010052340028010000000070230400001001000030000007008
000027000000300406004060070000000008700200060800059014063000000000905000580700009
603000000094007003000200400000800010120005048060709000000000082007000050900008100
000000170048020000500300809000043007007000000900010030000900042050400300000058010
000040000005000203800560007007000160004027300900001000100000000602010500008052000
000600400050400000000028100010005007002000980076009000020000004700090502001000306
000072600000010034000095000010050007700060409020000000000500100903020705000008003
008600040060000810009001000021004030000800400000700005000200090600050000070400562
000000800007000003008390052070000008056004000089012406020006000000005000500100090
000049015008000000002500080030080000800000003059103007060090700300000140000604000
070930160000600000050000304009780002702000040000000000000810020800000000504003907
003000700040000006100600005000032000007100000600709002008000004070890003904206000
008000600060210730500070000000080129000100070003704080080000060000000400300500002
009700800084000127020504000000000760006900000300400000070601090000000400002003010
300000200029500006006090000008000000503680020002001300900003000000049100000002053
000001304003290706002500010070005060004003000000027090900000200005000008010080000
000000002920500100001608037009003000500700008304900010002401003000007040000000000
070040030000000400403000107000000800000190046000700090007869000000002000009307062
500800090070000600080000000001005240020700000008094050006003009000010075000920010
060000080003001000820703000030006401000205900080070000009000006006002035000000104
000000000820300070019000054090850100600903400070004030300496000000500000002000000
060070008008006030000004050000002017270500000000900200095000146000000080004030005
005090040000002000007460903900000100070000680001020005800030500004850090000000001
100000602009402050000000780004800006200000003060003100010080000007900000602500010
060009000300000407050004201000831000001062000002000806000070050000103700000000028
802050000090800007600000003000006791200004000000095000000008005320000060005030049
000800460000900070650000090000000310240000600000010002800172000900006084700090000
000001000069050000208000004590000002600900050084030000000009710005300080100600005
000070000280000710600001090800020000100006040040300008004050200070600080060030500
840300000900804501006007000400009708020000300000020000000900040050000080000508170
080600000005009076100700020000070054700800090008030000006000700200008000034000510
940000600000002037100003050716400000300010086000000000080750000005200900400000002
000654000000020060700908000250010007000276005000000000840700030005000000090005046
001900030030020000842600100700000062003007000090400300000002580000350000100070000
200400080007205000000000650001002908030000720000006000004000809003700200005004001
010340067306007000705020000004050000020060008000000279000080900000009503000003000
000000300000001460000034001200007000008609004007048020005000002020050003804000700
000001070008730000000020009003800046900000250085010000047906000000042030001000000
090020007060007009000090410200000360000004500040700000900840230000005040300100000
300000927070300060002000010200001000600000039000905000080120300000000400751400000
400000030000008900000109008000500002030604000050090603109400800020050700000006001
700000000000654000001000400230510009008040010000200800000020040007095100003700600
600025001000000802905000000709000300008004905000000026006001008000806070030050000
840300000900804501006007000400009708020000300000020000000900040050000080000508170
008025300000740200000001000040000000900080060070032490700004650025003008000000000
008560000040000073300800000100009200020000900000001046400000320030007601050000400
000120000500000208040070005007000009400007000003000064062000041000603500300091000
035000800009000000004601075002038060000062009000004500070040680000080000060000007
000070100006008030000023070008000040020400006004051002000000894007000060800065000
300020001090000708050001000000002004700930100003008000560000070009400306000070050
000060400001003906005000107000090608030006000008050000050009000000620700040001035
600090000570031200000050007002000350000000000300400860060500000020000010190300580
040800500000750043010040000006090002003008009700020050000000601004000900060003700
001004069000080034009000500050000000300400006060070090190002000006000408008105000
030090600000003120860000000000050300008000007040000060100067409305401000600005000
006003090900600010070080000060000178500200400300000050080709000000030000000048760
000750030000002000000930802050000060309040000006017000874005001200004900000070000
000603000007100005102070004340000700091008050070050000000002000500000003008400920
007014900400070200650000000001400706008000029000050000000200000085003070040090003
000000503200070000001004092315800000708290004000000700000680020090001000002000005
000000094000903500150000007000705901000000080000004300630000000200040058807001060
100050290002098300000400080004000000070000020805743000500000800000006005003002006
600100900030000048007000003000501870000004000004290610090000000002060000010000782
004027000000014000008000700000003100093000005540000087009000400800900026020070090
000009008000300950000060270000003000050700040060800700230006000000000491401070020
000072000401603900002000050689000010000007600000004520008040200900010000103000000
001020003000100960000073000024005610030600002000000090003000070960702004008000000
308000010000109060000840000015000400024300700700000000030007000007000006080295007
039700802050040009080000050005000400000290000014000003140800200073000000000906000
400000805000000762000150040507009000000001000001020400040900080605800000700400100
001000700040609000002408300000005070003000104000900263004090000000502008080000020
030000040008050032700004009807003001000490600600820000015000007000000020000040800
004080050006000908005001006000065001008009002000000300090700080000900007702100040
907000000000003150100890000090008400008200000012000003000100080000502006029060030
400003007010208540000005380000007001200000000709400008063000700000000800000002095
000000080070890050010030607000000100004001098100000060030702000900080270400300000
200006700305090200006030050040000170600000900008003400034005009007400010000000000
700000010205700000000035900000007004002000003430009270006000820000901030009080000
300009040107030000020000050000048000000100000082003006000304020009006870035000010
095017000030000200010000070000000600652091300000503000800004060000200410000830000
004005030300010520000000900002941000005300000010020006000000840036070000000094700
000019000090450010000063402000800920000000000139000000014000005607040000005000307
000701490000205030004080200000062904010000020500000003600000000470003010000600300
030150000050060070002803000000030508000009040010408020020000000000000096605040007
000000090005000308920006001500120409001000200000008500000080000007060800034900020
700050280001200000060000005002900700000000800053070000000500070400000190107002068
900030050000627400070000000530070000000005213062090000600000008007008040050000007
501090802000000000304000010030000400100800200000016950000347000070009000002150000
002040956000030000984000000000086740000500008020009030000000004271000000050000301
049010050003086000000900007000705091000064700000000500020003000800070600300000014
002760003700000050400008102000040080510000004006070020050600238000000000000307000
000000390038100000000920061006590200040286100000000900000800000050400037004000000
740050000020000960000003008080460000500001400900020000002608010600010000003002005
000000360419000007860000504701028000050000090000460000070600000000095103005000000
032800010097000030500004000000075020000360501000000900820600000000000076000001340
268007000000903000000004007000600500050000040900000370000000010040189006020400053
010047000000000450020300009009004306000090710000000005000080000500120670030000520
085000000100400200007020060000000000000082091060700840908007005000010079000530000
008006000001040086020000000000000004700003120080025709003059601000000075900000000
000000009000054600010600200200976000080010400700400030008001000163002004000000500
000053000000780030000106200070000310080060400000000076790030000231000500000090040
030470800001800000000000000060000700085002096000080000040096001350000024100320000
082700015004000800000030006000503002000090000507684000906000040100000500050800000
000530060200060100000000020086050000000604300004100070003001905008005000041700000
000960430000000086400000700070300001050820000010500290003000600020010008809000000
100050290002098300000400080004000000070000020805743000500000800000006005003002006
000000059020000003740052010000001000080060030000780600000037005006200070090506000
600000000000700020003680000094000080005020790000500010840005009030170008100000004
400007800090000020003015690029000006100000003008000470000059000070006000600100300
450700000003000000000900100000200380000000204029104070000306005600000809008400060
057000928300000005000609100000040000008090500000300070003001000002007064070900080
504080009360710500000002008005003000000100040001000076000500080009007000400030050
090800007000000600000071080005000204029000030040306901000060100600500000072040000
042006170010500030950000200130000980000000700000064000090007040200180000700000000
900000000002037900010420005005000000000060078000000231046015007009670000000000080
043100608500690000000000020005000000060420000910087000050000002302000706000009001
000003800010560300060800000400000200002690408000000050000902000008040106300000092
210000050800000004090007000000920085000600000950100407009000760000010008000056300
027000090006030100003040027070163005000000002060950000000008000910000008000310000
000090027058000000000405000040007000000350014000000800010003005270008300005009601
000019060000000507203700010400208000890040600000007800000400009000050000349000001
000000001800600490700005020080040050043700968060000000000054000001000040030890000
005000638000810000300000070000062050000000000070000821009070200400080003060004907
200000400310000000000609000000036009090800070000010260008400510027000080001080040
000050080001000007000704032390480000000370006006005000000500621080940000010000000
092001000500000086400000702000008090009000000000016045050009001003805000006000078
609000000020010400105800070000072318000500200000006000700051002002004000004000009
007012000100000000000400053000020000020009010009704038004005000070600594000800006
600003009000000200980000500002090007009100050400008906000070004000254000307800000
090070800000800900007002035005030610042700000000005700000000008803504009400000000
093000006000035080014000000050000160000102900270000050002670000006009010000403000
400005000070000000302090007900023480080000001000080009000857640000060000005000103
400070005200000001800900040003020800080060000790000460024008050000700200900004000
003080040020400000604000000030006059400000000270130000005008904000500087000710000
060004005000109002000000070000000006050020000070315094300700400190040007002800000
010000040009008500036051000000200003093000052040007910070000000000064007008000020
000620000500048100040000070060001002002070003010000700003800050000002090000753200
000090000010038000000000028000500412000000060860004005092000041086970000000003006
000900000000060051930000068060000000005407080700009000050000706040070000107020039
300009040107030000020000050000048000000100000082003006000304020009006870035000010
001900000200010080607000002534008000000700001000004095000080150700040600902000000
030000086500000000010602000000809020809200001000073000008050040000308000200100037
780006400500900080060400500600000004000042000300000000800300025906500703000000009
080900005020580070003701009000100000000005300000038000006000000900800027450320000
100000007090200000006080500007004000000000040054003009000500008610300020209100350
001007006000040350003000079000090007040052800000308000200100000094000000500003068
100600000000080100050009063500007000000093000008050024001008000209700000040030207
000080154800004000000906000050000000004007698028000001000000000500060900006410230
000040006030500801000003000000000060000258000040000100028039540001720009700000600
600100000030000060000000018005031009040780100000900040000060050070090000089500037
800002493000004205000060008070000009006008000340090002051000000000180000000900570
006100005070042030104000000007030620000000000008060000601905004000004001500700008
000850120030000000000000507000900004004060000702000000400196050008005700500040690
035900076000803000000070050059037000000080500001096000006000410010000003000000802
000501009061030000004000205000000002800056301006000750010083000020000070000015000
000040620007900000000302000920080530000600900700003000300000850060200040805000090
000103408406000005050000300900705010000819000003000000100080000000000207090207030
400000300001003002089024000000067030600100800050000209000075003000300590000000070
900000070008000000060102095000600500000310480004090100005030008809000000003065000
068304790049000000010006000007005000000900020000080006090030002406002000001000074
000090501070006900200700000007000024008009030002010006000605000000008600300940080
041000007070080020000000105000001036000000090086070000592014000008006902000008000
009000400453000906000000010000040000800050000005120003004500100020910008086000700
080020030000000070000801900000306480050000000000084200520000300000040001039072800
000100040003005190007008206074050310000000000050206000000910020200000870000000004
003200009000001000007065000030900800006802050102030007000004001000150000000003708
000108005210030009000000030060920001000860304000000060000000070300070400120005008
200000450504300000000000890700000300340001020000006010075069100400507000600000000
000208005600007900020900080060300000000009002087010050000034060070000000005000739
040000005900001000002070000000409001600100003000730080000008092003042008800000410
700010009000002308000000410025600000004970000006004000000058090000069250100030000
000000060007003080080090015000007809200006000090200000009002000001050607706100030
800601000600700005000043200701000400030900007080160020002000000005036900000000040
004000008000082076000005204000809000010240960000000705009010500000008010730000000
000000040300060001000008067000926000005000400100030000003001705020009100400072090
400700000000090243050000900601008074000050600000000000805000012009000708030001005
060032000070080000840900052006097004000800000000600030080500060400000209000003007
000194000000000708205008000036500200090000007000061050020005900000900005008003004
000095307006000010000010090004050000180700500030000000008000200010430980020070004
002004079000300000060008051000003000070000006605100790000940018010000500000050020
007000010000320006060900280000001620000600000040580000005890000900005703026000000
000000302006000150008200000740000260000030000000601007160004000400509600900070004
007300200000504380000010009500700000100006703003000002030905008008000406090000000
000300920640200030003001008010070000000003540058060200000000800000900410000005070
080091250004000700090008006000120000000070000801005920000304087000000300600500000
205000400070400001100037000004200907000005032001009004000100700090020000000060050
000100090000200835002005074000008009070306000001070000064000000000430007050000208
004003700000014059050000406507000000000930601000800030402000000010008000680000020
053100670000096000004050000080400003040700108000080000030000500900000001002800960
000000000360005070090000150070038000000020580000576020004107200800000000030000705
000000500708006000000900600802004000000600003046010087000000891050002000007430050
000000060000900072080060500900002000000000030560800000700510029000207003150300008
003000000020700000970826000000402095100090007000080160000103700000000006065000020
000000400408030060307902000004005020000000190000100608000263700000000000075089000
800900006005004000600080200700260009004500100060000050070306010080020000000071000
400020050000690000020000840001849003000500060052100000170000005004000000000930070
605000027000307081010000040000001463000500010000802000071250000000080000304000000
000000490000100000400006002056004000307000000080270063005000027009001380008009000
794000000500000020000600003002001000000072104109305008000000340000003001050006009
030090000000010786106000000080900032005000100040000950000004200000070060300080014
002040956000030000984000000000086740000500008020009030000000004271000000050000301
500800090070000600080000000001005240020700000008094050006003009000010075000920010
810000069004900100620000407000029500400000000730001000000056002040003000006000900
580006030000000000000000809030000700670010000009028010008030050040600900300079020
000010650060002830000000070010400005300000000070563000000005020108000060930040100
000800002070053080003000509000001000710080004006005000000012005340090000600000407
701000400400910000050800001280000006070000930000000540500700000000060000109240005
000902000950004010000706905500340000100080000060009040001020006000000200028000004
050008010000001706060094000400600001015007200002000008009210000000000300000040069
000010980000804000042000000300000060007053002009600070000002716000040000530076000
100500000000004003300006084009803070000070800001905000475009000000008250000000300
409062000000040080000710050010509060000070000200400075001000700003050900080000003
006010040020000000090402000300007050008000704000395001000004000001056009600030800
000018000000006000000340976050001000000900003067030210000000695804000002000200080
006100005070042030104000000007030620000000000008060000601905004000004001500700008
590800000000000063200060050079200000300000004005000000020401300000002019008607002
706000003000900800032000004008300001000705300050048200040001008090060000003009000
005200000400300700600000010800020100040800500000095000083040070090006080500902000
000205070005009003090000500050810090000706108100000306000000060800000020600002009
000000012009103000007000680090000360000400050002080004000000830078006005420010000
000602030005040006700080009400000000360000000007090603002008097100000000000970024
000000083000105400067040020006000000300802900400600230000000000004001006030900708
000000306000100792070900000020005030709000010001000600090040000406001900003006800
409008010007600005000300080870000006010702500000000020900003000008014000003000970
000050720008000034000300500007000910002087000053600800070910000000004600000002070
020060800000085170000400009200000004040007560030900200053000000070010095600000000
070003090000054003004100600000905107080007000000000008300009004000006500208040030
000000009000054600010600200200976000080010400700400030008001000163002004000000500
500000040000200300008074090070008901005001002910000000000000030003590004082003000
004000087080007000000005400000800030309700001007003045520000109001000000900002070
050630049000000100400000000030850790000403060000000510892005600060000000000010002
041003600080400920090000018074020000000300060003150000000070000600000082900000030
820060000760000200050000001000030400040100096006540703000000032100000050009600000
000000409408090000700006000502104700030800000000020000040010006070000010026700305
000860005203071400000000100007000200402000580000000090010930700000008051075000000
057800000100000600009700100000050090000100302600008000900003706710000930200000004
092000005040900010000002000003010760007000094000004500000500170079000000100800039
070096030000001206080000010092080000001007090000000703000405600000000000604008501
230000000500006000400010020000800090000000503060003010040020130070109600320000800
900010500410000000068030000000020004040500009050407106005000980003000200000200005
007000030090000500600102400360000098080004007500060002000000000905018000003970000
105036004000000000860050020000008005004300006000760009000000040009002538000010900
160020000000000300000300500000810420000002701700000000049008005200090080600050140
000040800002070964000001070000006300004000000069002000000090607708500003090100080
000748001040000300200000005000456070026093000008000000004200600002009007900030000
000000000002004091000100000200000074070560008010000500063040000500380720009070040
000007000000600014500040000002003100070006093000429000007830402800000050000010700
040000000000017000000600503030070002079005010000901300002000008004090700008300904
070092000000060002204003000000001053000020090013000000045070900100000000398050006
005700000000098000000130007056010090000683000400000008030200540009000076000050001
000020301000870009063500000084200000000000710700050000026030080510000003000000906
900600080000385100000010005000000006000020400675008020008901060002000500010000007
500000003010000009900070500200450081007000652000000000000529000008001230100007000
020000309000004200300008074000060040076005000095400000700010000000006008089027000
100600850020504010000008000006005000001490070275000400400000000080000023000007009
008007000420500900700020000004000102500000000000900374030008629000009030006000400
000000178090020000803017000000000200001972000560000300010090006000400000050700980
000009000300005700000000090000020010070000805000804600200096000003040079059080301
750006200000002000030900000000000030009030608000001420000060010005007000120500964
500019000000000007000280160000000000954000016600000002280050300009704000000028009
059740200000003000006000080000600000000100070001470050800000600060000034704500018
013000000000080094000070500000450000000000005002100080701340002300012607600000300
009600500050020000000700000000008150500067800007001400030010004020000080900053002
500007200700100000000042503090000040000000895014000600070904000000050026000601000
000000007060084005000005069200000700090308016005070080003000000102030040080000200
040000080209057001670000005000100004001600050000090200060001003000300800800002007
400005000070000000302090007900023480080000001000080009000857640000060000005000103
060000000300004700040010059800000470200690000030048000000000800090005620000100390
020005690010080003000400000800060000003290708000003009000004106300000000004352000
690300000002057000103000706900005080000000904500000002010400000004003800700206000
070000060401000500000000900090400780700800000020006003004082000800010302510040000
000059010005080600104000800073008000000900004406000000020094700700203100000000500
000000400001600302805000070000900703400020608090180000200000001003506020000800000
900004000086007000002000050000000003500490001400008070000802410000500790050006020
000030150000006390025000006570040000008609040000000500000000000009020638400091000
490061002000000000000209080000907608500000020800600001000000000000300240006105730
409200000002500030000040120030000069004001000000400050070060000000100800501390007
008000000095000600060001908000000109002300840000000035204007000050008000000403061
000060235000000900009001070400809600000000000201005000004000800010236004900040500
709200010200001800040000007000002900006009178000805000070010300160000000000500020
035001804000784000000009200496050070050000000000608503007000000600000300000920000
802000400040200603000400900050012000000805000090000072000040090020306804010000000
000600070013007090000300008000004006005086034000000700090800200070100080500090100
000090027058000000000405000040007000000350014000000800010003005270008300005009601
000027036200004050010003000008000090402608000050300800000000005000000948065000700
000504000500800091000000000058300000004000086190070030030100000000080002001947060
800503000059000020100000400000064015900000000080001090000600080001000039020700506
003000900004070005000820003050360000000580004067004000000000700028030000005102009
001902006000040000500000030950080000040000002000064790070090060200000051800603000
000000030406000005000040000058000170907005060300800002000006014000090080000423700
100000030000750009000008070500040000030270014000100600083000061940010008200000000
000070010090280500000000080008024000070031092000500006703000000040017000250000900
170030000000800300000020067239000100056041000000000000000290080001005009500008700
702036000040500602000001000000000010430000906005000000090003800200080701000260300
300600050600057094000100030004000070098000000060800200040003001000560003005000080
000043000000100004170000030000000000267008000098700020000600003800004500300050247
000004000600000403090001806008020900050000060000900100010000600040007050082045070
370000910000096070000200004040600000500400180809000000480105030000020000700000008
010000000060500490000600032000153000000004300200000000004006709103400650800900000
080000500700000900290405800000070400028030007000109000304000201000800005007001000
000030010000009302001000008590006200003010806006020040030090000070500090020000004
000070051008000000006010040000000400000932005807005009603050700900600103000200000
000950800002030000007000000930045006400000059020300000000000160601509004000100008
000000008029600040801000200610000300000002071090700600000400000000098003308206000
090000020000100006000025000020030500000040300040080002104008070900003050307000160
000506014000380000001400080580000700000007042000009300004000506030008090100000400
040000026073000400002060005000080000500001000000003090400037200080050010207900050
000274005050006009001000600500900102008020007000001000010340020020005000000000340
001800050040000320000403007052078006703600000000000010000009001090040800600050000
014070806000003100050004000700040005600008270080000000020096000007000000008207004
009080000300000600760000000030600007400530060000004800080400100502000090010000254
030052000000600000005003700300010200760800050000000409020400060070005800000907003
003000000010072004290006000000040006000010040000695000600003012708100050002000080
004205000620008090100070000000006008007580030000000104060000200030000040080194000
000000610058009002000703040000080100670300080002000900200008000000430000300507400
060010000403700008520640000002000000009438005000006300004301200000200000005070000
050000000300600004000085009002004000061700030000820007020000000106000073090003068
000395200093000007000001000000020476000080010007000050900057000400200009001006800
004000020000000000000009801000700013000600485010095000500008032062050000090030070
060900000000006100740030006007610000090024053006000000000000420002001807000090030
200000004004003060005600072190000008070000200000001000080096000900105306000200050
000000004030009200810200600000800700500000020600070000970056800005000340083001000
030000007050060000600704300007100038009007100100900000002400600000308050000016000
060003010000290070800005000000020001100400957005800302009081500006000009000000000
300006010600801004400070003080000670003009005009000040000050000050000120040080006
050000709000105200100000000007060302000007080000450900082000004600040000000023076
002005009610000000094000001000580700020000000800076192000400008000003570060000400
200600500001000900570000000006020090904000071000070008000000483000230006400016000
040723000000006000008000570000050920002009010001060000900007008000005002004000369
400000700060700039000090104300007000000000350000008006640320890200000000570000001
500029008010005040029006000000000904760000350004000002050201000008600400000000007
090000000000000301001640800000000400040510083000004506200030008500070090710002000
000004060000090000030007940049003600008000001000000870001060000364008500020300090
003601000005000070004008102000000700092003400080010209000580090000000600040007005
050004010300600700007000058000400135000002400000703000800000200063020000040001300
000600070839050400700000009070004206001000040204800000400000810000210000000409000
207000408080030670000000093001000000700805000040003009000500006094060002000400007
000009500000038002070100000000603058000000020003400601801002704500000180000070000
020900400080002095005000020040000000003040060006009000859300700600000501007600000
008005400000400180700900000006070050000000001000090308907003062000217040004000000
010020008000090041060004500097000280000400010004800076000000000025106000000057000
000060002000379000009004000300608010002000090508100020000086500051400070007000000
000003001000007890000010400600000230007602080003090100740008000000050007050409000
807205000000003000090001078500000000020500900013000004060000241400000035000020600
020090080360200050080000000000510009000600040032080600000075020000000090703060005
001030400080007190700000028030040072000501000060000040304000010008096000200000000
000500608060000000000096057007000004000805000900103820600400090782000000000700300
400060078900000004000003500009650030000800005007920000060390000020000100000070240
000006000007080090080000350100600004050000000000040823008964100300000045090300000
007500010000300000010068007000007034908005000020900000000004100060020403080000069
400300000000002040000105206000200400000007052008000003094010000010000890082003070
000020006000900030730008005005000710008005000900000000204000008160800004080009607
010000904000080060000205000000000000050020030003078520500000309800007100000801205
040800090650000070009010403020000000000500021000309000800030000000240600090067800
500000000890000040700050620600001300007400009000000250002000000180026000900108700
000000060000102900700000501004915800005040109080000007000003200000600008450007000
060090000130700950000003000090000080002350601000060500000520090070406100004000000
080205190000001700000000230000000810200090000000006000093080000600500007017300086
000000009700650008001000045020004000806003200000000003104060030009000076030800400
100003094000400605062000010903000000000002700070600000030000080000040050804107003
000000000400057068500401002073000040020000080004060100008600204790010000006000000
000005080008000502020600403000020810070409300002070000009000008000054000000008690
005902000000005200000800059004060027003080000000000943060200010700004000059000700
004002900008005700000036080700004000000100200150300000200400007000060800300080501
000010004000000750000703906409006123036000009000080000860900040020000000000054000
000900030000043067000000001093001058000430000100028000208060190000000600000007004
000000500000009610006230480000000041090060050000307260201800000000940000050000070
000004030009320000002005060800016040100070009090500000580000400004000820070030000
000300010705460090006000700000070030060000040200100507000020000000001300070090165
080000900000930004006080001000000062037008000002006570000207015049000000000010006
000608000030010064071000008000067590000200000000409000800000430020005016090000007
008504702000000000006000410103000000600000040070300590000059000002830070007060030
196080000000003002082000700001000058007000300000096000500062830000070000000009670
030000021000000006800030500027005000600200750050001000006100804004800090100090000
030000010976005002000006030003000006020000000001800470097020000004057090000010008
000001200067000000090075080020030100050700000084002309000890020400000600000010005
097000003000006097000900640400060030020057000500040000004000129002700500000080000
700020043040067090900000500000100408000000317000006000000040006405270030080000000
000070010090280500000000080008024000070031092000500006703000000040017000250000900
000042000700000020950010080030600000000500001200300760010050208008030000324000000
100000000057003000040210600000400876002000045070000030803000009001000000000905063
000400000000010002007020106009004003000530080040201007002007090905000000030000064
000002000500000040084070000000750100000001007200006009093000705002300600050090021
800000200403800000700020600000400000562100000000000905008070410030000097000003502
000000090006000800053000102005600007000070041460002000010004080002130006600080000
200010007530006100001000008000020030620093000004005010000207000400000800000830090
800000003400500002010276000023600040060007000008020000000069170000000900000010028
000000020000000903906100008360500009007000000021000580080004052070060000003010700
000274005050006009001000600500900102008020007000001000010340020020005000000000340
005000000000970851700000000003040500980600700060800400800590000020031000000008070
309000000000000058000601300000059040000000200704320000070200094001036000062040000
200000000001000090093000064000004000006801000004639200000300040600720019000008005
000803002100005004040070035000000043005100900026000000300060289000000000007000306
000270600503810000000900050020091004080000000000000107000430090032000001890000500
002004750600001000000700012004005000009080005000006000040000200000003001030168049
009100750000900000001005300000000080400030900008020076010408600050200000070000820
600009000000403000050020008070210500000005004000000870006000900000600140200398005
004050000230001004508600030000000906020040007017800050000000000000003089000209700
300000000008004013000050294070000802000070400000408000030005000087200060504090000
040025000010400000009000000090600400003000000200507810600002008005910002000708050
000300008807002090500076000006008003704000509000500200000000100400003000010600870
000503200006000090008001005040908020005070000060302000030000752000800300010000400
008010005000500070000900200030060908000004500402000001006050700501000600270800000
000348010000001403000029000680090300400000000002010045000003070020700060501000000
000004009000920005704000000000642000000001052100000896010000300006207008009080000
000058000000001607001000358060500900090000003300006000650000700000002005048090020
000000890100900000000000406000003005035010768047050900080400003001035000070000000
000600000000200900260509403500000000080073010907008302050020180300000000004000000
020340850700000603000000040304000012000020000510400000008060000607050000200000790
000530100001000008400000530040060309206050000000204010030000850000000007098000400
950107000006200000200800003003009004410000900007000000780005000000000062000920085
103000070400000090090204800005010700000002061007960004068000000900000000000037006
795010020000000104000870000000002530000000006046008000020000005000080040080047092
004079000007000204000300050000000006090000583010650002009500807000062000008001000
400000000080670000052004000601030800500007019007100002009000087000009006000300004
060800400000036001000005080006000007500100200000007105028410700370209000000000000
000600001900000050070000400010002000540000300209080740400060070000009005800013020
000100200000026003201000000098300010036000004400090000300005000000730809000062700
800000000500020900093400702020070000010004000070260004000006000001900500080100609
080450020060009000000600070400000103000000000105020006009070005000900860250040090
001000000860100409004000056000000000580000030002300061700095000000003008009802600
026040085040300000000010020000701000004050060008006030080002090200009000061000007
030402800002900050706500400000000000500080036079000000004001029900000005600000004
090052030053008200000400007005000063070000000000206000040000008016700002800300040
005009007002001065030000010000000008070800050020000900000040096090200480300600700
080302000400600003009040000030050004000801206700003090060700089000009000000080100
020009006300006400600870100010000000080500000700000054500208003000740600040050000
000000904406000700000052006000140003800700000032000000080001000904060300270890000
009000150060000080000004000400705200000409001070032000000501006002060043000200800
000040005003807000002000710000019070090560080000000400030000001070001903400008050
070200000000108002040090005000400697000007000000030028000500180001600500805003000
000005038027000040000310070150020903004600000000090000710008000006002801000030000
100300090007002400025009003001000000050006008800090620000000500000040080430000206
007000010006300200020000040060500900018200004040069002000054070080000020005600000
209000070000050602000060080001020008000080709004000050080001000100074000590600020
009008060000000930002900105000000000001006370908204600060019000400050000000060007
000679100000000067050010800000000010010500038006007090000900000070053940030000005
040870000050100249000000000000003020000480603007000000002008470061000050003005060
090107000000320000800040060000900300040058170200001085000000700000000938000810000
000090700070005030009200650830000004020370060000900020040012000000009000007530000
000000074000090030002060005200005000507310000009700080000001300000654008400008100
000500000700006800081020000010400300095000426000050007802000004070000003003070009
003000050000000124001048000100000600060700000870006093020459000000020000000080970
200100006000900020000007000000003009005408070710200060160890002480000000050060000
000700102860002503005000000090300020020000035170000000000003048002000000340009006
060000020081200009000081007000000042304075000000000000000190504006700013000050600
700000020000016000000900105000230000039000451800001000010300004050070003080504000
800000170409002000037000000004000060000005380900070000000147008056080210000050000
002009041300000090000000520008005600007900030060001080506700000020080700000040002
050060000000004830000093001700600000019002470600000000090000080400308050007000240
004500020030068000790020000006005310000010060100009007000000459800400000000000802
000005039034700010000100002002009605009400000060000084000000000001082003305000090
079000602005060710002800000400008560000050400000609030000000000000087020803500000
000001083700000600506040070000400061301900027000000400080000030209003000000060200
000007010020430090009000000000060200008000501076005040000506000530910600000004008
003000500000000070150604203600050900400080002000071045000000000036000009000203004
802001007000400000509700400010000380200004090406070000000000600000050000050003928
010000004000050800009800351000900000305001700000080542430000000000204000000007016
040005009057000061030010008000100000000009003002300170000000007000002600390060084
000004050050000089009100004784000002000401000602000000000630890803500047000000000
000190006000000400040700080000405000090083000100070000069000034038020709050000800
004002000600045000003800604005208300000900420000000906100000000200570060008000007
000300594000000070000060008030040052002680047070000006000000000005201030800004005
200000043000700005000000960000065000000209410010000057040000070061307009005080000
580600000000907060900000530002000000060000000800124090003700008000263100001000040
005060000000020000210070050502003100080000400006000093700506300000980004000007200
006300009010007000700061000030006852000004000200800007000003000400008200500070061
020375000000010876001000005000000319010207000000050000003006100070080000800003040
006500900059008000004010007000003520000204100100000000600050000040320801087000000
007000009000672100000000540080300402005006010003014000002000000000100080901050700
000903000000040002100000037040000000020075008806000000000381000004009021090024050
000800000000001375062030100006000000000007040081649000003000020600470090020000007
050000200008207004300001905000005100105080000000000073000019000500702009030004000
000040800002070964000001070000006300004000000069002000000090607708500003090100080
060800000509037060800000000006005100007009500090070600000906350000000012000054000
000760103000009684000008000000540800300090000005130027800000000010000256004000000
080090040000006070000048500000000008901004300070100600000300000405070930036010000
008009040100046007507008900003010000000000000000200400001000030006030002205800019
800201003003000040009006000054800009000900030070100204100097050007400000030000000
000800000305200007074590000000900200000008000090005040080000700109000354700060010
000000300004860010250100000009200000500090608080001007008605000300000900706030000
000040600700000005001973000600000200400030050010500004000000972300009000005607080
800002930000600004200030076040000080000200400005908000050000200003700000700180600
300008001000001570000090200800063000000002930090000010051000000080400005906050040
000240706000000008070100000000090600910700402003002000000960000500000000026035107
008090000000041720450003000020000006004000000005700400030080000100200560700006081
010000804060020090200500006050809700000000000690070040703600000000058000000700401
000106000000070060300400790790000600400001002001000050003527900020030800000004000
001090000040300009005006002000010005090002007504003080000100020000709000170080600
000360040030040098600800000000006000159000060004090200025000007070038400000007000
000006700900000002000320100002000007600804000085002930009030001060007040070000600
056093020400006000000000100000050402600700903000004500500000000700902000003600280
780010506000007090030000001040000000002005600000400230400096000060201000809040000
004000020000000000000009801000700013000600485010095000500008032062050000090030070
000090008082360400000500000037600040040000500000000601060000080000900000450807130
060000000050090280100000749012000000003006091000009300007040150800000000030020004
000000004200300000508000700000001600070050010056093020080500003000000260063009080
107000040090600080000004003000030090079000005000790000802160900004000000060087200
000100900000087000000200003070000200000049001300000450000420080030070010092503007
070600000008000100000070008052004001080039060000000940730900010000250000009000605
000050009090020760200063010400081000000000400006500020801002000703000680000000030
000700020005000900000009431000004000010050090250630010003092800082100060000000000
070060040003400250000308001007000609050000300400000000086059000000003002040801000
030006408096400000000001700540080000900000000000002070200007800059030600000010350
000700003000062900004008100190000050080000300006010000700095081000670205000300000
000305021000000600054000000030080000000709002706100009080270000002000003900010057
050700000006040007030005402208000900000000210670000000100000003000980500049310000
001000800000000700600071009030005210000700000014308000003806000800004090900020004
000048000104005006000200040430850001060090007000000500000000000016007900000900814
067308004000050061800600000003004007000000008040000056080090000300705200005006000
100674000050000006000000090690020070000040000508000201040000009000001038060052400
000060003200000900080400100000000075500004000000017608070002800000001302040308090
060000300081020070000016000000000005095700030070000104900600003000802510000007002
000601890081900020006080700000004002020000910500000040000000060000700509002009003
700000089030400000025800006008504097900360001000009020000000000000041705000000040
000006700800001003000050680500000000030000902000300071140000006053009200920400000
060000040002004700450603020000390050006500000020000006005700300000005000007180400
004080050006000908005001006000065001008009002000000300090700080000900007702100040
001780300690040008000900000800000761000007000020000000100025000080630090002800040
094810030000003060000907000002000008065000300700108005000609000030000094000500200
000740180040060000035000070900002040000000007000018090108520900604000000020600000
003040050601000002200900000002060030040008700007000020000005040000090081005070290
057000000000000503100065000960200700200000000005700094001000000092000800703140020
090004003002050108307000000206000409005040000080006000000021680000070000003800005
000048000900500830300000005001830006506007002700090008100000009020000100000004050
100000680000090070203840010750000000008000140030009050000780020000004000000030406
000300080960000000005000149000500002400006073070200000009802000206905000300004000
000800900000004000070010056000540000105006078009008034000380009006000040020000700
