090700003000060500605000400020000000000009048700003901081000000500984000006050004
000200560000705023000001008500010000700008900100060802003000201006000005840000000
008075000003000600090000010600107500000080246800000090010000000000204070004003028
050290040090400605080007000500000001000050003040010000030000000009000107004760039
000030000196504300004009000009082500580000900020000000400007609000000000030001027
000000038070000200008200600000001009810540002007300010402000000100760400009000003
090206030000090001000080020109004003080001704024000050000060500000009000000438000
000008520005091000090300010032700001050600000000010200020030060800000430700060000
000502000200080009007006000800004000010370000095010072100000604000000028060020050
060504000700000003035020804000009000001000520800000097004601009000900700000052000
089004200005000000100082000000300412008700605000010000090000006070035080001060000
000004890030608005100007000000000000007005080000320400870400250090000063020010000
000000080050002040400800207100000060004000905070000002027040059030900600005001000
002005009610000000094000001000580700020000000800076192000400008000003570060000400
049010050003086000000900007000705091000064700000000500020003000800070600300000014
000000150960040007700008004080003000300420900050000010006000000040036009000290070
470600000000300064000050000000000301001080970000907006087000030006000000503708200
020040300509700002004009078000060000076520000000001000100400000050000189000000026
503000006810000002002000070070190560100005000000800090090080000008000003300670020
280054009600002030003107000800000470000020050050040003000000028004000000000900706
007800060001030800050009000102090080080000004095006270009200000000010000000000143
070406050850000010000000730100039006020700001003100000000007892000910000005000000
650020000000908502000000030700300600061740300000500009000000007408007010009600000
006090000000007050850360009040000002000050710000000300970280040081509000000000020
006000008407069300000014607000000003609002704010390000900003000002000006000000050
560700000000308000010002030000090400007006021900000080000000002072060140095001000
508401600000003070000076800009000003002060000380000210000000007203000580400010000
007500900610200000200000003005040076400005000800003150001000462000300000000090700
000000000010020060000046590002704050800030000930000004200000031040001679000060000
004000100000029000000304092070000463001000070200000900600517000100030000800000350
003100006009000200000096008700060040062000005901070000000740000000830972000000050
040000700009008060071005000005020130100000402090000087000030040002060005000007600
000040000500010047800500006230000005005003000090000780020806000340001500000200090
500073020800620003000000000091038700000090300062001000000000008000000196004102000
700420000000071000204360005000940060000010070380000040008002000400000000010000986
000103408406000005050000300900705010000819000003000000100080000000000207090207030
000000300200600805001090020003000002070000000600875000008010050030500174040007000
000100000008930740050087000000008034000059000000600002030000015700000609029000007
050076001700159000002000000307000500900040000100800070006000007000918060000003040
020000309000004200300008074000060040076005000095400000700010000000006008089027000
060007090800602000004010800000080700000900005000030469007000030089071200030000000
030000050000000008004120097600002800500040000007010004010300000000080405000097012
000408090700200000006015000060000350003980470000000002095000080030600900010040000
000400503500000007102060000000020841004080006001000000000048600280001050003000002
500004009406009010000000200080010006000000000009607082000208500067405003800000000
108502600000009000006100300020900004000070060000010870007000005060090028000007010
000000000050019000070026009084000300500604010007080060000070000000402506002001007
060200059809000000073010400000008000050490030000000060030000096001000040600320700
020009006300006400600870100010000000080500000700000054500208003000740600040050000
002608009001050047007000000009000050700000100280000090000216573000900000000030060
000000802000408010000030005000000201805020009607100000090076030200050000061004000
970020000000300857000000000069000705305000080004002100000080260000000043621000000
000002001000530070082607500000000790000100408000006000406000800309000000050090103
800700060006001007000000300000000850708200030005400001009100025320970100000000000
000060500020170000700000030000050000060900825040020706000040903600007140300000000
007006230000000608100050000000000000609070100000963470900000000010200040070508020
000700000000600982090000000000400501400070020000090800002850690308006040005200000
000900260001036070500000000800000000700000150002000690010608320050402800600000000
000746000003000000000800000008000005027000036060200478081090040000603100900000007
501308000060005800090004000004500192008000006030000070000190200000006501000000700
000004510000070069092000000030800000000300107070020800017000000000000281040068070
090000067000000040001875003008090010300704600000030020000000082005203000400007000
030100907008500060000204001000000300070060000000020506003000000705800400092000015
000006030030280051000000400008050067047000300000061200005000089000009000100070003
007200004000006370008109000009001080310008400000040200000500100000000750060004002
510000006000059000000040029000102000000000030080030907075000002100086350300000001
000070091000040020000801030040300050010000040062900007400600005030000000078020010
102000000080103000004000009060800005008000000390200010000960700920570060000020400
650010040000029580000000003800190000000000060000400930938000005000008002010057000
000000800100390060006057010020008000090003001580001620009040050050000400000000070
090206003000078400000000100030107000008604000004080950200000000000003004060005039
705900003000000780000640000300708009000000000500004060000002900280405030010890000
000000740100027086806000300060030010009000000000000402045002090000090000007160005
830000000007001090090070503000690020000030000000800050060000049071900200000500870
072000000000200003000090005050800000003006802000025106090060000704000030020080709
709200010200001800040000007000002900006009178000805000070010300160000000000500020
001004000200006401000000082020100007010900030000047000004328100602000900000050000
000400000603090000000002008050030841030000020010900500000000000805000012049087006
030100800900000040470509000000405200604200318000000000000001070000030400000704002
000800000600070000008090705000200493500080021000910800020030000410000000080006040
014070806000003100050004000700040005600008270080000000020096000007000000008207004
051002004600090500000008900000001760000005008018300000063070000709843000000000000
020000700008009034000082001715000000300040600000500100400001000056304000000000029
000748001040000300200000005000456070026093000008000000004200600002009007900030000
700004009000580701608000400000006043020079000400810000000900207000040080003000000
060000105000790000007006209074010050500600001000200040000007800000005900019000006
030100400095400070600000003000020096006000000000810002000300087810000039000000501
500008620000000085060005407003200000020090001000650002005000000009000100008702300
002700053005300000600005700500000098070000002000084100040010020007003800000098000
004600800900008020000030000031050000040010638000060400006000004820001000005900002
002060000460070000000000032095000073003010508800000000900006000020804061300090000
010000500300000000609100000000000309506070100080020004100004060040056910800003000
000000180805000096000090300900040007500006018600005000000803004007000009020400800
040006000000000300000090600700050038009040005601700000000261800210800400008000007
000790000001000000040050080000800027009003000000020403000040600004907100600501790
350001800060400005100030079000000900504719000000506300700000000010050000002000006
010020700450000300008009000900000004000600283500408070000000000200507800070003090
000058007000000400000000380000001200281000000007006008000300502050070103030090076
201070800460000090080010040000050030030980051000006000004097000500000000090020700
090107000000320000800040060000900300040058170200001085000000700000000938000810000
009000006500400083100000200800007600007580009005004000001000900072000000000920430
530040000400000870000090060008030600004009250002810009000007000000000580980500000
090007021000084007200000600002700000000002010780530096031000000600093000000000800
000000000095403001000520000002070000900208403408000096000001002304000000700030800
200070060040300000106080000000000010705103600020000950000640530900700000030002000
006007500100009004040010000005004906010300080009800017000080000200000009030960000
060090004000350000407000000070080960002100000000076020000035009200407105000800000
005000400100608000087000001040050093060001805200800070000000904000009600000004030
730050000020049000000000002640190050000070003300002108002008001000000006410000800
500400100000001000000206054000000600325000007607000400403800006001902300000000900
080000600000009002004258000150072000006030000000910000003000201070300040460000090
020050407000270300600000010000017000050004030090300600200000009000508000810960000
030000950000059704004002063000000020000004007801000000000106000900807200020500400
010000402006084150000050000060000201000830007090001000000000000070690000031040560
200800740500040008000020063807260005000008400000030000100050900060100000000600300
900000304037000090802000000509000080060072000400005100000009205000201007080000030
090206003000078400000000100030107000008604000004080950200000000000003004060005039
000009052000600000006075100005010000004006030200000894003040000040107060700000040
000000006000001400080026105002000704009080000060400831000009000075010000001030600
540030700000000800800900002080090000030001070000673090020810060400000005000006003
105036004000000000860050020000008005004300006000760009000000040009002538000010900
005000008000704020700000001007000650001579300030800000000090400300060002800000076
001708009809610003004000000000000070078000032000120900000000004950043000006900000
000000600043000508000037042070000000602010807801000009009020700000080003000590000
006000002950040000004801900008730105000000000200000036400200307080005200000000004
600002001010008360000000800705094000090000004100800000000006050000900402030070180
009500010004300000300061000040020009090005000005000007000006000057400301102700080
000009806007010000006428010800007000040000305030004700000076104010800000002000000
430070000090030080000000010701089000003006100900000400200800000806100940000005006
090000600800400010040031005000003000000010520000200380030520400900006007070080000
000000740100027086806000300060030010009000000000000402045002090000090000007160005
008009067400000910300600200000010004001380000050000000800901005090007000004000802
010405000800060009005000603000109005008540200009000070000021000020000900030007050
080000007149000028000010000000379006020000000000005010001500070008002040007800065
000700830008905000004001090080000760300000001670000902000029604000000000001070020
700100920000905400003620001005001003000003080000400200069000070010300004002000000
000703090000805040090000000000100200300000004000000539700000000620040005043682001
500029008010005040029006000000000904760000350004000002050201000008600400000000007
000000900600500000012007460530006090001704006000900080000200000045000000076000503
000007200000008004190000060000000007700020410029000008080735900001040000030000506
000520400000000070030004800000009000070000025001062309000003500900400200100090048
004500030000004105060190000007008000030900200100200700000020000000000583400370006
000900000004060200052040030020000503600080000100006709407301000000000001010420000
002600070050009020000005100006900703005000000200060041000800930060300000108000002
000900700000006054000013900080050200050007000006080003800090040030008005067200000
800005010000000790000760082000090060010807250000200007160080030000000000300004009
800002930000600004200030076040000080000200400005908000050000200003700000700180600
080403000090050000000000020567010030900002005000000001708120600000006052000800400
090502000010800607600000009700004900002000006146000000000015423000030060000000005
860030000001020000020006000300007001000001000000000368004900020500104700910002600
259008000780006000000000900000287600600000290000000014800500000000700130100090020
090000308000608204003100000000000600306020100010080027040900003000270060000000500
004008950500004006060031000005200030930080700700003000000000098000067204000000000
000090100903008000060000005000062050000800360070009800417000090005600200800007000
503700000090080002600005040086004230000073008000009000000007196040000005005000000
030409000709001800020007000000002600000380905000090040006000090005040702000000108
010008600080000031049106008000732000000000000100000009090040010000200000700009356
001300470000070006400089200506000700004000060003004000300005000050010020908030000
020000408004000000000003006700050002400800010810090700000078090000600075600034000
080000200000000004000038060026000809500000003000004050041000000009081740208090100
000006204002700000100005900800000005007610008000000609701400000009080003040200001
040005030017000800200007600000000100000000064081924700000061070039500000000300000
200003079030010060000400002500001000009060045083500020000000900005000000042600003
043001007060000900008006030005030800000020600800000004000000002001502396009040000
003000049010000000290307050100050020002008613030000000000065900000020000000409006
700100920000905400003620001005001003000003080000400200069000070010300004002000000
290506380000002050007340090050200000000030001070005060000000600008000000031907000
000020090070806400000397000046005000200000050001000000502070060060000800090080710
090000017700004009000060802040200003300400020010090000002900600100050000005007008
000400103000000400000020079300500000910060000050070086200009000007210000004600705
420000000000000983001370000352401800000725000000080000000500407009000060070040000
000000030740030000002790600000000080804260090000000002010000003509800720020100050
000000000000405030009020100604080050080000604002009010000000740500090860000207003
300008001000001570000090200800063000000002930090000010051000000080400005906050040
060850000000000452000009010080067090026000000300004107650070008038900000000000000
100070960000000007490000032005047000000000001069002703000600800020000000030201600
090400081000000090603070502350800060010065000000201000400000307700000008000002000
009035002040200061300000000000900000402500670031006040000002000097000000000380050
007002045200900000050000600060700500012040300000600000070000080185004000009073000
064003000008006007507100000030020085000009000000078300000000902000060500005001403
030000005002010000000080900760309480003000000800000000007800090540091000090007056
007004600400529000002000400700005000000700005040008300000800010590007002001600090
000003000020900500005000732510406007000005600008000000100000009002601000780000340
000000009009003860102000050000002000030500000490006000020040006000207090806001705
008010007003000060200640080090700600010020000400000000076290105000006270000300000
000002100006000040700504000200100080100007030900635200000000000080400013000000698
200050000075000900003009000380000060000501003000040080700320000060005037100090008
900806020003007000020000700300680900005000000102049000001050806000000000600102040
002300000400800000080002400000060009950000240307020000030009000000000698108400005
054000001000900460010005090040806000005000600003002000030000080008400710000703002
007000000000060470500008100000300040036000000720050003060400059109072000000036000
005021000092000004000003000068000015040038000000500000000709060100640720000000509
351000000020006000000859000040000007000701948006000021000590803000000000000408010
002500700030007026008200000000000040301080005000010803000100500010043007000070009
907000000000003150100890000090008400008200000012000003000100080000502006029060030
000006000850430000006020030001005970500004000000000400610009005000308000003060081
023060900700000601100007028004900003570000800000000005030040000000500006001080050
000000010005820000000305000010900070000003002870000040300504007608100020000002083
000000107000000000350279000000001200006907300000000008600002080039704005002500004
000000006080000070023600100008020000000500003000070265000300620016904000900008004
000390000000040020000000600004008016057010043100070000030807200090000050005000067
910003002000000500020780000000009006594000000000007200000001604000905080700206010
017480000050000000060900002000000009002073000035009280000000100300210804000006900
000051004841960000900200000000000027000000003029000100003005000080090050490007060
030709000000000001610000735870300020060008050000605400000400670000080000000007200
050000403000000060003210000900000500006840072000090000000520800200601000107900005
600003000800016200030040078400900800007030000020000001040000120000500000090402005
000305021000000600054000000030080000000709002706100009080270000002000003900010057
629000000000023600000800100050046008090001720080250000003000200060000000200400080
003000000010000406000005019040000080300100905005002000000028071030070040007004500
000700104000620390100000000039002000005400000020310006000048005040000000003160007
009000203060040000070020810800006497000007000000500008090058000406700009002000000
060028004020000080504010000000070059800000007009300020000000002000806403106900000
052007003700600004000000000000103570801705060000002800100000000306020000000010280
000045002002080516008000700000000159100060000003020080030000900005010000000003041
900300000015000090020560010082006009700040030009200600000000003000000041890000050
014006300000010800000300050040209005860000000000003090000000000720064900900500067
400009001070051940001030007058000000000016000160800000000080500039000600000700020
000600000000720401705000800000006030002947000100035000007400000094000002050003700
100005003000076000040800500200008100000000067500024090050200800000000070029300600
005100020060000501003005090000490008016002000000000000030706240000040005002803000
009500003000000020300014600090302004000090806000108500900030080068400000070000000
000000904080000500000060080000000000010003869700106400360501002005027000800000090
790000204000000003002000560050204000801000000070900000000006095600520037000091000
050000304009800002000070000400002010093000050001936000100200760000000108004000009
000502000200080009007006000800004000010370000095010072100000604000000028060020050
010503020000800006060000010000000209054008030000146050005000000200300000007000184
031000590700000108002000006000306000057020000009100004006000000000490087000801030
000000080080004002005000700000032406120005090060900000038000540070600009050000007
700059062000200000005370009002000008000008006000000570403005100070090050010800000
000010000061000005300205008908730002000000400000000007005001040000024700190300050
040000200000007090000006010870020004901000028060030100006800041000070050005900000
070304000005002038000096070000000003634000500000200090000070000008401600049000080
080004000020090083710000000000030802000006000007940000300000004004050098902000760
000900076000010290006005000000870000200000003070140000800030065703050900100400000
800503000000709000900000603009000004002000761073100900700800010020005000050000070
900004000068900002007050600000010005040003200390006000000080020004600003006007010
000640000000030608005008040000010000700050301280000090308005000506072000004000200
080007000000008620700000000004900862907000000000504000020010004008703000400002056
000016002090050007300000400706004005000820040400500000530040000670000000000039020
400700000000090243050000900601008074000050600000000000805000012009000708030001005
000008300206000050000090408000000007042070000005000140001030600700600580030005004
500800200790600410006000070020030007040070000000001530000509320800000004001000000
028003000003005080004098500000000000090076305000980060000140700000000004000030091
020000000000804100500090837000607000030000000009000075000040306300009001840500090
050000000004695000000000700010709000000002007030054620060100002005000000809023004
070009502040006000000203006000004001008100000106700008000000800760900004003020009
100300090000910005093200700000006080007000000042500003038000000000680000006020054
006900000803005000150074000500200001000000600080010705000000009027000006060009074
005000400901004600000069000007000983000800000000020000029000801008001506600070020
708030000015980030600050000001002005003090000000400060004708000000006200080000107
050900000006030100100400068030040010000500042800009003000000730020600000009051000
206000849009000030050600000000904005500010260000000000000056023820000000000790400
400070008000390000000500270200009000001007004907000060800000000030800402600032005
508004600001005000000030001000000003007460000096000827000601009000050070040009100
040100063000500070003078009000806700502001030300000010900700020000000006200080000
010509003200060000000007100000000028000000970000950046045000002700216000003040000
000094010500670309000500000080010006000000041090000000003405078002003000704000050
000520000090001023006009508007002000000000600639000007075000030004000000000314900
000000654203004000090100300000902570300800001000060000030070020000003709001000040
480009075000003000009000002200000058003000269000160030001000004004090000060050090
076200010000801000003000000024006070000300000800007004908605007000100089000009003
001020007000900063000003000010060000705800000004007000000710002697042800000008500
000040000000800026072601500000006000053900700600470800000035007080000005000000042
500000090007200406600000008200081000000300900000002030700000180860000003020900054
000010079004600300000009020800050200006070000000460000000000002407800196091500000
360090008000700006000100020702060050500380000009000701400000000000854100000003500
010680030004000060200001000000008504000700000040300900800002097007000050000905086
000000006000000570060973020000040000109060030054102800000010007300024000000800050
700000200000000069020300780000200008090007400080095000040860010000000030230040090
001780300690040008000900000800000761000007000020000000100025000080630090002800040
000006802000004000630080004000900076007000005300200000010003090000502040075001600
000500000130090002000006091091850000000600000800000900700308650000400030054000080
009008050500006804400700006360120000000000000090370010700002100000000060000040930
700010009003000020080609000000007280000000901000000034000400050000071008170950300
093002000000390060005000400000009007000006000078035006034080500000020080109000070
601504200000020000804000001008450063070090000100006000300017050000000010000000027
060000001302079000000100000000000300900084005001605487050000020000018000000000853
090010607200800040080004900009600054000003109005000000570000000000030000003095800
020000080040007160100000095070610020203005700004000008030080000000402000000900070
004875090010000000002000064600001430400000206005200000000008305000740000900000020
500009300200000096000310400900104000005000000003008001004960000000081000100007032
009000000400008003600597000050000700000001958042900100008400020000600809000000004
040700005700000060000520904069007201000080006003000000602000400000350000030008700
006080300302007000000500100000002400000400297000000080003000040000200800608900523
002008037080000029000500000003070010001600200000410903900000600500140080000300000
001807300000010050000035460000003000010000040080026007020070100004600230000000005
000370009500006008000100000009600100406090053037000900000500701100400000000007200
000006000000200300060015870040061700200070000609008040907050002000000010000030007
000041658090000000000300000800000004052009060060020100080007300000003027200400001
000206000900003040512000000200000010050000000001900570080600024000010097400390000
420000000000000983001370000352401800000725000000080000000500407009000060070040000
500300000002040000000059020060200700000007052000005010907000004100060500400700083
000040030060009005000030800050106709071803600200000000507000100080200000600900000
800007000400010060025043000070036004050000027000000900100000530040050070062000000
530006007000000640000000008900067000000030050100200000020651090009040005060080003
000000300000907000036012007100309000040000080008075000000200006000700400403060910
803007000001900003000060045200000000000006009100040250000050092050602038090000000
000005000700109300010300586000000000100050704000403090060070030002000009003060400
020000430670000500000000006000764020000000001007301080000008300900100008006200095
076200010000801000003000000024006070000300000800007004908605007000100089000009003
000100700040000000906000840072000600084260300000300400700053100000081000000007005
007000009000672100000000540080300402005006010003014000002000000000100080901050700
062100350400000800000000090045070000000006030003001007030900400010500000009200680
090010400008600500100400020007001008000030100000000007700040810500006000001053009
006003090900600010070080000060000178500200400300000050080709000000030000000048760
000080000009700500300109000080000000040003009500976080007000605010092003000400200
090250000208100000000000008000401630020090000001075000070000046000603500103000009
000006050000100080030978060156007000002630000700010000200000900000004020500080400
000000503200070000001004092315800000708290004000000700000680020090001000002000005
000000000501000029090084730008603000030057000000090010000000050980040600065000003
007305006006800902100000500008090100000000073002503000000006009000080600020007001
000054800005008060001720000000010300304000000219000084920000001000000005600000470
000000000000405030009020100604080050080000604002009010000000740500090860000207003
009008060000000930002900105000000000001006370908204600060019000400050000000060007
008004090001090720000700000070000000029065000000900006100000800030000570005620109
000758100008100007400000300502000030000000006060901000070010090800670004004300000
003026050000078000080503092000700000095100000070000460000000681430000200009000000
010008000008090270000000015005000002000831000906050000000014700020006500300005004
003060020000000053060001400501090000000008000000705900040030060005020180006000047
200400000000039000000000600000000508070008012021004300300000785004006000050010406
000000000002004091000100000200000074070560008010000500063040000500380720009070040
080000000000000400000000652000009006427300109030000720001040000004900067700805000
000076190060000083000000057000408070605000020900030000001004000700009000230000015
100706000000000896040000000000000003608400000002010580004000958000087040090020010
000003040040800000206004078870000010503709600000000020700000000050000203010065000
000209000000004030000760001010000008008003047070010950007600500090008000005000403
000207000700349102000001600385000000000000004020050000030000090400008070090002308
000000627000870039000050000640009000007648000000700000071030002405000800003000010
005430600009007000420000000000000070040000100208019005780905003030600800000000004
695000004100000000400500800200014053000239001000000000000420000073800000900003070
024060070005003010070000325030580000000427000000000000600000907080006100200000030
700000000000045070080060301000000000050030008010720500920006000003010450008003090
007408005401020009000090800006000400000700002902801000100054090050000300040000000
508010600070000010006000593050403007400000102000000000804900036060000000003040000
500007900170006403000004000001800000080000015600000020208700000003405100040000070
000800003060007900501090700900000308000950004000320006003000000000100400047006800
005000000004000006910580000003000702260090800007000000029450100050701000000020003
100200000046000000008070000000800020000107400400005078020001000050604007700090130
000507040906020007050090000003000010508000076620008000000100029069080000000000300
800006930001000000030087000500000209700250000940000601020070003100000000000490008
840500003200000510000900002306007020000013800500600000000100700007090000080070050
005102480060008700000009000070020500010680002000005000001090020000300106009070000
024060070005003010070000325030580000000427000000000000600000907080006100200000030
003070000090050860200300000802530000000007000010896000004001780006020309000000000
080900002200000000000000610000050000040200308001007000503420070070309800062000900
000000041004200950790000600080007309000300010070500020000086000100950000800001000
030000200008050400000870000080020960009060005000500040090300000502407000700080600
765000000040000000000000716030000609600400003107605008000040200000753080000000005
100904000003002870005070900000200046057400000600000000402008009000600018000000002
600000023000007009000008400000384002005700000000100807093000010006090075080200000
705009300000001070000004921940020030000000050006000002200060000009100003060500008
500008620000000085060005407003200000020090001000650002005000000009000100008702300
004079000007000204000300050000000006090000583010650002009500807000062000008001000
009041800037050009600000300000600000914000006002000080000000008100003000300809021
700500230009800600008070000065000000000080050040000907007000065000340080200100003
000000700041000000800420000317000090004700020000500000050000032008094070100630004
000000000300507809704006502005100007000042900002000006006958000000060080000003000
000900076000010290006005000000870000200000003070140000800030065703050900100400000
000900000000060051930000068060000000005407080700009000050000706040070000107020039
740910006000000000090000003009800532001539000000002000050040000000200300070003850
004009000008100025200000006300005000040000702700280650060400000000050100001072000
300007040000000103000003006010970000802006307000000060900010000000050482780200000
005102480060008700000009000070020500010680002000005000001090020000300106009070000
708000006036000070009000200000700390800900000007006012010000028002408000000003005
000000000004600020003010400000000860020004013000060700750200008200308005030140000
000107000000025000005090040070000002800600900100030084007860100008700020000002050
940000000060009030000006710790000000408091020005020080800500300000000400100708000
980000300500098200000420000007600002000007000100000870305000000000900040064085030
000103408406000005050000300900705010000819000003000000100080000000000207090207030
003200040605000000010000003700900010000103607004057000090010000200000368500080000
008006000000500000063090084000030000800219000700040500000003002070000093016020005
090800007000000600000071080005000204029000030040306901000060100600500000072040000
900803006000070082002000700000080000600037021007001300400000600060100940050000000
006000000500768000070010040300600002000001000005090008048000030060007410000904800
000830009090010067000060120680000000720000043301000000000406000030090000060002005
012003000000001790900700000040500080000060005000000600060007014000006900009084230
009000080500000640020050700600037000000020150010085000800000061900070300030040000
860040000000035009000600071042009600000000000008000032283000000006170050007000004
602030079180497000000020000000806020004000790000000000040000900800200005900000360
050000003700380000600000107000600000008001090010428000030090400502000700490000002
001000003070800640000009058010050060000000007240010000726003000000904500500020000
090206030000090001000080020109004003080001704024000050000060500000009000000438000
000000000274510000510000040000800009026000037740009020100060000030050000000008093
020037060907804000000000400301000050000900000500000002000001700400079123000006004
790000002000500800200080010400002300000005600000070908902046000003000200040050007
000000780080000100604018200100030000040701000003590000900400020000600500000027800
070000601206090040000005900608007405000000030019003000090502000050600080007000000
056000040100003000700500098000000050025040973000600000000000000092308000008900407
049160000007000000680970000001005007000000105000340080200050001008000276000090000
040090701000000030000300902200007000006000000070030004910200408320080000500900100
000701490000205030004080200000062904010000020500000003600000000470003010000600300
057900002000500906400001000000700000008040100003082004000000000070236040904000300
000800004000000250920500100000050060680090400003200800000003910800061000071000000
004079000007000204000300050000000006090000583010650002009500807000062000008001000
000047908030000010080090060001700000000005030002900100000500800500036700400002600
080000260300010000062500049003000000000000700000421000008005006920030000000089072
039600000000089000000000580000074005001000030050300000008007620700000094204010300
200030000800000500100004903000050024000491000000060000030080061020000070987006000
400600003002078005000030000001000000004002030800000750509007008600501090070200000
000801050190360000000000000400507003000000090912000004070000630000000002603000985
200000000080301902000080000305000000490000073600007000000900000020745009040060081
008020700007805400000000000000400301014008000020750080090000017706002800000009000
004020780000000006010940000000002840040000037300000190008000070290800000000070950
004000012600200048000106000300002000000600090070350020000804700090060000105000009
000020000005167000800400000000052370300700060010304000040000800009018005060000020
080050004004000090005000360060010000000408900020007406316900005000000700000502000
050740100700009002000105008000056000060070005009800370340000060000000907000000080
000003570001064000800020000010000700700090030090000000002486000003007020560002100
000000007002817003000900002000091050640050089000000030860204000050600000020000070
071090600080400250005006000020000030040500009000000800000001000700059000009064508
000002000580009020000000105905040000600100490001000308200000840000090006300500700
000007080800056400060010007003500600700000000900000501400008010000005063002070009
080003004060700900000060000400890003000000050639001200070100000012080090005000100
803007000001900003000060045200000000000006009100040250000050092050602038090000000
080000000003005087050014000200097000000300050100008700000600805007900230001080000
007006004000240056000000030003000010009802000802160000006030000000071093000004800
007910032009006000000000807090007100010030080200008700000003000000051900680000020
080000000000000400000000652000009006427300109030000720001040000004900067700805000
001007008000306100040820930807000000025000000000600070004902005030000001100400000
020030040700000060900500208051000000207809100000000000000200006000904530009007400
000000000000000913000961070000006005070000180400705020000000000756800040204003001
002000000300100000500000009780000200000800605000360090230009870004000500060201040
080000100006009482709000600800000065000610090000000000370800000100400000002503700
000500300090000000070106502000000006000080035024900010000700000000340028007021600
009005004060090050000073080000500008000900006042001000600000031217400000900008000
063000900000209000480050003000080000094070068030000007005000004900000031020001070
000326000500100000010070020000008000609200008020050040050000084900000576100004000
000100065007083000094005000102000098030000000000000200000064007300007002400098030
000050100006000090000708003500300800000001046060507000190000420000000089205000070
000000009103000804000054070040920060730001000000070408070009000810000000000008026
001400000040060080608020000200006800000004703030095600010000020006030001400900000
094000000702605001000008400600000000009703080000001950000090300200830100070006000
100600420000047300007009000000050001000000082000080790850000200730090000006008003
360000490010080000000000700000000000045300670000092030230000006094150020051000000
007001000000050062000390080500700000031020600700009020020000850600030470000008000
003050000000879500090001600000507000020000007830920000100000064060002000080100700
000092058002000009000063400008001000045000023000000000000007300900050010500186090
800200905070900206000046000080050004000310600001000809104703000000000000092000000
400000310763000000002000009000000050100600070037000001820003040005200800600090100
000000085013507060009000400900300810058201004000700000000900000005008902004000000
040000030001078000000054000012000803009500040003060509060900000008002000000015900
000056092000000007500904000142000003003000000690000010000800350000020100700109400
620050070000030000300400160040108600080002005009000007005060020067000030000080000
700010003300007604004600000000300002513000070900000500000045000050720000080060001
095070080000000129080004000809000000050607010160090000402000300000003051000008000
000000107000000000350279000000001200006907300000000008600002080039704005002500004
000000700001008000460109025090504000000900100708020030902000010000300040000000670
470000360052700000001090070000010006005030040100570000019020000006000050700000003
050080403000000010030006500600030000005204100900008004004057000308000000000010706
000000060000090000000004293001000004050230009900078000030500086700003500500710000
000300008807002090500076000006008003704000509000500200000000100400003000010600870
800092000610300700032700400000000350000805006090001000407006009000000600001000002
069000420020000008000074300000800150010002009045030000050060072000000000002005001
200009041001005080400000206100000058000060070800030000500390060090000000002107000
300018050010040000600900200006000030000004100080057009800000004075030001000009007
000100004000028106600040079009070000002005000000000057726000000300012000010006005
060014090005060100020700008000000002108900305000030010009100053000600020080000000
000600019040000700051007000100005000700183000685200090800001000000000003000000925
300048090070000002800500004020860000100000040059000001001680000006090020000002030
000000010000360000409002050102000830006003004000070002200050000500200040087004060
000300594000000070000060008030040052002680047070000006000000000005201030800004005
040039006050001000800600500405000700000300004000010900001700000607000038000823000
620080090000003000050009000000020000040005300090000648009051006080000723006000005
009000340000200700081000509000000000005701006092006000000408000004010030006907004
003000006000805300012000050040008000020053040001000790037002010006000070050600000
400700005030200000700000390000608000009050076000030000000000400090010008014080263
000900801006000000200700500700108060800370000040600100350090607000050002000003000
020008000000000860000200307003400005062050030000006040007060200009800100280500000
000501040006007009100004800000205000043090508000000000870040010600000430030000005
000000040000800300600002900006200008040000607700040030050008701071400060000003090
001200009200305000000040750000000008030000000000400260002670840670030000008100007
000000050000980200040600031000400700080070002000500810002006100090040000600210003
000400057046000009005002003080006000100000000067500200000060000000021794008007100
005010406039008700001040080008006900000030000020000008000001090000500301080400020
000408700007000806010200003906000500050000009000007002040009000008000100690005407
400028703100500080000760000000900000000005001540000002950001070000004006080000130
000000010000005900020000430090016000105000860360507000000401000008030000010090043
000040870021008000904230060000020000000001090070006005619000038300000200000000900
000097800000502001005060200001040023930000005000050010002001004050000070600080000
030000900000500000590063000000600350200081009003002700000830040005049800000000600
083000006000000900010420700394100005000000007000060300008300259002001000500000600
000900700800300060050000940420010800090003000100200007004000200006800000300006091
900003000800000900000040135208001054007200000000300701052000300000630000080000009
200043057000960200000000000300000700010050009008000000020700068430008000000025410
002600400609100200130009000800900006000000309000480002300020005005007000000060030
004000000060030217007800096090020700003180000800000000040000800000700005000516900
000610090000000000092070000000040081600000320000508700014023600000000800306005040
000068501500000903000040000005000010000901000030052800090000000100206008007004605
205000000004601020010000057000070000070019003800000500000320016030006200000040800
000200310009000007000085000000008004007006029035009000903050000006030958000007000
000003012000207000000059080034000100900072003206000070000000009002600000008394000
000000905000064000003000860900007000106000002000005010008100090701000020094070083
000600400070240003003800016000005001000000098012000007050019804800070000040000000
034000000900004271020000900005800000000025086000000000700460000006308004080000709
005000400870020605030040097000000000109007000000050060000000800000604300692800050
003261000000070040001000060004005100870020000300840005580000000200000850000000709
060070010709048050000000004900000000000007400004092305005003001090260000000100006
240700000008005000370060000400000097000000500000431008020000001000023060000098750
108000000070600800500004030003000004000007000700400500014350020200001090009070050
002000600403000700000006040020007100000080093000051000005010009000003006000769805
704003500000000000000564003008900640500120800900000700019000000000200006003040900
800000016060008000947000080003050008000072300105300004600000049000000000030600007
170520006020040000900300400000000100612700040009004032000600000000000098300005000
070930160000600000050000304009780002702000040000000000000810020800000000504003907
020060000100000708300000946042900350080005070000070200000004000010030000006710000
800900600009000051000007000000020963600809000000030700900000040305401009000300020
000081000000000000910060000080000000006320805005100400000702060500000040408016703
000009200000050000450070008300107050700940000000000600004600100026300089030080000
900804060870000004006020500500000008010790000600008000030000040000019007700002010
000000050780560000056200000002003670800400900000070008105600090000000000207080030
230004000098000040000650000000900407013000000000000810081003000020501076007040000
000601004000000057800090100607000900108003020000700003000030209010062000000000078
036000720012800906470000000000005800080020040090300000900701000000000000000062015
030045006700001050100000008000030902000200000600107000010304700040500000020000830
000000046000060000010040723004003100001086000507000000080005030000010070049700050
670000030008100005203000008000900007009000510010006200000050782000607000000010009
080520600070000000009000418100000000604090700000000802000100009000060007015308006
000530060200060100000000020086050000000604300004100070003001905008005000041700000
030070009000000006018005200800000000005400038040000060500047100900008007000201090
600040080040020703001000560000003600073000002200109005000000408000600000034002000
041200300009000028000090000300007600200300007008400005002006100000085004000000806
500008900008000001002040006004070059900010070006000400200903000010000802005002000
870050900000020008000308004350060020000070000900500000080006307025000009000840000
000000000030010000650300020081690007000007030000001090007500208400000603006000015
100090700079041002000000004000300000602000000000210400000483001000000005700026089
080020000300900007005300020104000080060500090002401000030000200058000070000090108
000006000910040000000000063002509070000081006040007009004000001800000307000215400
000348010000001403000029000680090300400000000002010045000003070020700060501000000
000170000102040300000305400083500200000007000970000004008000000420000560010006009
600000700000080000000000345300060890000001000790058000903504000060030012510000000
407600001090804000000210600800700004000000710000100956009000000350002000080000300
207000408080030670000000093001000000700805000040003009000500006094060002000400007
008009067400000910300600200000010004001380000050000000800901005090007000004000802
009800600030006710500000090061009002020700000000600000000007059008020004100040200
080050040000002701009001000040789000000000000500014070050190003000000000800060257
300000000000708000008406000000000090014600300050010804005000007009100420070390050
000040000000700900004091670920003500500607000003000700302080009005000320000000400
030900081200000340000054970020100000700000000060082000000010008050000760009003400
680000030000900607024000000830700000002000003000025090000040070003201500000090206
002100004000006000040000205080000040000823970009010050300400010070038000600500000
400080000103600270000000053600704000050000000027000001906002040000400100000009026
070041050008000007009000200800060405000000020000074000600007003000000502400936100
004027000000014000008000700000003100093000005540000087009000400800900026020070090
800076000000020690200003410000000800010059073000008060007300050086000300090000000
600030900010000004400056007038007000000000008000009600209004070000070001170005040
010000000802407000000000008500803496000690100000000085004000010790520000000300040
080900052000000700000740003050000000030004107890020006500000900046000000003570020
247100000100008059080004700090000000604080300000200507000006905000000060030000010
070500000000680107080002000004009000000000256010720004025800300000000069000040500
003007000000000429600000800000000200005008194790060008030900010200040005006300000
800020000027068040500009100001000070690070200000100003002004080000200006000000950
700000900000030260800590000000068400006079080000000370000000000039004501108200000
000000003075004100600001200100780042050000600000050081090070000008020907000400000
000920010000003000090070050006000100005004900000050270301087002400002000000030084
000600090080002030000050200000000900150980000009507004048120007070000000030040020
000000000000000041005408020607800000930200005840910060004170300700009000020000000
006009703000070060200800190004000030970000000020004000000000850830027400000001006
108009040300400005207000090000230070001074000000001000009008407003000016000020000
006000008000000071070006090010603000060027309000400200400000005000380000809700002
403000090160700400028006000074900300080000005000120000000080500010040200000007080
000000701000008300300000082009240000600015008100600000007109005090006000050020030
000704206820000000000000000057000300019000050000003760000002010400570090000091470
580000070006081300020004900070410000000500000009000004000068007000900018200000560
400300007001290000000004800080900005200080100704003000000800301000000200800020950
000120070000006003705000900109730000072809000408000000000264009600000200000000004
000000705700200490000005060050710300002040001000368000009000502204000006003000000
000000870086500020000300506001003000040090710090008400009600100000000000207100090
000700009000810700010004020090100070700506301008400005006007200004000060000000004
508004600001005000000030001000000003007460000096000827000601009000050070040009100
009070000000890704020005000000100000030000080008060172000058000400000920501009060
078005000100400080005070906000068040004050000600000310050019000000000003206007000
009080600030000005060007400075019000026000007300040000702003050000850009000000004
800000063000000570030060000040800001005000709002103000910024000060000000003006094
008009720000000001500700000040800030000027000290000000060081003300060275000002006
000406080408050006000000700800000290009070000000640100070065000200700300005800600
100706000000000896040000000000000003608400000002010580004000958000087040090020010
000000002060048000500060800000000980900000026100090300002051090040030010000670004
100304006000070000300600210400000005050000060006700920005001070280009001000000600
000020806090300000100005000060000907080000000032769040005080000000906080000050702
040080650009300080100000074706020800000907000020000000030005000000002000008431007
053016200090400000000090014005003001000050070000700030010000060700029040009000300
005700000020004500001060030000080000000000008609050100007000250000510073050402080
746000810901007000000030600600042900200009000070006000500000020000020100000401050
000806000280090001000020050170050000009103860000700500000080030004000006000600072
200050060600000009000080500050000000301000007006307400700005020000108705000402001
001800390050000760000010000930001028000060000004032050002076010000240000000000007
100674000050000006000000090690020070000040000508000201040000009000001038060052400
300000090090048102010000000000079006003650000000100807700000000602000903005000470
680000105075901000400000020061040009000703000000060000000600000000010083730002040
300020400000001000000400308090005000000600209002019000400000050607002000209007806
100039006000000800000008003014000090000760230000000408870000004500300060020075000
020005000603002078100090000800000100200500097000016005000000940000073000908000006
001008206030000000900000000740080020000600109020003068502007000003509000000060050
205800000000050060086100020009000400800315009000907100040008050000000000051070000
030100800900000040470509000000405200604200318000000000000001070000030400000704002
000021030070800000004000001000080400007340010080006005000009002002105080930000006
700000000000174500050000000600020900000907034000601000306000040010050006900040108
006000200000009057001800000010754060000006000000000015093080600000040029040301000
080903007005002040000070030048006000000000602070300010904000000050680100000700900
000000000930600000208490050000200500801050000460010007000500084003080070000100020
008000709000006040000817002000000016000602000040000570950000001602040300073000000
000000190000030000083760400100040860007600030000002900058970000016000740000000000
009050000080079053000010000070000000000200480650090000024001530003740008000000100
002000030000450000760000000400010900800000460000008013900006050016025090007000600
000035004000000300203008010140020603006000000020090075000004000000003490001702000
470380600000402000080750900000170060004000001000000008200000000003060090901200400
430070000000406000000000075000051047200000000070600013001800000903040102008000090
074000005800000310020400600400700008000002000100830002040085070006001000008000030
050070630031020000400900001000000026067500800000000003004000000800006300720005100
600401000000060000007200800020008050001000960005040308200000007070005003004003100
500100002800060000700204063060000090070009384001000700080000900000000001000731000
600708100000690000000501800320084000008000030009000500040900708000000246000010000
200107000300000090009000000020001000000068105630400200000000000700040952040002063
040000003080006100000050896000700000003901000008003024002100307060000200000070008
006020500029008000007000030060000004000083090200005603401090020000050009002070000
050003040000000000000950876300008000501200060008670004030000001000040059090000700
509008000006000000000692400000003080004000001060040900000001763700850200000030008
860000400109040002000020079045200000080400060000375000000000928000000300000650000
900004350004007008000900460040000090063850740002000000000405680000000000200010000
020054000008000600000608003070012090050900030000860710000000004412000000000076000
003040700090200003000006250000050000009060000340000986070390000000000104002010008
000040309009100000000002050090070000006000000005204078000005160008420000301009002
000010006007053040000600009009204000064000200002000530300092001400000000010306000
100800000000560040032010000070050092860002005020000030008000000000006070000037520
100003094000400605062000010903000000000002700070600000030000080000040050804107003
030007600000001080000029053973000000800005900002700000001600700000000092387000000
205300760004000800080010000400800000030002000600007250007005000006090070300000094
047090000010007400000060059003000020609000000400015000000009035380000010001080070
000050100006000090000708003500300800000001046060507000190000420000000089205000070
000005000600040930000708060000094001000000098001000200540001003072003800030000007
008400000150037000000010000000004090000090067020000840040109000080005026506070000
008051003500070006000300208000800900900000000704000800000000140060043009001900030
008000200130020000600008000000090380007000004000405609000000003540006070000250091
010007590009602000000000032005104000001080003870000000050091200000000607700050000
000000020058000000040860305090100860100000000076500002060050900200000603004009000
000503200006000090008001005040908020005070000060302000030000752000800300010000400
003070021060800090140000000006010000070098200000030507200000400480700000000300900
070640050300200007008000000802390006006000080000004710000100805090000100000000093
000000400008709005750400000006104003070008000030000024900000000003620000600051080
006900000803005000150074000500200001000000600080010705000000009027000006060009074
030059000000030010000000920000005700010800030084020009500917000003040100800003000
000007000000030900005090627071020406000403070006000005009800500800900004000001000
002069000064000000007004005000097400080000060040800217000000002000001030100780090
000830950000000002080906001038105704100000000004000800070003000000060495000400000
096030000000008000000000070060020017100607900020050038503009000400080000080500020
053070001007600004000301500780000000000009000090003072204000100500000080900052000
300504009100003080096000020007006530000300090001020004000007850000000002060400000
740910006000000000090000003009800532001539000000002000050040000000200300070003850
000000008004709603090052400050000000006000000140020056000000900987001000020070010
000000900000000008100960007607013000001500490000000000000004702005070304076038000
000170000950004000006000004002009800560000009008000300000030007023000060010068205
300000000000000307020071004200090600045000000009037010000006580000080070060705200
104000920007000000000506801002100030900007000005800200053000000200080040090601000
000081070000005129020040000005000900000104000000000841067002000003560000004900500
000000890000604500000030060030000017700020900000070052408003070020000000007091400
000030560006041000030000201408006017000075030000000020807010000000082000000000390
000060009050200008000300102014500060070020000006400000000005700027800004001090300
000100006003700401060090080004007600000003900600210300080000000070900000090041007
000080000000065000010000053030050070000090080006004905009020060020800791040000200
000548000000000000008070006090080050320000000060420001000004005109000320007305900
800054001000070000009000060002000000030700004406005080000060013108030040000027009
300000000040600008100004035800000600000000080500002900604030000005700820073500040
300000142029100000000070000070020004480000009000630200004050831005000000000201000
030720080600000001000400500806013052200000093000040000000009000040260078008000000
004800060000700015050006000300020000080105000070000004009200600100060740000090320
000050004400700060309000100910000630200003075000000000006200017040008500001005000
000004602600000009000001070000006050400090831300000000090705100800060040003002005
030100000009300180000059007020003860090020000000400500003800006000500040700001005
006000205900010008070250000000105000040000000003062004000000503020090080300800407
030000002006807090890000500007002000080009034009500000000000000000901200402030079
000000007000700290200003010000081046900000000010004700002000058605210000003090400
006003700003120600050090008007000010100000005400000000030040280009002000084001060
009580040000009000306002005600003070020106004008900100070060400000000350100000000
090000060105200803700000500003040700000050410820000000300410287000070000000600000
007008200000401600900000805000600010800005002030000400090000000700106000210794000
800076000000020690200003410000000800010059073000008060007300050086000300090000000
000170803009080005710005000304200000070008910005000000000600507000000600000007091
000003000020900500005000732510406007000005600008000000100000009002601000780000340
050800100007003850000900007609020300208000001010000000076004000000210460004000000
009004051000380700000000000000002000000005639305000000070500040100007900063409800
100009070300000009000000156406008000000020000090070485008417030000350040000000000
006000900040007000000000428080050300600048017002006000000000005020003800807900600
800007090090160200000050004600002000032000050008070940056010000000900400000023000
000060000000005370006300058030800010000401000804030090200100080005000007070000960
000400503500000007102060000000020841004080006001000000000048600280001050003000002
030000500020000004508040206370002000001080040400030009005900000000760001000200900
700000089030400000025800006008504097900360001000009020000000000000041705000000040
610007300000800600000201005030000000000009807000000090001000048900108003400096002
002006000900058000040003007083027000020000100000000002850040971000070000009600030
002000790006002030850000000000074000010209300000630071030040500000000000604800002
470000000010030400805700030000000906000070520036010000002960080001000200000807000
009000000700200805020509006060000500080000000001004702100060000000401089000080230
000007653020006400370000000058004009000030000200081000080500030001000090004000087
000004000200000930081900000000035000000000165007009028000602000000400087040500012
000000009240806000300000520006084001100000402005009060000497030050000006000010000
004000900000004003090073016007000000012009050000500890070600000000900605046005000
400907200000400019000003050920600000008000532030005008000004700687000000000000005
000081000501207008207900310000060000403000020000000080108004009000009705060000000
900000400100000096600000003005006000700020065000045009008002000000901840002300001
070000000008060019000145000090002300000000960030080004700090000504803000000700106
600304070070000040000000010002900650000870100031000000000400900093005000005060307
000900008300087090007002541000306007060000004003140000006009200050000000800000900
020030001700000000004800003000680100006290000950000800602100040307000008000004900
790000032006070004012000900000700020000835000004002080008600000070000001630000090
000008000084500902000697000020003090700000058000070006010000000009000067000006125
000000300060000090070540008509060000000003002108902000094000206080007050000000807
003200700000500060407090350000050000009060000500908030270000008030040590040000000
000000002000108000008060034000600000000400061420080000009005206500000007002019580
700001490000200000006087100500400006000000074000000000095030020370004010060050800
000679100000000067050010800000000010010500038006007090000900000070053940030000005
000700900080014006000080047000000070000900001150070820030057600800000000001060500
000097800000003001003000609097400003000306700002001000050000060000700005109008002
000000420100900000307204500000461002000000070090300050008070006000002000200800019
009000520000240009000001608000000087000709003510020090008000005350400000000073000
000190002500000009090005030050006801000003200001820005870000000000051403000200000
000000060306000000000000805000605071005000300100870042900200014201080000000703000
400750000809002430020000000000023609000007002096080000700009000000040200080500100
000000000010090450700520000001000032000080701050700009430057100000200060008009000
001003200003600004000000910090070000000450000050310027040700000080000035007200600
039400007000000048700209100007900002090030060010080000000006000006050009008093000
201070800460000090080010040000050030030980051000006000004097000500000000090020700
650210003000000000020000600091000508000000004080003200000804070500900040002007960
050020090400050001009010860010700030000000720000000500070008000198300000032006000
000107000000025000005090040070000002800600900100030084007860100008700020000002050
001000006004580020020670000190008045002030009300000000000000407500107002000060000
007030410203060000014005000400000260080002070001000090000009003000140000000003980
008003000030000170000620080003406000000800950009000007400300008905080004000140000
600095000000061802000000100500016000004000200002008036000002450040050000003400070
004500681003000000060000204000130050000040000000007010000398000805020007009006040
042071000000090037005308000000000000470000000800024010000003000060200140050806002
008000600060210730500070000000080129000100070003704080080000060000000400300500002
005900000000028000092030008370006000008007500040000001000001009009000613060040070
030900024700010009000004100000001607050000080040050000000000000006090812200040306
004600370009080020080020000620003001100000084040000000700000060060500402000100500
001800390050000760000010000930001028000060000004032050002076010000240000000000007
000008007040050900050043001010000000000000030062000104000004078500070000034081060
080070540000420000020800600000900000010000034070000080009500860700000401560000003
004020600000080020090304700040002000902070005060100090406000000000050308800090000
040009003003270090006000580700320050000000004005000070300050206000103800050000000
070600020000005000900070030000000600080002940000106008105300200702000509090000300
000302000000070020400500000040020001380000960009010003100050000070201800904000300
010040800000000530082050007005360004007500090039800000601020000000000700000601000
000000004002000753003060800400002007090670000000000000930087000070400135060050000
600004020700950000009006800070000002001008560040000030000409000000083609300005000
000000103006000080420003700080090072005008000010020000002009004000010360000076009
070003090000054003004100600000905107080007000000000008300009004000006500208040030
000509620000000040040006009016000030000003804070094000800070000000035190230000000
004000805000800007702040900005008100000790500078000000200060030009004000000002610
000600080200719040340000090007200000000006000000100239020080001090000003010004800
000000020020008500800902630210040000070600001040000070000076005000004000000305907
069000071000090500000002049020418000000000700000005002802079000090000023010000600
503000700060002108000030000000090005080015090000000360200000540009300000006900270
960002040000019068000800500004100780050030000600000000000004000000006039800900074
400300007001290000000004800080900005200080100704003000000800301000000200800020950
073006040000000807008000600005030200400900000609150008000080001006010002000020300
000600007050003120000045060090000072603000001000007380000000000900180000400072090
080000530600120008000030900108704006700900000000000005000000020470008050096000800
020830090080007013070061000000000200000600000010070580060000000700020009001390020
050001400004000001006800720000000000600020070000459010030000060002068009000030205
000000018000076000940020600004005000090010000000603000070090800001730059000001034
000400010609000000050000600000900031000000080000006542230008000070030100080197020
058000000107000060006030005000040800300260000000807040010003079000480000009100008
200003079030010060000400002500001000009060045083500020000000900005000000042600003
000000862080460150700000000007300010000540600040920000050000000003000200800019300
000090208000200500100000063040060970020040000000805000000004809004300600200007030
080000069000036000005080000000600003720000000000004518000000906003002000207890305
002607090000501408003000200080000041170008000060010000000460020000002069000000700
740000008000910060000000010200003009000004600080600200057000400008100570009060080
000010080000006900052090400700800009009000020000420610000082000074000362003000000
007000001004000700002000860600010500001000209039400000200001000000027190000906005
000002100050000640700005080080407000000090000170000506000010260000003409006204000
008310900095000160000000005000400000000080049006072000000001030000240607001008200
010000705700650400400900020000003080007000100080010000020069030108000900000200060
000548000000000000008070006090080050320000000060420001000004005109000320007305900
900080573003601000800000000007540000000207031306000000000000890700900002090050000
400000002000300045005000000000017000008000700160900400201060070000500900503090804
000040010200038095030500026000000000905000782107000000700015049000600000000009000
000080010000000509060004300300068000870500090000090702030000900090006001087000020
010300000000000900009720006003002800106030000000060020840090000030050008000400759
000400090090820740600000000200000300006000800100070004020150006050000082309000050
100000000907000050020470000000020006000007001000090020008042007006700003039061400
000020490000007210407000053000000520380001000000060000060900000500000048810703000
300000090090048102010000000000079006003650000000100807700000000602000903005000470
203000500000060000000020463005040200000690000009210300000004090070000084090700600
602890007000005000008006004000700020507100000003000000300000700006020490700060082
010000400072000093409000760006208900800006570000009000050000001004030000003005000
000070000000000140003500608400008000600901000009000360300600850000200000780409001
000240706000000008070100000000090600910700402003002000000960000500000000026035107
607820010000000000000030020030004059001007406900000000086000000000502000045063100
000600009000000700920700004400000000000090508010060200008040300006020007203980600
000002006000030510080700034796000000000106700002000050100053800005008060007000000
000040008204806000006005000017000004000100080003900570609000300000009020030000405
503060800090700501000000026200007000080000705060489100000104000100000003009000000
700000200000000069020300780000200008090007400080095000040860010000000030230040090
070409600000060309400002000000008092200000001003095780000000007001000050000083900
060010350000000007000705000002000000684000700001690000047000601000009800000260035
000900070490030000000000603068350100100000000052000960001008000080000000007601509
000010642004900000200000700050000800001080039702090000000000078020001306000460000
000060500020170000700000030000050000060900825040020706000040903600007140300000000
080040002025030000000005800000000090300019400050000010070080600004023500206000040
800000002003000000040096050400001009000800423000509180280000076090000000004020000
005070030009280060004009500000560078900000140080000300000000790060300001100000000
000000007008260400470005000540000029607080000100000000000100003001926700005000002
002000090000000800040301200000700350004060902000435000700000000020800000106020408
000006000007080090080000350100600004050000000000040823008964100300000045090300000
000084970600030000000600200008050700030720850000000000080047103000008400200100000
240000050009000001000000400010083700300001069600700004005007000020098000000500038
008090000104003500000006204000400000021009000500360000005900081002000400000050309
000000009240806000300000520006084001100000402005009060000497030050000006000010000
009100070070003600000506020920050000005000360067040000010007006000000081000900500
300060000000375001008002050080000000600050030000400007005240000092000603060090010
200900750800000039000010000000004001000602070009000008060040300008500064004009007
000080000030062057020050000008400010000800092069020800000005068007003000000000403
090005007007406050000007120040000200000000000068000041000500060030200908700043000
700420900000000006080010430004093085000000007093001000800002069002000000000070008
720000060008706004030000810006000500000000080809000703000500000093800200005190000
000000010000000470800000209002050000030007080140090600000001860070209000010805300
035020600008000001000000700092000010000065030000900002000603074083100000001000350
003000000000004528000060370007048095004100700100029040000000000680000001005600000
000300000000800914010047005000000090020070308083004200008009000004030000050001600
070406008000000010008007950800530097360000000009000040026800070000000000000370100
080006000000230000073090800006071020000000960000009501509000602000000000100403008
017480000050000000060900002000000009002073000035009280000000100300210804000006900
005600010090001006008405000100004985000003000000820000300000800064000002000902050
000062000800450000900017000000000700090030620030000040012000000040021060508009007
080614900600000000500009003000000000000327010002800000005700100040060580300900700
037002000100070090050008002010000248500280030000000050000090620804030000000000070
000006300700009500160050000000000090000080000308000010402018030083007002001000907
060310005000200000070009003000000009084000002050602047013005000000480000000001074
000002870010056900000004050600000007200830009000000400080210000370000160005070000
000530100001000008400000530040060309206050000000204010030000850000000007098000400
000064000100020908083000000000600070000015024005000891070000006009050042300000000
400008095000000000000500806010400000070020000000003061000601004580004000600905307
500103028000000001000060500010600830700000000030800010060007040080900300027000009
300050000708100004064009300005600000000008000001200067000000076049001803100000000
000040700049000083801500000354200009010300002002000600080700000000809004000000010
050104700001000000000076030040053102000000008080402000070300000002700006010009800
409006500000000060502000700000000007250000040007013209000001080700002610000309000
007408005401020009000090800006000400000700002902801000100054090050000300040000000
041600300000002000026030450003010080900408000000009006000700000005000900004500120
000008000000000036350009070000002007726080004000050800013020000007005040200060005
008000300234015000500008070000900000020060000400000007100030068000080004300079050
200350400500010800090008100000530040120000700000026000763000010000400005008000000
300000000050703008000028070700000043000000000003904105400300800100040000968000200
009500003000000020300014600090302004000090806000108500900030080068400000070000000
400000000300004000012030900500902040103000890004850070000008060060000000000006302
000800000305200007074590000000900200000008000090005040080000700109000354700060010
002000040000000007007506000005702000904600705000008200500000000001094006070010309
009050800000310047000008300000000010430700200670230000750809000000000509000000008
030009007000200809000400320000600050080027900005000001907000105001004008050000000
000050400905003600024000005000932000000700000006500708001000300000000067400006910
900000304037000090802000000509000080060072000400005100000009205000201007080000030
020000009000000700987300200300200004000000071050000820500010000600900140090003005
009080743060000205570000010000003000700000908600148000400000080000600001000010020
005260000200047500040000000600500040009082000008003007050830019020109000000000000
070600800000050010000208904605009001080000400004060008300001000090407006000080000
400000170000100006709005020002006000008409000000000063540200930600030000000500001
705009300000001070000004921940020030000000050006000002200060000009100003060500008
400000090001036070006400000500000020000590640009000000802003060000010007305002008
000900700010002000090075000200051890004008000000460020050010000020000030607004002
000000140607500003100000000350008060900463000000000080080090002000700005029035000
000000060000900072080060500900002000000000030560800000700510029000207003150300008
008134000007000341000000090000017503000000009050302004000891000700040605000000000
010800000005090800080724090002300600000002000850000700670050002000000106000240000
080000009100908000000005030000102003010000600400693500000000006002540090700000012
000090032006300000200060070109400080080005900000000004000000050010570046070800300
009000340000200700081000509000000000005701006092006000000408000004010030006907004
610000000042008030809000100000000004000803000000050090000500700080490506074081000
000080006680034000000000504040060091003020000000000047001890050070000000095700020
000100030401700800038400700000020600100040002000508009300006000800000100074009000
000809000090000210000026008400080070007300000000000802300742060506000000710000300
390401007600008100000029000000500000000100703005800040400000015200000900160000004
006091000004370000000005180200140900048000000000703005002000000050000708000010039
000020000008000450007000029000006010006005302020708040070904800500000000013600000
070300008000009100604000000800700000007040030063900002200007006900001700050608000
800076000000020690200003410000000800010059073000008060007300050086000300090000000
040000026073000400002060005000080000500001000000003090400037200080050010207900050
090000000500000201010600030000100004005083019008024005000000950000030008607500000
000043026070005140000000800900082000004000000050004389007000004500030000800007005
800000000060208300000007000190000000700000090000040712007050086002004001300102050
030008001070090030000000200000000604000060058904000000200980000700015480000007025
040080270000900600300500004020600830009020000000300010004009000503000006210700000
097010080004000200000004009500002090000095100000106003001400005000000870060008020
008000054010500600029000000080701000050003070000000006067030082905008000000004700
071506000003700008000000001000200600400000300000847005060025000009010000510600090
070005030000001074000006109041050900020000000060024000650000000002040301800900000
000000308703600010008900067900010056401000000000002001530028000000170000000000400
800007090090160200000050004600002000032000050008070940056010000000900400000023000
000080100000001329070000000050000000000460080600295004005000900030900000010704806
050834900000600800000500071640000090009240000038000050060000000002300000000709020
300000142029100000000070000070020004480000009000630200004050831005000000000201000
002050800000200400050639070000060500300000001009000020000502000000080090024017008
470600030000010000000500201730006000009005080000090070000000040084000053010903600
052800061400009003000060200008006730000005080000000005000000372100600000390040000
009075000006000008000008760021000005005023004700050800004090100000006009000130000
000060089000509703000000002000046008700008000100925000080400300090030000052000400
040100063000500070003078009000806700502001030300000010900700020000000006200080000
406000708001000600000000025800007000600005807002086100000070030027001000000052000
000009001000000240700000005010030000080021600003406002100083000000007089800040070
907000005000000080860079000072500000000207004600001008000400003000006009010908020
000290006600003000003000500000000009091306005005010470000005040002009030104008000
004900800010000003008067009800004032700201000000070040000020006050030010000009007
004009000000005932600800000030000001040001075007000000010006027083020000000700508
040309080000080600000060070000020060300000490650010002501800700003190000400000000
510000000000800460308070001000090000290500070000200080000007000900080130800006207
000000000900000580000593400006200040001070906000005030090007318030000007070006000
910000762000006000000700300000000000760000410008000093283070500005068000000005100
200080009097000006310000400002578060000200000000096070000000080000024007000307900
904700000000005006015006030001204000090030100006100240000007902800000000000540000
030960807000730000001002000010200000060105090000080070002007001006000080070009030
300000702000080090200500000004020010000090840000403007005879403600000000003000900
050003008000820050600004200000000310900600000080030500004009000231050004000302000
000005600003006910000209007007000090034021080080500004000000036002040500000900000
400000000200701090010320600000000000002010780083900005000000950000609007807000004
032001005000060070000083000020000430004096000000007006046100003900000000307050080
003070000090050860200300000802530000000007000010896000004001780006020309000000000
046003800000010650008000490000000010050200000103804007000620000027100000800007000
300060049800000013000090000009038020003604070040200500100000700067000000000015000
100820006204006500700000000000600000003400200908100030000310009640000008090000002
060000080940700000005000300000001400800930067003007010000060140000100620000209000
007010009000200500608000030400009012000000000800704000005006040000385000710400800
000040000209000503040802009730600000004050108000003006000000600301500020000021000
748000000090008000530000000000001050900006270100050089804700000000000007020940500
000000320460050000000009100205040000030060009009030000000600700006097280070002001
030090000001000007209630080000086402000000005020007600010070054700009000080002000
400300000000002300180007006004100002750000004009000000000060078000014090007800403
006010320000500600759000100000000080600004000005906000000000000090167500071080400
900610800000000010030000590080700000000020030047085002000060075002050001401000000
008050300040600009001000054400008000000000507000031000000009000290800001030715040
090060403003900810067000000000000000000000500089645300000032080000409005700000001
000186500002300006000000001070000040300800000008200000050000090009605017010703600
000008520005091000090300010032700001050600000000010200020030060800000430700060000
200079600400000090005046002010060750000000020078104000020000003030090080000008000
000000201007400006050000704030051009080000002040008030004069003100004000000720000
780010000000008000613000200000000407900002800000400010050007023100000605400300008
900060300003000080040000002000400200000730005060005001000500014000007026007019500
000083006087000000000000820901000000000000593000500600013008002409002030260090000
001040005070600090800000000417060000300000000002000180056310007090000003003000052
000053000900824000010000000020080130000600020700000009065008002090000084003000570
000000570000000000005400602040690000003050000500300420020008050860200700100700004
700000002200500010000001703000053090900400005000000420000900601028160000000084000
008402003706800000020003007009000000080007030003000509201080004000600002000090010
090000000501000062006080007905021000000047000008030004060000205007009000400003006
000190007040002000030004150500020000008001009497008000600010070001000005000000630
000003504002000000081500002075000000030900800000007040000604010020001009004000358
000000700036009002010074008000008609002060000008400000000100000000043250509602000
004007090000003600000002003600050007040000068005018300006000005000000906209080100
000431280600002049000500001083905000040020000000000790810003000900000008000700000
690000000082000070000138000050903000000000040020010600003005084000080007000071306
285400000000009004000003708001000000450000060806907000700200006004000003000018090
000000000800030429070000530014005000030706000002000000003000140000000092100804073
700030102000500600803000074000000000007900005040060200075310000200090000600700400
049700030060080500070403001807640019900000000000000003100020000000000800020009050
000010000000020000000009013090100768650000090003007000020008000908043600070000082
001007500000090000920003000030004071042000600050700400005600009080009000003000108
003060000000001940400700302301006020007050090009200800000000004006080107700000000
300000000040600008100004035800000600000000080500002900604030000005700820073500040
900010008870000032000000045000601000000470200010000300030007000008026000704308000
500000002700000048380200000000097000000010030008405907003086590000000000100970000
000005600003006910000209007007000090034021080080500004000000036002040500000900000
000768000006004070004300010000021900900000050040900000800000047003046020000000091
000102000090000000006000019008000000007050302030000450200700080600800021080401500
004061905370000000010708003030000050608402000100000000007000000000240009050010400
000000459000005008000090300003008100007030200008420000200540000000079006064000002
000090000002080540007000000030000901050008700600300004005906807000240100003000006
009000003000000609716000200000200000020030001038097004000000100600800047270100000
000900003600080400400070008078050000500040000006001097000000200050000810010062040
000900001100500670040006000000265003063000200095000700800070000050000090000109080
000008006000000250050004000000459300030070024700020609000000000003086000908700040
050900000006030100100400068030040010000500042800009003000000730020600000009051000
007090058000004006900000004615800000090201000300050000700006010000080070080002005
004070603001000020020003000060500000007006504000090000010002090600905001000100408
907000000000003150100890000090008400008200000012000003000100080000502006029060030
080000900000930004006080001000000062037008000002006570000207015049000000000010006
000105408000900150000260000001000060000507930070090001063800000800050000005004000
008020006040500008000000150000090001800000900902014300005206400036080000100000000
200050030580301070006070000005400300060000007300910406000000000000090010100000509
083010020140009000000700000000250030000000096001080500004800010000002007008100049
000000005004000009080150700070003060000700090003046000001309204000002080000670030
000020490000007210407000053000000520380001000000060000060900000500000048810703000
000070100007039204000408000680000950020000000104300720000790003000015000000000500
008003000000904000940180302300000200002000070010600400000400000070000938000850010
015003700000040003000060100600900000000001507054000000090002604070004000080530070
600705000008000500030200060000300000000001604003020910200600700060807053000000100
020000800700068005009030007000810940040320000001700000910000506000000239000000000
000906000000000806000040010070030200459708000060004000500007001004300000032009500
000002400008000010000510008073020091060008000059060200000800300125030000000000040
000000010000001056050203070090080600000000000008670301070900000000000734240500900
609000005070800001000700090700043009005090000000000340010000800000005024000180036
040030007300005006000000052900000500006050003800000010400980600700000298000002030
870002006000003090000870020000000500000054007060700049030290000200040060008100000
007040000230080000000000103041008090090300086000500000300409000000005200079060001
000309050000000380009000407301900008000806000800000002000000023040008015090002700
000406700790000840000000003002000000600000007800300090080017502006809000030002600
080003900063520000900010000500000400048300790096002080300000000050090000000000072
006000408000002650007400009000000000048000901090010032050070004000109760000500000
082000034005000006407001005000600000000800073904070050200000000000195000001080300
200009500080000060050000203000600000800030900430501006008000040910007000002005007
080091250004000700090008006000120000000070000801005920000304087000000300600500000
