500600020040930000000000040700005600002870904100000008800040007050000092300000005
020008000503000040010300000000019007108000060060000034000063000041800000080205070
960000007000012400007030000040100650005840010030000800100200300000306500070000000
400000007090080006001000203050800400068090000300007000040503600000000030000010582
005200017000000800000084000000000040078000603900000702003010070020700089850030000
000000601067001000030000248000907000301400000000005002070030800940720030200000000
002070800900000000700960030000020000000008000058004700076000320030400500095007008
010400000200019804003800700306080000000000000000070258008000130500000000060001507
500600030000090000060032070000001300300080002002700860040005000005060207000000089
040000630007002800000080000430805000100070020709400000003000060000048005020000310
000001609003080004000705300867040090000000040020560000000209005000000010010000407
000400000050070190000080702001904003007006008000050400000000600600508000100309800
001003200602007050300000070700000000008020004103090008800030010000089000006002009
008000000500900400200800005090000007007050140080029030000402000070090063000307000
200000007000410905030008002002000710008000500000005004006080000409000600000070498
200403086103000042000082000000920700000000060600004001040700000051000000000800039
700030020000005000410900500830000061000000004000704090100806007000009006090000105
409200000100006000000000038000000300094000000638040200000360050070059000000018960
000080000612004000000560000000008100930000070057000203300090400020001309000006050
409200000002500030000040120030000069004001000000400050070060000000100800501390007
400000007010004008008320000000001006052030090860009024000000000100900040290060000
209000583014080000000000000008000090003050020600004008000201006000700800060300902
000196005005240009003005000900670000600002007401000000000010000007800504000000310
900004500702300000000000241080001000000052800006700005005000694000070000010000023
050304000000000700070500094008430020400008659700000000026000030000000908040100000
000000048020000106704000000006030900010000003003106504500790000000080200070002800
700000040002006803080000200000002000009100060006005790054070100300018500900000000
040000010300000000086000972000200700905400001030700080010003060090001500008000030
600500000004070010070000000000020000100900270090004083010009300500006900940002007
600000720180900050092500080000709000801006003400020000000004007000000005300200040
070090600000615089000002040000000300930500006700040020000004000000000890340078000
001700500406002000030040062000078000098000010603105090310000005000030000000000070
000000400000170003700039020109700840000002700000400002080090000007601900000020500
000500000600910078090004003000000430000047002080002001002000005069300010700000090
090067500000005010500200704780009000000030000060080300050000903000304000007000061
082500000060002007100090000007000012003065000000410090040900000006000374001000009
005000100098000400000040009500021004300000000000086020000803207070900005100600800
000018000205000100100203008000000050408006000300071000000004000600302005047000062
048260003002004000650100000000803400020070000000000190003400000000307058000010070
000004215000120009070005003002810030000000007008906002000701000300060000900000050
000060040070104060006008700040000000800050900009407023000600000030900000020080306
080000004400056070000000200000064000501008000970000058026300900009000400308010000
000020000060000780007030260600000090070004300200000000000001807050480006120500009
000300806000009000080000540600408009000570000001902003510000008008007000000000172
002004009040510000000700080005030008900000200070109500000000051601000002007640000
009800050240106000860020100400000500000408000000000910500000600600030000000002479
091000058300002000060019703400000000005200049000000080050000090000473200000050006
000004510000070069092000000030800000000300107070020800017000000000000281040068070
900005806005060007001007025002070060000000090000040050090051403800000000000480000
000090370640100000700026010000200700000065000098000603070000020300000000020047009
000003000025000608094200050000070280000308004000004065201900000000000030060500002
000009506020000000010002830001638004700010060004000300090205000005060100030000000
000000029000059800300060000005000270608007000000045030002006700040080060190002000
000000000006000320000009584800003409740000002200070000405091700000380000300000010
000417600040280090000503000050000000000700281800000009960000800500300000020000950
000020780205000000070000003000304069004900000009500004000100090007400036030009070
003090074000003000450070000027000900000009086600740105004820010000901000000000000
308406700049100006010000090000300100500010820000008000700000300060700004000003009
003080500004000030052070900000030640000810000000000029020100000600053000300200850
030600040000519002700000090002004100407060030000007004100048000300900000090300000
009070000000890704020005000000100000030000080008060172000058000400000920501009060
809002000000000007000001390000590000040000000002760804700809052000005003500100080
500100200007000180200080050009000040000058000020000076095004010300502000000037000
030207001000180670001030050000500900190004008000600020300700000000005080000020006
010000700000700050000100243093005600260000007800060002000000000680020000000040968
800629030002030100030050708205000070000000004000000850000090000380001500070800000
080000072040500003609000001500000700000901000000480690000100006000048000050200430
302100600050003900000200043000080000006000400043002510690700800000000070020500000
000000738900008000006000000000570009013000040070064005000050180400020000301009004
800007000400010060025043000070036004050000027000000900100000530040050070062000000
200000008000805910000006075800070026070000030000309000089040007002608000000000001
600000000000700020003680000094000080005020790000500010840005009030170008100000004
400150200010000000900406050090000100060500080000283004056700030008030000000000002
060002089000000000010400600008000500000006710001005004000090070030020050004380906
040008620800000050000601084090030000106870900300100000000000007000007040050300060
000007300000500002200400890000001000400906000008070006076005200000000537001000604
000400006060001005000390000980000060304000000000500019750100000030950000002700108
400230000605090700070000000006003000058069000001800000080000600030041820500000300
200009000070081200016002050000000020001090080003000006600008190034000000080000370
020100087000030020000800600800000036004006001000000002003900000490270300008000075
060070095005600000032104000000007051700000000098000400600000829000000007300480000
020003540400070000003000000700901062000030100008050030012000009000690400600000080
700000002005003000200509000000004150040000000002308007064002800080630000001400700
000000900043000201007024000002740030000800150030000080075100008060009500010000000
003002004000700280807100090000579000004000100709800600900000061000060020000300000
010000904000080060000205000000000000050020030003078520500000309800007100000801205
683050091000030200400100000105067000000000003007000006700090400000200000506010002
600001700900000004058406001000170000801009300000032000507000040000000000000590107
509600000060010500030040000000092000200803160800700900007000010600005070000300800
000000010300200065020190003002000059060002000090300700000000000400007008035489000
000008002017000809060000043540006000000400960006020500002050300000009000000040017
000000706705420100000080000657004000400000000020950000008510000000000008304700950
000030007040200000000105000082050001950400700001000290007000036000000510010809000
050003200009000000000008047103002000000000400096051300800000600004800912000270000
000087004090030080300104000058200006000000247430001500100060000000002070000000400
405000080000000000200000701170000000000008000800650000901400060007026013004070850
000080000000090761060037050000040100000019000407500006804200000000000509035000400
800000000200070510005010003090530041003000060000082007000000830007050006000820000
030000000000001008700580000000024050040873900003600000900000002005002091200000704
000635004000000000010409036072006009601000705005000020000064000000000080030702000
000090300000000120030004005200080006006230800100070950000000080500020070000315000
060000004907000000000007050300010900000024016800900000003740000409050003008000025
000006030000002516040090000001050000000000000000823600900000308082900000360700209
000204070000070960003090000600000007000100005020500809005000006908605000300002080
900005076000640000300000408050200000100500000009060030000100000010038007640900080
602090015500000600000000000020060300009070500400200008040000801008000450007001009
060000085004185000200000370050900047030020090000010830090060000000300000003000020
100300700040008000070000046000246005000095003000000010403020090600703200002000000
070029004000100000000003106700006000009000500000900360908010200400000651003005000
001560000060900003000400002090000030004000010000608704003040570000250800005800000
000730000500000000080001709003010005020040890018006007006480000000000042000200006
600003000800016200030040078400900800007030000020000001040000120000500000090402005
010003406000080090400009801001400000370800000002051000006000009040030000050000120
008600000300900704000302006000000500009050001070009000001048009006100003004003010
090082000000300580002000000017403008050000900060005017086900000000000070000020140
600003270000000009009070000005209100417500000800004000070008036000000000030625000
000600004706530900100000000280000130000003047000800005000090053000008460000204000
002000000010090508860000000050603000030078200000002140000000000000260480000005716
000300594000000070000060008030040052002680047070000006000000000005201030800004005
080050000050076010904300000000080400000000000010003050040005608003010700070064200
000700043000608090804000000009000000003075000270300500050030001002007000406900200
030080000240907006060500089980050000000020010007000900000060000000200067800003001
009580007000002058600400000000000070000100062004000000001709000070608401090005030
005020090000090000009000026010080000000000215500600040050000807702009054003100000
002000064000030000001608003070100350900000007008004092080200000500079000006000800
030900000100007089070000000001000503000200007308600042005060070080010000600050400
005040000020103076070000900080030000009600184060070009000004203002000000000006010
000000000300500901000479000000200009060000100900000830021050008400900750008030004
730090060000000230000460000870000005200015000605800700008600500000008020000000041
000507040906020007050090000003000010508000076620008000000100029069080000000000300
070004000004000200000070050000000300600000001008100720530000100800201400010030976
000050968000060000030007502000005700060492003500038000900000000100040300004000070
087005000000000000509730260600000800070200500000504006000000095000087402000100700
002000003600400000030000504060000008080070001004026730050010000900504020000980000
003000050000800006009001240200000800000050009090600007010306000807020100030008500
000000093000700000000835070659000004400000010070200000108070640040000000006190200
090056000000407600006000870010090040200000098000000250500000003860002007000300080
092000006000900000040080050420000080000000075750600000000030000069021300000046801
000070200901005040040010096068000009000000003000241000000090802005420000000006500
000200000000007005600010004203000040506704000008006200000982000400001050090600010
000050000016000000800001062200008309005004001000502004009010000060700530000020900
000501000000600000070000100100020970950008020200036008820000040009007003000002080
031000800002003009000680700006020500000009084070050002000900000090000050005006041
600000008080000060000002470000000000005040392700205000830004000001008703006900040
701000009000010600050000308100007000000030072000004083084001000306800050500200000
000900076000010290006005000000870000200000003070140000800030065703050900100400000
005010307000430900601000000000064092020390504080000000000500400000000063000080100
000050000000000090200801000600130080900000005020097600050004036000300020000680407
009000020703000000080200079010560098030090005000001060650000000000470800000002100
060050210000000047000029500040005009000008000738000004006000003380060000002090001
040050300007090004100600920000300060006009170000105400800030000000000609000807000
508401600000003070000076800009000003002060000380000210000000007203000580400010000
000040020010058000060001000450200091700005006000000700000070800508064013000000600
006001000093700100000050860107003000060200090000010072001070030800000900000000250
002000470080070002040003008000854100000000900004060030603000700000000041000109005
004000902900708000050000000062000000000305009030200657000000020000659003780010000
080020090390070400400000053070009000000001302000045000900010006000080010000000784
000501000000600000070000100100020970950008020200036008820000040009007003000002080
000008703000030520070060000080007100000050009502009000001004300000080004400016900
300600054904000000050800100240000009000500020080073600000906308800000000000300010
200030000003006920000040700080000000050000007972680000000004002600092380000100005
000010080004900003807000004071060408000739500002000000000400890400200006000000001
000020301000870009063500000084200000000000710700050000026030080510000003000000906
700900405002000083340000000060000000009400050000872900000590008050040007000003009
000810000060370200300900000090000002004000000002004057006000000008000509021700834
384000000020300000060509000000900008003000070000000324700006005006008100902000083
000000010000001056050203070090080600000000000008670301070900000000000734240500900
302001000000000060700304102040050000000000046100803700000007200008090003000000459
000008000000900035006000240300007106000010002081000000502700093000000000007896001
000089050008000002000500000000000005700106300092000080000063490010008560069000030
002000504030008000004020006000000900090000100006003078000900040100042050080036700
049160000007000000680970000001005007000000105000340080200050001008000276000090000
000000009000000820985070003240000100003000006000901000004002607000040500708050004
006000007000907340400000000780000600000000000319004000100000000500803096097501800
009400500001006040000009023800600007002700150705000900090000010000080000008100600
400207030000040000206000000075000840080000903000003100000500309700016000000820005
060070010709048050000000004900000000000007400004092305005003001090260000000100006
107500000800090000090074000000000309030000000004006805000980153010000900300020080
800400730600700800001030000070000060124000009000251000009070000000062040080009000
008400000000000907600025000007209018000030000040810002003060500200000040050000036
000080002079300060000700000000861040001500009040000050000100800400070600500002031
028504000046000000000008026000000051000000200069007003050000004000400130073610000
200800019000200060079000004004006000003085000062000050006000700300002001010000406
000007300000050080040002050000041605010000000000008230400010000050600008920030014
000005000002080913600900070300049000104702006028000300000000600040007001000100000
000000000070095000000070360500060100802000090000004502000610070001000040236040008
000089300000000980060005001276000000300000100000030047002001004000000805430806000
036000002500000000000000000000000400960100058050020600001008700380097010709003004
000248070000007084000003000403850020075000900200009000000000006920000100034000500
000600035430070000000028000050000000000900206001004308000087064600005000000000581
900010000070052086000000000620003901500009870000000030004001020008000003000407100
000054100000008070007090040006030000050420010070000296090000000048000060000005087
800070020002300051009804030000098160000000900000400007500001000600000003090600004
000008063000090504003000070001200000508000090260000000006007410047003050100800000
090010400008600500100400020007001008000030100000000007700040810500006000001053009
089040270300010009026000000008602001000800000270000030400000002000100060000900804
000507080400000370000830001840000600003000090100200008609071000000000730000020006
609053700000000500200900408000000080140605300003000900000000000000038010004720009
000001070008730000000020009003800046900000250085010000047906000000042030001000000
008010400000000081000000903000800000002003057010062000060000030001594800079000100
200005600000003000030200000009048000003007904005000027000060045490100700060000010
054000000000960002200001000070039050000000074400000009000540000000600785030027900
600394050027000093000060040001007000000500001200600000000008700000900080080001502
200006000080700030000090570004100900007200000050347200890000004000001020003000005
040000007090625300002000000200060080000080460008300501000200805017000006000000070
094000000702605001000008400600000000009703080000001950000090300200830100070006000
000012800000007000050090001500004000420380060060001007000000008306700005100009004
004300000200004690000015020850000000000007000039600810060203001000000087000090300
000020000001008005040500000700301000056900071090800040000000603000406920005000080
590001000030000059080500340906020700000900086000004000000407000710002000003008000
041298507000040000300000000000602100098001000000080000070050804030760090000000700
000700041060009008090001500000200070700040300004010002605900000380000206000000005
000000060080106207069004008008000026006000304000050010190002070000005000000007400
200000007000410905030008002002000710008000500000005004006080000409000600000070498
800700000042000090000004850501060300060000020027000064000050040000080000605009100
000002300000000001700080060200050700000000004800607900506008070007009010000070549
010005600079806100000240750030020000100074000000900004000000098000009310005000000
205000000004601020010000057000070000070019003800000500000320016030006200000040800
060052000800000307001900005200007030008090470000060800003005000600320000500010000
001208060067000100000000000504003700000920840002000093700010080005000020000040600
009000100000018000050460000008070956004050800030600000000200001070000503040000790
000098000000070824000000000000000102208054970000007000007009008160020700034000090
620000004000000160000084700700020000010090807000070050080500000200300600350940000
000100006003700401060090080004007600000003900600210300080000000070900000090041007
000000009000069004408020700030700806901000007000000410000074600500001000820090000
005000400070420009000000086000035000900010230041008050500802700200600000004000000
000700000040090630000041009500806040800000016000107300012400800000000007007005000
270900000000000000000800957825003000000040010006000070700200086090100503500000002
040093070010000004000000096003000710005007000000006903000008040006200000072360080
000903000000040002100000037040000000020075008806000000000381000004009021090024050
800200900050400008040005630500000000010004203407006000700000000000800021089000006
000580000060000207005010060040090000800070000090005604007001009600709001004000020
030800040601000207400000000006054080000028036000000700100000090059000800200090060
500000600008070020000301000000040080003702000000008210015000040090000560020830090
000006000000890000050070840000000004905004020300020160009000008800007500001640700
080000009100908000000005030000102003010000600400693500000000006002540090700000012
402000006050000000107090840570400000000615000009000003080070030004028010000500000
000307020500016700000009006670004900000000100000200805000000000901030050003065070
000051008000208000003000010006005407000020000000907080407000230050009000030000975
980000300500098200000420000007600002000007000100000870305000000000900040064085030
000002000580009020000000105905040000600100490001000308200000840000090006300500700
001902006000040000500000030950080000040000002000064790070090060200000051800603000
020000605001050080670200000000702310006003000040800000532040000060000940000000003
800000003400500002010276000023600040060007000008020000000069170000000900000010028
170000000006005004000080700000003070000004510000050086008060300095100000300027040
002094060006000009007000350000400070009057010000000032500000800000060005020810090
010000000060500490000600032000153000000004300200000000004006709103400650800900000
100700084000000000780001000090005002003008010000093460200000000007430100005000690
000005000003206049007400018000000000069010000050000083000004001702000060040603090
250009601060000000000017200004000800000802900030000740020008000105060000083090000
030000200060200051050009007070000000000006009204001000025030080007054106000600000
000090020809004000004800050640070000038602070000000000000000260400080100075010009
000006000910040000000000063002509070000081006040007009004000001800000307000215400
080026000300100000005080024810003700000010645007000000206000000000005070003400050
000600000780000201000040090060003004500204060000005000002300516300000000050007980
000000420002906050000000008600072000000000700409035002000010006900800005047000810
000070059000056002300090080000030000098002000602800000200000045160940003000000100
009035002040200061300000000000900000402500670031006040000002000097000000000380050
710608000030001050900700460000040072305100009040000000000800037000002800000000900
000000000002004091000100000200000074070560008010000500063040000500380720009070040
080903600000000007005400008000260401200791000800000000009010200530070900002000000
520300700089400000030000000690203570000004003002090006007009000050060900000001000
050000008006200400000081070030014000000028000000070053015036000002000031090000800
090604000010030090000001805004905630007000400000043000079000000500200000100087000
000009030000604010850000070000000100000000008074000203060080000005120096301900500
020008004000009081000450007000000000800002700096570002010060000000203000709080300
003000100002090000700000030000008950000002874054700003000050780260000090000064000
800050060100000000000601050090020300010700020000084000067002040000570031000300700
060090043003800700120003000000270000900008500000000090001000000005007038008420005
000050004400700060309000100910000630200003075000000000006200017040008500001005000
020008000005120709140050000401000008300006000090080340000760020000590000000000500
000000008700300000012800904000904750000060142600000090200090000080406000900700000
004800030980001070001004006000530000603070800700002050005000010020710000000006000
000560000000243000000000370004070000000002709010008042060004810081900006030000000
007000009000672100000000540080300402005006010003014000002000000000100080901050700
000009001000602530000007420030014000000000900060000048004205000379000000210000090
000005200043960007000008010016000000004030006002400830000800900070001050060020000
020078500060000800030000097070496000009080030000000000008050026000002000006100480
002508000050000040090070000015006008000000002000105600004360050000007900861000007
720030000040700502600001000500000300004003056008006900000008430000020060000100070
900030000010070230000000800007002000081000045630100090000906507006080000000305000
300000071020300000010049050000003706000806000000090010800050090200004580000007020
060000300003090518009000040000080200000070031200600000002000090680003070000048005
058000000107000060006030005000040800300260000000807040010003079000480000009100008
000402060000600090000008205008903000065007008000001003001700000009800004480010000
000810009060020004028000600000003900402000000003140000080500700509400200000690000
008300090010000004090000008000600000003400251000002607000030000002009046860207000
000400500040009130090050078003000000000700000480061000207000300000000289068000010
450060000000003002006010080105000400003007960800100003070000000904005010008400000
000000009000540070020100040057008900000200800600000005030020057004003001070000630
000900100060100040002007000010609007050000309008001060000006090407500008800000070
000701963000060000803009010002000000000010809080200000405073000000000091720000050
000000070002006000000389200000000085000041000305900040620010000400060908170000020
603000000094007003000200400000800010120005048060709000000000082007000050900008100
300050000708100004064009300005600000000008000001200067000000076049001803100000000
000000000080057000000000619008009004000082000002500000025740060060900450010000082
260030700080020000300640001000580037000000002010003089001007900608000000040000000
200010004003600750590002000000008007000003600000100020002001308046000000070800400
050236700700800020008000900000769300409020000000400000005000000063001000000003805
000000090170003006006000302080001007000090050200074160098007000030000005000410000
006010900400050002029037050000700000000385100000000025080000000000604073300000090
700000009000020350050003010000096000000004005860000000607200400010600003009010028
000003000000579000004260005060007000000490206801000000009100800030000002670080300
800200900050400008040005630500000000010004203407006000700000000000800021089000006
700000806000071000000408012000094031003580000020030050000000007061000005002900000
004670002005080000060105004300009045000000700900000006800300020000800001402000070
000700000000000724400031000080300400500020001009007008200400507000800009006109000
007000600060500000900030087015000302000720000030000800000260005800900020600070100
007100000006009005200050000000080903000004006902000700400700051080000390050090060
000490002030180007060000900900300060000007405000028000103000000090000000002815700
007000001004000700002000860600010500001000209039400000200001000000027190000906005
000000403000061580030500090400987006900030020000000000090005000000400000081203700
000000862080460150700000000007300010000540600040920000050000000003000200800019300
000010700005020093000003058051000800008007000200040009130070000020000004060090001
420000106900085004000000000000970003700000200002010900000500027030001400000490001
000008391070200800038600004000700040000029100020000000060000023004000000050940007
070008200200301000000000010000007030020103905094600000400000003007000050058406000
092103007000020000080600090000000608100057040005000002000000004300060070079405000
650000000000007000000000803400090060020106904000008032010080000000419006090502000
400030001200007006070100000000050000005800103030640908100300200000002604000000030
000001060010027000270054100006080400050000710100000305009302600000000000007000008
470200800000640007000300900002000009060000000500030460080000590090400100003002008
000854009005200008000090000500006020020500090040000107067000030090000710000630000
000400000300820014000091000006075900020080500700600300090040080000100000500000103
004030070000500000100090040590003402060000090007001800703400000000800300040002600
002409000490050000010000070008007050005900006039000100000000060020503090000124000
800050400020037500010000003000000106007002000000015980200070000500300008036000004
000040000200003000005007001600000100900086070082509040300000207006010008000030600
000000000501000029090084730008603000030057000000090010000000050980040600065000003
050600007000008920106000800900000354000000000360700000032051000540030001000070000
002000000009053000000900700508000200400008500000060003300001002080400056000076304
000104000090007000007060200600079018000000040000050700040080306810000005036000900
004160003000050000900300040050001800080090720000070030000000680003506007000010090
004000380700000000000039004030500106000000245060000003000100500900005020280090400
000009600600000000790041080010004700000030000003000829900085007005400003000260000
560400081000002700000081000190000205000276010070000040004000000000508000009020004
401706800000800000000900420050000394000080000730000000000000000620070050080510062
093086000000210000000040189500000078700500400020400000000090032080000000000020801
002000000000087006800601002000000805500000400000096100000000003065700900297300001
800010000020600050037008400000007260070030009000805300010950000000000103406000000
000120000500000208040070005007000009400007000003000064062000041000603500300091000
020150000000007203060000000100865000304090006000000900000010300000700610600003082
043000065600000700001000230000600809009080000000003006500070020100040000406020010
094810030000003060000907000002000008065000300700108005000609000030000094000500200
050001060000000104000906000002000070085012000700000850009540006000060030000800907
050000000000107850007084060008040200009000008600070090700000500000003102290000006
780006400500900080060400500600000004000042000300000000800300025906500703000000009
000050800004010006007800030200004058900021340050000000000100900000060000809030100
200000000047000000005100008000000005500002804900006003000490300830020900009065002
009000203060040000070020810800006497000007000000500008090058000406700009002000000
000465008900000100070008050204080070000700000500003006100050000080600542000009000
070409600000060309400002000000008092200000001003095780000000007001000050000083900
280000400000907000000000720010804562000000000800602001053000000000400006090230005
004000095050000300009020007280000001000000000000609208600400109007003000000801604
097010080004000200000004009500002090000095100000106003001400005000000870060008020
902000000080004006000060780041500020000008300000042500016005200000010000004000037
000800040800000365954000000000000050700090002000007036001072604068400000000005000
608003000100000030002900080020000000901050600004001007000070264000089500500020000
507000000030009000460500200018000000005023900720080400300040007000006800000050001
040000030001078000000054000012000803009500040003060509060900000008002000000015900
008309200000700000640000009060900000395600000020000006000010742000002061000500030
000078000860004370050006002500032014000000080040000063004010000700000009003000700
040002030000006148000007005064005000008100000900400810050090000017000006000000502
000100060035096000200000003090040070600200005820000100000000006040020010900000327
000709205000000000000005761007000000830204000096080003900007030000040000700802050
320400500008050030005002046094800000001306000850000000000500300000000078006090000
000001005700009800903040007400007000000080003000000020010500640000012000028730100
000400920010000000008076400700000200000019086000200000093000070002005039005000804
580600000000907060900000530002000000060000000800124090003700008000263100001000040
005000080000009100200003004000070900000000040400800531004010650900004078603000000
670080503800000009009302000050060380020001000000000200000490010004000800007006050
000000530040000009000402010305094600000800100004006000900000080006783000000060021
000100862400009000000008700000000401107500000000360000004206030600000054001050900
870002006000003090000870020000000500000054007060700049030290000200040060008100000
104000920007000000000506801002100030900007000005800200053000000200080040090601000
002000060350120000609000000000003007200090300010000040000500080000870926098000001
000062500400007060003009000001405000025000190600090080006000000000000907080270010
600582000000000700000000906008003209004600000000010870050307000003000000080950042
000009806007010000006428010800007000040000305030004700000076104010800000002000000
040001500800000009006000010009100000002043705008069000000020000020000057007030064
001032940000000500000470000000500000100900000007320054060000430900000700075008002
300008020460003010100902300000000030005007000000080279000000700001070040097200000
060001008002400900001300004020000001000500080070049000000903000400250307006000005
007010006000000350000000800060300002005800907901000500009020000004506008806700000
000610200900000000000300580004007360100003900000140070010500000270000600050081000
000800000030090006060020073000401000070009050100000980008060007600000219000005600
000500000600070904801406070000000000036000490090000803000040000000000032179280000
000040800002070964000001070000006300004000000069002000000090607708500003090100080
040000105570000300000003092060028000708009000059000000000600000020305008000800730
007040090040002013000809250000700041000030000000006005030400080090120000580000000
000008069000001200800002503002009000090000001015400000000080907000600080009053006
023000400040087060900400100000090006000002000500301700000500802000000019004009050
020000090609200000007800000053000000080005100000001540000400307000012400001067050
000040008067001000030005000000020000109000380085300029090000000010090600004200905
009058000670000000800000907032040500006000000500910208000003000000480100000205006
000061048000708000003090000000000001070006300000430020501000694000000105060800002
000000000041500063700060198000002080008000400009700000000400005006005009070090230
700280001000001003250000400506100000840627000010400000002790000000000600300000005
090002000200008000003700490000079618080100005300000000070081030000040007500000009
028307000000008093000000001000059000003600000700200060004020100000006000869700420
000090400200038010130007250350000806000000000000120590006000304000000080010070000
002000090000000800040301200000700350004060902000435000700000000020800000106020408
004000000010700600085000407002030004000005071050000003000083700030100008000604090
000000500900600300030017600000003470804000030000000050280090000650800091003020000
000100000008930740050087000000008034000059000000600002030000015700000609029000007
000000801602000000001079000000401090000700030203800106040160000000300415020000000
700001800000000005003002010200500460000704000008000502001009000050370000480010300
090400013000002000407000560000607050000000000369000000030006070020703000500100809
600400000508000000209000540094000087001208000000000000000079060007001008000623700
009700400007021305000060100900670000008005000000094060010000908000040027002000000
000005063005000000760004000000010080600040000493006001020000104006009208001030000
001006000000900001300700900080000207009000410000015090004000162800000000000653700
001008000000730650080060340150020070400500080000007000030800027000005060900000000
000090002800504000009000654000000100600000080541073000000006200713059000005000000
004030090003000600096020004300008009000000503000070100000006000029000800160400250
069000010000300002001002700500009000078020500600030070050040000300007040090000061
020060001068200003000000070310029004000080000409300010000000400040090006006003050
090700000000020060000013005070092086004800300000100007000000008600030250008050070
009000210001007084000040600078200003400009057900300100000000000000006001003400020
003000004070601803980000000018000000650840700000000609000000095002064100000700000
001000720060000050900080430005000003000040800080270000000024005300760000007009004
000094010500670309000500000080010006000000041090000000003405078002003000704000050
500007900170006403000004000001800000080000015600000020208700000003405100040000070
004000805000800007702040900005008100000790500078000000200060030009004000000002610
000000604600003200850700000090450000703008000000001000000010743000240010007009006
236010000500007240000000010080300000902784000000000000100240506090008307000000000
020009500000000001000000497060000000800073002070000019000930004006020030904065000
010000230872000060000000000009160070050040020007030000004000000085002004200700350
008000170020004000900008040000060700000209003060070200007000000056340090240500000
500002900300001000200600003000405000821000070000010060000030090080070106060004005
020005000603002078100090000800000100200500097000016005000000940000073000908000006
000000096510006020009502070050900010000060803000700002703020060000000000001850000
000000930080004015000160000100000600070000040049058020090070000507030009200000004
200050000075000900003009000380000060000501003000040080700320000060005037100090008
002008037080000029000500000003070010001600200000410903900000600500140080000300000
000058007000000400000000380000001200281000000007006008000300502050070103030090076
030000069009007580000010000600904001090000000050100200000400700580200003002800600
000000090000850001570100026600705000003400100000009000361000005090007600000000402
000007400906000700080301000030805270060000050000000004000008109000406005120000600
470080609050000040003000007800300405700000060000057800900000713000002000000040050
090000003003008000801006207620490050005000000040070000000080005000007300300040012
004000095050000300009020007280000001000000000000609208600400109007003000000801604
003400051005070203800000040300100006001807000000006000050003900004012000070600000
100009000000060800000812005820000904090000006004080003000300709900070020086000000
800001000000900000070030504050060308019003000300009050200508000003700000000020041
740500010000000500000009804000003020500078300060000000006030000850061900200400050
020000049700509010801060000000305900000000003600070054004000000000208000000006298
190000200000500000047006008000039026800000000700608300000813000000000900601005030
003058904090000000600003000000004307000790406000000209902000000500100600018200000
007100002500002008004000000000009004600020800070010320000430079050000600000705003
040310600000800027008009000006000000009400000500000092604902010000000040010008560
035000007078000020000002080000209010000806243000030000040000000000005160007100805
000500030006400001040000607080050000000809020001004005005002090003100000204603000
000000009000070080000450610080003061006000070020790030009000700410030008065000000
000005600400290000006073800001000040000000930020000067080057000000060000009020415
001067000008400972002008003020010034500002080070000005007003000000600000900080000
030008001070090030000000200000000604000060058904000000200980000700015480000007025
000050689080700000000109000000690007452000000600002030100000050500407010030000800
000060000000005370006300058030800010000401000804030090200100080005000007070000960
000000700005370100400001020080004012000008090026100040009000050360200000007000800
000000900000000008100960007607013000001500490000000000000004702005070304076038000
070000016000000580000041700020080003007300100030002060000000009095007008040208000
002980000000000901500040002000060070001000003065200010300450000000602309000090400
000501020600070041007000600700040050006305000049000010800700260000200000001080000
030050008000900010000003700008006009700302005000095000001600500060000020000784030
401000000000200000032006810020069307000000060800000400000003900090002054700040600
001034070009000104006200000000072050030096842005000000050007000000000908000010030
010300600500280000080000300071000000000700400600010205005000080000050703806004001
080000200000000004000038060026000809500000003000004050041000000009081740208090100
000004528080000000010007000000005403005000090600000010002400086700230000096500007
047010300000000450800000006000007801000000500001280000080035910000020000600009075
005000210000000600063010050390002000000400500800300401000900060200070300010030800
078005000100400080005070906000068040004050000600000310050019000000000003206007000
900020300005006020000040061060000010000100007070098450007609000000050000800300009
000002401900008000240001070006000084000000709400170300000000800030000200070069030
000500000800000041004701003000003600500100200069000008000605000008019300700080002
030720080600000001000400500806013052200000093000040000000009000040260078008000000
000500030800000700000000946000002004306004005010030070040019080000050060070006001
600000900000000045095000260080050000000007081020000003700400000000608300310079600
034000080000005000700000049007600020050032610000800000200308000080007004140900000
080302000400600003009040000030050004000801206700003090060700089000009000000080100
009003000000000150001007409870052030050430800000600000000000042690000008004700000
500080060000200875040000300006000039000100740000008010000002000094005000800307900
100500080000008062048007000000001000009080030060000005000050920000430058095000010
000840600060000000040020508005000004098300002400760090000600080000057300003002000
019000005000070001500000748000004002098003500005001000800200060000009100003040020
003000052040006930700000010480000020000080600000000805000750060000619000102300000
000900016009063000000800400090000002006005004302008000070480000040031000021500000
000190020010003000049060000000900240003000078100457006000004080060000030008000009
030850106000109700002006000000001008086004000007000000500000060060073090000040210
008500000000081500030000901000030200246070000010805000304200009000060030500000040
003005200000080004720000060000000609309000000064003182090070020008010040000006000
010000050090000060008050321001970400700020600000504700000000080003706000050300000
100080960006300008000000010000094500049000080000700200205000000800607000017000305
000306050000000001005000470001009002000004980000020706017480600320000000004001000
300050000000000007085006204000080509610040000500003000000610000800030040030000781
001080004030007020000006930005003009006000840000090075800009402060802000000000000
500000908600020010003008040008004000000050000000009627000002001900640000017800006
500800000000004080009006740040000070000000520102009806300008000000670000018020090
000400701085000060002006008100003200900060000003710450600007840000940000000000000
003007000020000090900100500000000007070840920040020605010000008600000000080675004
009001000050000004800032100020300000500628000000000706600000090070000652000104800
098002040300000560076100290000050030000006400050080000000041300002700000903000000
900600700100040605000020003000004106690000050031005000000000900004907000000083010
000400000001700000800000007310000000605907300007500002000000009043609000020014670
082000034005000006407001005000600000000800073904070050200000000000195000001080300
000035000200001070073080090000007400000090006610040080000003900300000008068050007
004076200000000000000020580000040312000100000600005090060304000003009058840200000
020000007000800496047500030405002000006030702000000000000010508100700000000603900
000003570001064000800020000010000700700090030090000000002486000003007020560002100
300040068006020030200008704009054000000000503000000076005000300000500080040009010
030000007050060000600704300007100038009007100100900000002400600000308050000016000
950200060400068000000400000300010000060007010000000549000870200020004006500100900
001000002000200730200009600100030080300400000047000000009080007800003900502070001
130000000000539601000000000029000100000000400000061080500006004010007520062908000
040070500000000906001600032000000300010500084309000000030002005200010400800007600
004000300600500000830000004208307000000609000040020500900000208006000007050090103
030540000000060700004098206000105000000000004320070010090800520001000030650000000
000307000054200800370060009000006000900004000025003010000010380590000040006000005
200400300000560400006710000029000000500000140000008700970301000000000070360000820
000030008000000300020000075900071000200080010080020000400008920000090601308200700
045090000000000092000350061003107000504000700000030000008076139090000080000020000
020000650000701834100000000806200000000380700010607000080040300000005020600000040
006003007043000010000805000001060900000400050302708400000200700000000009070080506
000064000200107030465000000090000040007020000800300097078000900000046081600000000
000000004002000753003060800400002007090670000000000000930087000070400135060050000
046000700507001800030000002800079300050000000000083160000095007000000503900000020
005001000000490701002007060078000000403000209000020300000000528054000000000680100
361020000079040000040007800100006008000300729000000040005000407000560000000002003
000730500009000000025010800030400010000000980800090400000008190704300000002076000
500008000003000200070690000200000400430000760000020903000105000000970350010064000
000090000000007640070100039600000387700001000050080004000000003210000050009020108
000000006004100002006002590000030260000008450050000007000029000170004080900610000
006000010000243050000008029000500400000020006010900075600010083003005000090002000
500000000009000000800050600200600300000070405470890100106008900000700084000003060
070025300209006000004000100000000650000904008000070910400800000000309700001600080
009000000000003020000005316207050000160200049000300000030140000570000000080096700
050004010300600700007000058000400135000002400000703000800000200063020000040001300
031070009004010000008000000000562000000000004600004002009020067200890130010000090
080060000070000850009000007000005079100094006000370240000000000460500702200009000
050010000810000030020900700000008500000020840000100002000200080006040370008670900
003000100002090000700000030000008950000002874054700003000050780260000090000064000
080006007006200083007000009009102000013005000000600950000000704070523000000900000
006002070000600001840000960001003600000006514090005008003000000000400802907000000
517000000008007920400035000002000000000004369600003010200000000000600500001050890
490000000000009060000002100000350800000001003006087002800000600019020084004000590
005700000020004500001060030000080000000000008609050100007000250000510073050402080
090000300150000006007600000000000000900421060760050800000000103040308700500709000
006073508000000094300000000000600000020050001005007426700906040000100065000020000
000010034000947050200000000000006900080000007060083000025000003903000070700300109
600000720180900050092500080000709000801006003400020000000004007000000005300200040
004809026000034700000700085008000000001300902750000000230000004080000000000060018
000390100080002700000000000005100400090085000001603000030006097200000600709000301
030000000406003000700900605000090010021000006000014009800071000004000070000052804
000900000000060051930000068060000000005407080700009000050000706040070000107020039
100000602009402050000000780004800006200000003060003100010080000007900000602500010
000000890000604500000030060030000017700020900000070052408003070020000000007091400
000005000582000004014000000040000070000290608000607010001080002000040003006530800
007040090040002013000809250000700041000030000000006005030400080090120000580000000
000000610000000705000803000050007304086900070103004000060000020325000460000000500
200430050000000068000908000000001004007040526050700000100000007800069200000500080
000198500000200030500000000200800000000000346013604800000000153100000020092000008
040000190005630000001000000000070000400002900730056002103060070000400000050007089
030008001070090030000000200000000604000060058904000000200980000700015480000007025
038006000010000034900070020050080300000750000400290800600000700700900000090100005
000800000000052609000000140040708900009010000050003000006400071900300000831000004
001040005070600090800000000417060000300000000002000180056310007090000003003000052
600102408030000000008500020002000000100090502940000006004900730001070000800600000
001004800040060020000103005090600000300050000050039760062800000000000007000490500
000507080400000370000830001840000600003000090100200008609071000000000730000020006
000609100409000600700000080000050030020000040001476020903800000000003800000510002
003060020000000053060001400501090000000008000000705900040030060005020180006000047
000000001000087024908600000000000000001068000065204000200000100070040085300006097
000408053000050620010000000000010090100534068400000000328009000007000010000002700
506400090000000000070060438300600950100000000005800020001042700000000000240930000
000610200900000000000300580004007360100003900000140070010500000270000600050081000
000000390610000000034060200206070009000000000700035000085004007060180000000300402
100000042000007000003020000004580027200003009000760000048900001060004000017000050
100504000000079000030680000000010208090000304005003090004000586017090000000000900
000020170000090000059800004800200700040000900000630001024080003090010600007000800
300016005000700094005030100500008002000009007091000030409000021006000000070600000
350001800060400005100030079000000900504719000000506300700000000010050000002000006
008003070050700000000060940000300050602405000090008000000509304100000000930000260
000020000000900046205703080800000010006000002000107063004300009701000024060000000
040003070000600405700000000000000002820040000507060001062009030000500907000301600
002005097397000000000000480760400000100003008000007600600000300000030072000200506
070009046000500090500040003308002000400000600605003904000015070000000800000004060
000030020070150300800002065700600009000400106020000007009000000050000000017900802
000300000902648000700002000004000056008120400600000900001080009000200004000450100
010000040000003712020007059000400000500062000006000908400025000000096000000030067
000000001600108000090006408080010003000070000300800900800500170023700000401200000
020300000009170050040200006000090040000040709070003800090007000005010370000000601
009082600000010000000760005000800200002075010070400060000000002021009048490000000
060000540802000000000800600103005904000030050050107000301000800007003060000000710
000000806000048700300000020050010000007306008001500000010002030940003007000809005
090000080001059400000001007005640000004002010906003005000200030403000800600000700
000038100002009003060000700050080000000000028001502460000000040640090001020100900
000004030000000074000010900900800701075006000000300069501000308600005000004980000
008000054010500600029000000080701000050003070000000006067030082905008000000004700
200100009006008001087004000000741000000002800054030000600000004900000230500000706
010000000090003002040702600400000095003000070000005006005070030001240700000058009
009860500200350000610000000001000004000000218000008360000900473060000000400080009
000090000600805104830000072084000207000200030010500000072900000003000000500010009
000600019040000700051007000100005000700183000685200090800001000000000003000000925
060001820050900013000070006003000000401308000000016200000000000030000097000059048
000000806000048700300000020050010000007306008001500000010002030940003007000809005
020000000003900700000054008000090030010800002005301600400006010007008090531000000
003000080020700009000000100081060304000809010607000000056090400200003800000100600
000017605702008000000060200040970002000000180000052000009000700104000000005196000
001902006000040000500000030950080000040000002000064790070090060200000051800603000
040080070800003000500470000000006000080020197002030000300040702105008060000000005
000601890081900020006080700000004002020000910500000040000000060000700509002009003
046900007000006200070100000002064050300000020060050800120400500000030000780009000
003050000050037004200060000940000006000000018008010703005080000100000007007009305
030008001070090030000000200000000604000060058904000000200980000700015480000007025
000100000003706002061005790050080103002300004007000009000003500020004000000620000
080000060700903800060008315007200006000586000000000009000041020001020700002000000
006007000043102000120300008000700000030010084000403600500000200000859071000000000
003070000002013508400900000000507010050000400000809300009400001060000280000080050
000000200400000000009804003001080050000602307042003089060350000000000000500209001
000030020070150300800002065700600009000400106020000007009000000050000000017900802
430010095010003000000080040006007000000000158500800004000060000000001039000040517
000050304003207000012000000904700510000060700800000030500010000000000040000683105
000980010020006900001053000500000000197000400400000209006000507040002030000067000
701020300000000800000000016070204000002000480050003000200500009064070200005090003
209000700007350100600002000080700000000408000120000090070005302900000001000047008
700000004200870300080091060000009020004000800000000040005017000901280000000006032
090021000105000700040506003006040080030002600000000079000070096000010800003400000
030507000002100080006008509060000400401000000000000360008920010000800003020000075
094000000702605001000008400600000000009703080000001950000090300200830100070006000
009400500001006040000009023800600007002700150705000900090000010000080000008100600
001500096420000000000478000100000200000763000000000060700801020005040009018050000
004210070006900403507006090000000680000020000950400700480000000000597000000000100
000000960008004070063000200000480000309070000240010800000600120000007090010052000
000020005006000980050700100000000009060500274000008060730905000000010000900280010
020607000001000280068009000500701003000000640000030001200000000000300460090012030
003020406000100300600500020209000000040600000000000059008760000000280970030090001
000200030800000100030070890000720000090003450000049006008090670501000040000060000
000069000000014720070003040000000081800001070002000300906300000500000400700500019
000000000000000041005408020607800000930200005840910060004170300700009000020000000
007004060060002400090008002000010028085003000300090004000000000003520007000030150
100384050000000000700102000000001006003620400000005090020008000004709003060000507
001806009000002308504070100048000090000900000095000830000000706000004000300210000
500183000000000010000042709800000600030200900100600005000070000008010490000405070
000206305000000000000130080070050290090000800480000050010008600008000007006094030
400080000020970030000000452000007000002360000003050094000002010100700900009000703
000060030000003040406120000004000050060200080002845001009000000005030006000008710
200000090013000002400080030020310000000009070009500006000190007040005061000700008
000007009000040000050001007060010000007004800009026001000000010048003060200109350
003500800406800900000000020000010705600980000300000000000054090200000067965000030
060000507009000004050072930014005000600089000500040020003050010000900040900000000
000006802000020030400530900005070600901000000070600000800100007030009260000008300
409005080002800934003000007900000000030920850000000300000014200000000040500060010
002000040000000007007506000005702000904600705000008200500000000001094006070010309
062500034080034000090007000000005090005000070040000508000000021900760000006010080
800070000000000046009003805400060002007200010600080000000002300004000070308054001
000090004000804290004000051000000067010079000002600000100538000005000800907020000
008000059000020000000000870400600000090010380000809060060003097140005200700100000
000207006050890007060000100000000409204000000300150062000005024000000000408072000
100300700040008000070000046000246005000095003000000010403020090600703200002000000
070409600000060309400002000000008092200000001003095780000000007001000050000083900
060009008000807000200064500034000000850010730000000009470000203301000050000000060
700000301860010000000002500000730200020004100098020000003000000004000702000168900
000072000038000090650300200090520006010703009000000030003008000001004000060000053
020309000000000300000000040600030000035000008090800705109005020008010060070904080
000000008600090007090800400000050000005003600000281000070400300380702900064000002
000000308004908100080710000010000500006390040000000820000059000000000060000832905
701092000000000064000300900020000417000204006010008000300001009059000030002000080
080900005020580070003701009000100000000005300000038000006000000900800027450320000
000000010693000000000829006040015020000000004062000709200093000050000007001004080
030062900000500000000000405090000540072008009300000010080400000200070060000800152
001009078009500200003270000900304500000050004040607080107000000000000000002000305
000200000009008000000070830070049600060000000302105000400010300001004500008003064
003009000000070068680400000050907000007008403000000100310052000000004005400090007
000000060007003080080090015000007809200006000090200000009002000001050607706100030
900000001000903007704805000020004605095600000000000030000000500800302090000106800
300500100000040200000209700060000040090018070730000805009080010000000000010095060
020040300509700002004009078000060000076520000000001000100400000050000189000000026
020009004804070000003000270200800009007093000600000007000006000000050040019340008
200060000000080060900007005010600852000023006800050900070000000008000170300000084
000790000001000000040050080000800027009003000000020403000040600004907100600501790
000000902000004513000100070000000209700302008000008045005000000601050000032096000
100000730640900000000001000708010000004008900030002501000027060200050190000000050
043020000100070030050006000500001070000080506000630081000003040080050007000002010
080060501000000300300100906100000009602008000070500030007000000006054000004700012
000400005002000800308500010000002931000095000600001008020000004000000003780016200
802300006010000300900105000400987000000000400000000290030008520000000008050029010
000000004001900068030016000900080005000001046005394000008000020000450003006000070
006030900870000603540000700000000000000051064700006002260900400038100000000000005
280006040069000810005000000500000080006130059040000200000000708000907500010008000
000006908000500040000341006002700051070024000000000000009000103800010000056000097
010030040390002580400050200000200100200106000000005007800000312000980000000000600
000000001800600490700005020080040050043700968060000000000054000001000040030890000
000040802005090010020701000000008000030000067010050200901000700000019050860007000
005090068300004000009002000000000100000070023027000500006025010000400070080710040
095001003000005290000083060850090024000102000040000000020000500000260900410000000
000007000007090182000800065402000900000012000600000000000500003009001800028730001
007003400001560000000000257000002500000870009009000000408010090900000030306000041
540000638809005040000002000003070000010900705000000490030000100090680070006000000
000007005904050000000000020060015090300000200720000400500008742009004510002000000
400000000007001050000300800001003209800027104000900030002000043000064012000000600
000390000064020000280006000030100009000080102007209400000070010900001040010000500
200080009097000006310000400002578060000200000000096070000000080000024007000307900
500807000000120409007300000000050000801090005709200010104000052000902600000000000
090000732500000400003000000000097340000605008030800900600003000029000000010240080
000090000000008417850000006500010004000000000080003072067050301040007009200004000
076900100090030406400005000000100005060740002000000980000026001020000000087001000
005430600009007000420000000000000070040000100208019005780905003030600800000000004
041298507000040000300000000000602100098001000000080000070050804030760090000000700
000009058070200000510400063030084097600051000001000000060020000900000030000000640
020000090609200000007800000053000000080005100000001540000400307000012400001067050
000000709406000000700002010004083000005400097001070000800097601000005000000006803
006000031207000000041700002025000000000002890000030075380460050000000000070090010
000004000000060015208000070420700000060059003005008000007000036003406100000300080
070300008000009100604000000800700000007040030063900002200007006900001700050608000
004709000000030000000500070806071003000006900000940100000000012310087000009020400
000600023000000070806000000000009000040001090200005468080090300907000100050108200
080000000360800900000700085100006270050000000036970000000000094470005003000190000
000000003006000720003608000002001400001050090300090010000000080090100600050082940
000006000850430000006020030001005970500004000000000400610009005000308000003060081
020060001068200003000000070310029004000080000409300010000000400040090006006003050
000098000000070824000000000000000102208054970000007000007009008160020700034000090
040100500003600200000002040010070080000400000097008003070004900000250308000000015
500708600200000040000034020002000375003080000000500000004000001900350700800040060
007304005600050002000000000085000029200900700400506008501000000030700001008001000
010800200050000004080205090009001020060900000005040600700300000006100400000000362
000800002710020000000000000520170000800000600309000020050217900000680000040003180
000004500000100007002030000080000470070080020160000050020090003904370000010046000
490061002000000000000209080000907608500000020800600001000000000000300240006105730
007030410203060000014005000400000260080002070001000090000009003000140000000003980
107000040090600080000004003000030090079000005000790000802160900004000000060087200
400020000010700000008019000040050007009470050080000004900005002070040165060000000
201080000004000700500096001000460390080000200000000417000600000007009000905070006
020003008001054002006700090000000001002005080610000520080900107500000000030040000
600030900010000004400056007038007000000000008000009600209004070000070001170005040
047600001006200370090003050000000500400057200060000000078006009000300000000900740
900080573003601000800000000007540000000207031306000000000000890700900002090050000
050000900040020610008009002010000045000700000002060000000000081000031020020086409
104009200006300010000500086000620001000000009002000450000005800090870040700006000
400200070006000000000900215000028000060009807950001000000000091000000032701600040
000900340007000600000087000103008009700000000000700413000805001000306080045009000
000000900000210068000509020007000600500000080006004397000160009700040050000002100
000019060000000507203700010400208000890040600000007800000400009000050000349000001
000042000700000020950010080030600000000500001200300760010050208008030000324000000
001807300000010050000035460000003000010000040080026007020070100004600230000000005
500000600409500001070000804280063000000800470000970000000050900020700080000300010
003000907000000086005060004040000000070800020009106000308014052000000300290003000
006000540000050000540862070000000000209000010000309000053010002600900850000008004
038600500000002400704080000000000160071004900800901003200000000000070305090000006
095080000000000004000704080160200000700000413000005060000002050020800700908003001
200000450504300000000000890700000300340001020000006010075069100400507000600000000
000700860070002040058091020302040008004100000000050000090000004400020106000800000
800090000945000000000001075003200040090803200060005009020000107000604020000700000
085700000090200000030090410002638059001000002000000000000020805000859074000000000
905000000680071000000008000000420037060300010040000805010000249007600100002000000
050000000300600004000085009002004000061700030000820007020000000106000073090003068
007408300000000841000050020006090508000025700001060009000040600900002000053000000
100039006000000800000008003014000090000760230000000408870000004500300060020075000
008134000007000341000000090000017503000000009050302004000891000700040605000000000
001007004004300780000804000200600900009000000300000100840900300603015000007000005
000000004082001030000007160400705009000004008560000301001600900020010080000800000
758600040060004025004090000023070100500306000000000500000000003007008060000401000
000007001001002360400000090000000906000001040070290000009005600002800003003600210
200004000000300100503090000007000509000100300000080700009065070000270036700000250
089000004040001030000054901000010263097008000000000070000000040004107050200000300
500030000000940000004010853000000400003200500040080030800000900007000061090500207
005900200020065000600700000000806010300004000009010007402000006760003800000040001
000000947001000000000040018970800000430007005062050009007300000000608020000200004
001000090000030010200008605504000000009060000006520070000002000040090806100004053
007080000009000320064000005000000000108060900000893004000009070400100032005030100
300004000006000200001050980000000004020063057030021000040230000000509070000000609
090100000030608000087050002000039400008500230000000005002010700004070068000060000
420000390560000004000000000000000040003800900080512700030140060000900000001308050
060900070000080002500000030000058004600100000008700900810035000300820000009070040
006309207000006500020000040010007600000040000830500000284005100070091000000200000
014000000000030007600009005008107050007400000040520089100000370000804090050000000
007012000100000000000400053000020000020009010009704038004005000070600594000800006
060000000000200013250408000000147020086002071000005000005000000700000300020804900
000053000000400310070000000000000071007040052500029400000800600360007005208005000
000020910004018502030000000400007200020500000000009046000000000100050630908700004
000003570301000000840700020106000000000200035000008100000000002760090003208040060
048006090006300800120000500000000010010000035470000000862090100000005040000600009
006004003700060020400030008900800700010040000000000900600000047309078601001000000
000004600050800002000000900000008060083000070402509003520300000000600000136705000
020000000907060014000000800003000607000090020601200040050001090008000000700005168
000001089000000600000090020067000300009028000840700001000476000000830400000010067
000000005400000700000098100000000500010000002002040036001680020006403800093020040
000020470200006108090001000020000054007300600300000010504000803006000000000018005
009000012080600950000300007000003405000400000800500070600107000010004090000002540
007800003060030004000005800080400001000010000150000206042000068070020090900040000
000004060000090000030007940049003600008000001000000870001060000364008500020300090
503009060000010904200000050030200000008060490000708000019000082080000500000300040
050042130004007062000000050002530090000020000000009701000000800280000005900105000
690000038000000905000005006800902040007060050030140000000020010700000004000003680
640000730000010600100600000008001007060002900004003000000006005503000160090000084
000004000050000073700200610004100259000000001000008000030040500200360000049020007
000200054000040800610000900020906000007504608000000000008010000002000086700053200
005003100690000003000040005060000030000900000021605008709300000100000090800000271
007030000000060009090400508056000207000000400002080050000003100071040000209705000
030010050080000000000000601320090006805024900009000080402500030000070002000030010
004060908070000040030800250086000020000000800000020010300500701000001300409300000
000004030009320000002005060800016040100070009090500000580000400004000820070030000
004079000007000204000300050000000006090000583010650002009500807000062000008001000
026000507000000019070803000009021008000400000003000950000500001600047000800002400
105004603020070100000000004500931008070020015000000000000000000030089060400002050
003000052040006930700000010480000020000080600000000805000750060000619000102300000
200000100009000005000890300100063000070050040020740006508002000301000800000400900
000000000400057068500401002073000040020000080004060100008600204790010000006000000
409200000002500030000040120030000069004001000000400050070060000000100800501390007
010007590009602000000000032005104000001080003870000000050091200000000607700050000
000010670800400005090000030108000000003000060029041000040530008030000720000020050
905200000010000380680000005001050008054900010000003050000000871000000000000806903
000001209070500000004870010000200003000000750800000000650080900001402600082000007
820060000760000200050000001000030400040100096006540703000000032100000050009600000
046900007000006200070100000002064050300000020060050800120400500000030000780009000
000800034000500070001040600006190000000000200800020905320010500900000020008009300
003710000040080000000003760090100005002005003006000278021000400000009500050600000
000006024005090000000007300000000000089042010560000008710600890400200600006000100
006537090000002000000610070005000000000006015860709002010000004003000601000800050
000690300000000918000008000002730000079006005400020700000500069004000000300870050
000000057090405002030007609000000040002070800065009000700200000008090000000350206
201500040000600090000003700600001400530000008010008052750000000000080307000902000
010000230872000060000000000009160070050040020007030000004000000085002004200700350
000000604600003200850700000090450000703008000000001000000010743000240010007009006
236080005000020000010000408005006000000200000604501072098030200000000900000007001
000001005700009800903040007400007000000080003000000020010500640000012000028730100
002500608000029300010004070057001000004003500000870009000050080800000060001000400
000000407809600000006040300005400006000005800600300050000280900030000040004000218
708560000400028000000000000006000003900603040002000050000090031001000870800042060
300007050690000000000095000106002830000070040000908020800700500500006001000803000
961000000050020000000000980000008000000060320279001800007004000000003015080010607
006179000002000000450600000001360709000050008620008000000000010700005920040000800
002080307000040000300600950834090000000000090000075280025730000400000000000000016
920000000001000800706000002040300006000900500000002089008023160000800040000701030
000009040105000700000030800004860000000000908207000030001080090406321000000906000
604000080005000000000000406000000000003940020009768040000801000051004079020003800
000053000000400310070000000000000071007040052500029400000800600360007005208005000
240000010000620000096080040008003900000070000000108200001000007005047001080009060
420000106900085004000000000000970003700000200002010900000500027030001400000490001
000900037007506100006400000203040005000050010680700002700002098000000500009000000
800054001000070000009000060002000000030700004406005080000060013108030040000027009
000007300000500002200400890000001000400906000008070006076005200000000537001000604
003072096075400000090000003700051080000006024028000000400307000010000000500040000
000800006005004920200600500802960300006201040000000200000000000400030007001700005
070003001000700035092000000000300009005608000000045678000000900680050000000860400
000080090008000040605200800901000050083027100006000080000901074000035000000000030
600000040000036200000421000067000900005007800900800500010004000000008603000002085
000608000030010064071000008000067590000200000000409000800000430020005016090000007
000600057037800092060000000000007000000005008008401300002730109180000000403000000
000060003200000900080400100000000075500004000000017608070002800000001302040308090
000010207170000604000000050800000000060040300030756000300005090900002008045009000
001080300000709020070000401300026000406000000000804000097001004000300050005000270
000000070006430500000702000090000820600500104000080009009053600000200008045000007
000618000300490000000703901000900563031000000090800000009000080050000007480000002
090000003006102004000000000000030400000006090703098020040810006807000000060009705
004320006500090000100800007600000070241000000000601008000900003900000280005000190
009003001084010020000000500905040000001700090700060030000000010000680200326400000
000000000000030980310004000020380040000009037100072000700000000690020305000908700
000040590080620014000000208006054000000106000000090000401060000007000009500308006
020008000000000860000200307003400005062050030000006040007060200009800100280500000
005200000400300700600000010800020100040800500000095000083040070090006080500902000
090700364000000200800090000000020050045007092000009007604000000000081940000000805
002040000430075000600000000507080030008006000040001070010500007000000405020093100
000007020089100060070000000000002090205600037000010080050079800000000000067040910
030009000005016000001740000047050092000000030000080004100000005306000200080000673
000000960500008070000070003000002000040009080020850604000080300610007400002003001
000000000067000002009000870005007400000180053020050900090300061500000090600001005
000030006800100947006700210090000805100000000060073000000000000000200004041650009
008009070006400000020310000000050030100900206070000500004005060007000000050034089
050800100007003850000900007609020300208000001010000000076004000000210460004000000
401056008000000504600007900006301000200500300000080000040760000017903000900000000
300000007020710009008005600000100000067090002809060000000080090100250006603000000
080000600000009002004258000150072000006030000000910000003000201070300040460000090
050834900000600800000500071640000090009240000038000050060000000002300000000709020
100870000600103000008004102050009000000000007426000000240001803001090400000007000
002900003000840060000000100000010630105080400960000000204000000010700340090005007
046000700507001800030000002800079300050000000000083160000095007000000503900000020
609000230340000070000800600170052000000000090003080001008004000004020900700000064
008001260007000030100500000000000900000000018005309700840020000530840000006030100
000507040906020007050090000003000010508000076620008000000100029069080000000000300
000500000600910078090004003000000430000047002080002001002000005069300010700000090
000701000350000090080065040800004000005000007090507060002006503000000010000480002
080100507901000000000004006000201490000090003009000650630002070000400800200005000
280006000000000030005301000001000200000009603000060007300205019040097006800010000
000070008000009200070000160045000010000200650008000907000002000004030091810040030
000060000000005370006300058030800010000401000804030090200100080005000007070000960
000800300000002560150000000800070903000905200700001000000006000046000790080007420
000004900000080050800001070001640020008009507000050086500900802000000000360000040
062000400010080005309500020000024190040600000008009000000001030000230000003000609
005000070000700500200100060002060003001009806000800002007010000800000940069007005
000050096210400000000010007002008031604000070100000600000975002400002500000000009
000007000000300026090000050670403080850000600010002030000010804004700090100090000
000309000006057030900000005072000300003005800050700910000000208280100004007000000
006010040020000000090402000300007050008000704000395001000004000001056009600030800
050710306000008005000502040038040000000000094071000200600000009200006810010000000
000040007000000865700300000080000003040000018003905020001450000090010040070020001
057000040010200070430000500001756900000089050900100000078000025600000000000000800
040005218000000490800001000000009000000010670026040000050068000060000000709030802
000004270030000000000107809005000020800003507460000000000670180010000602000005040
000200700070100020000000031024709006097000004500060080000050000001600045006800000
700000502040029030009603007002041006060000200500000970000000000010006005300000400
008700000000960010050040078630001002500000096000000000970085000000300021063000000
500006004009007000060000030000050102008000070090061080073000009000000820020403500
000008930018530000000004008003050000000003700000200600900000507000307001201600004
050680904030405000200000007000000500000008009063200000070000000000790048900001605
090050670000000000000406000500001004080000002600002105000070500008009020007138400
000802051000096800004010002002960000700508000000000060000000000305700040006040087
000090060460000150008000007013000000500003020000006000040071095100600200080500300
003007020028000600600400008000600400506903000000052000009000300000704200010009080
004060050000005000007030020036900000000000610000027400600050901000000040903274000
000002000008040007065300400090006000402710560000400700300520000900000000000034002
009020000000001903050000040000000036060470000408000019040207050000680070500000008
085000004020093000000400070006900020000800900500602003370005400000008006000200007
060000078040802600000000420000094007071005000003000005027600000000230000000070840
450000073000097080000500000000019200200000009040006800087000160500000402000360000
000007530080003060040100000030000005000400210000001078090700000100050026500009400
000007000000600014500040000002003100070006093000429000007830402800000050000010700
000080015070950000010400000040000060500200000000009001000008070081745200004020003
805920300000060100000000070000043000030050090040002800092004050000000682003000040
000400001060000000205010480030004000028900003001070960040002070000750000000000805
000000004082001030000007160400705009000004008560000301001600900020010080000800000
008400000300020090064900010800003000000008020001000650040809000090000007106000940
500103028000000001000060500010600830700000000030800010060007040080900300027000009
000427000000006000600050000004000009853009007009500002010000045300800600900030070
000500094300000007000070150206000070000002000005800240900000000504300020003084006
009000060703009050000053094000100802001640000007002003200000000900070080000016000
004000000070020001030008074800095000000001006097000002908600000000080000060137200
201053000000000900009070006000204008000009140040760000000680701700000002003000500
001090630000020915000003000000037020800000000100008750307000000408000060090570000
087590002000040003020000906600400028409000000030000400000000000000020705003180600
030002700090008030000300069100500000000040150020000004900007500700000013802060000
060200100000008047000370009090600050004000200500004713700003900001000300000100000
040200600000900005000074900005040082001080570600000009000050800000690000002000067
000000430000081200800900070013009000002000500700600004571820000000004800000106000
009020003048300000000000080807004005064500030900007000000009002020001050005060007
000730500009000000025010800030400010000000980800090400000008190704300000002076000
400600003002078005000030000001000000004002030800000750509007008600501090070200000
003000471000035006007000090000840002000900034500007900020000000100000000074690003
800629030002030100030050708205000070000000004000000850000090000380001500070800000
006400900000000034080070006100600000050200070003000100400090050030820600500160000
000710600009000000040020030006800240000030106007000050600400090094001008208000000
200050000075000900003009000380000060000501003000040080700320000060005037100090008
900030004001000370000600080037040000040000018012007030006080005000403900000005000
500008006000000000006009370009040000300060007008300495003027000084000050100000900
000000904080000500000060080000000000010003869700106400360501002005027000800000090
009002000004000002000041036540070000010050800003010000000006783000008004006000520
090021000105000700040506003006040080030002600000000079000070096000010800003400000
800000000200070510005010003090530041003000060000082007000000830007050006000820000
100200490004600000003000720000400068080500000000107950020001000000004619040000000
020078500060000800030000097070496000009080030000000000008050026000002000006100480
001030006009002073000008000003060051000000007005000900080506700400170000100803000
970300060004000008000070500005000000010090000800007100000054300230000001050203087
900020500000000400000300076007200800500800030108079060300000000050000304070190000
000009030000604010850000070000000100000000008074000203060080000005120096301900500
060030190800005000000000006041062058000003004002500600706000003000100700050000200
001000000000700408980000003005020097060000050100908200500800000000570300600090001
040203500020710040610000000400005060003000000008000324000000200500800700001309000
092000000700000805300000000036054010000600000500001900900060041004010739000007000
000000000930600000208490050000200500801050000460010007000500084003080070000100020
000000400009480050004071600085719000002000070040020008010000000030005009200000700
006010000008000903100004006000059000089006047050000008000700000570030800060005070
000000000053700060720049000010000080506000020082000396000002007000401200000090001
004019006000720030705000000000804000490000200300000000000001705009000380008507900
014000030000001800820000000007050004003000096000006300305900040002730000480600000
050100376000500000000000900037000001020018509000000000008000005900006200014290800
009010078000502400000004003204000895065000000000020060080300106000050000600090000
009000047024000801005000002000807035060500080000020000000004000003056109700000060
040009200000000004000270030000002009200500600700103008091008042608000901000000000
450000073000097080000500000000019200200000009040006800087000160500000402000360000
007000000009000086030700045008000500000400900102090060000018000000250004500600190
009000000700200805020509006060000500080000000001004702100060000000401089000080230
008006070000105009004020001070000003500000906082060500039000000000400700007090020
300000007020710009008005600000100000067090002809060000000080090100250006603000000
006010200000000079047000000013507904000209100400000000000000000002000060971080042
000090480900003050604000100009000008300680090060000000000000504200158000030007010
700032000010000507605007030000800000070000900800095600020000300300406005000080090
070040201000000864000000070060970000004023005800000000300500040040032900090000100
000710000000009400730600000006300804045000070000000050000500706090400003070003520
304017020090800000001040900005702064008000005060000000010000700000685300000300000
006700000003600900094000052008000320000000000000109005007030080400910003030400007
002087001000103009000020040060000730000000005000039000050408000200000050130090086
908000700003060200100050000009000010007000690000900307350480060000000040000006108
009630000001090006080070500014006070800900300000000064000168000000000020000400908
030012000070003000000540060003005470005900001060000000600080015400000723000000004
000004060000090000030007940049003600008000001000000870001060000364008500020300090
000008002000400037000000610584006009000003005107080000020070001690030000000054000
006000500030001000000500006400100800000000740087020090040069003000300008012005060
074600310000000000003000609000009020000030046009056001000013700001000002080047000
809000600000801500017060004004705000070000030000090000000000400080073100501600900
780020000000006030059000804270050001000000005010300000108007400000069080300001000
008017905000500000000000017045090001200000890000000706006400030300700000900000408
007000020009000018300060000000430600901000045000809700000600000410007000600350070
095070000000580027067004000004000030000006001000000905000000008420008300009325000
007014900400070200650000000001400706008000029000050000000200000085003070040090003
200600000090000463001005000000107000000050020300000910407019035650002000000000070
010000809060109002000000000020090005001047000000500460007205100000000200004003056
030000000000001008700580000000024050040873900003600000900000002005002091200000704
900200100080700053700000000205000060000003720000008000590030000001065870000901000
000005010800400630005900708000710000037000800060090000504020000602007000000100900
057040008800600100006000730009700003000802040040000000690000020030100000080065000
