000000650090080010010000040100203000007500000005094100080000060403027900700000500
003006007001980040507004091000070200040020008360500000000060470004000000050000000
002005000301000690709000000400500001005000040203007900000008002600400070000036008
080007030000203008000010406260000000910030002000900004500002060070160000000800009
340000800007000020080100009000027461000605090000000007906080000004006000000250010
000903000000040002100000037040000000020075008806000000000381000004009021090024050
070000004003000958000001700500074230031500060009000000006010000000060080200700040
060032000070080000840900052006097004000800000000600030080500060400000209000003007
050070090040003076009020000080000012301500004000000000008035600007000000003002905
002007003090100004060000907000700050000048100004905002000650020006001000800030000
270000005000700600035080000000800040093040008400035002000020009001000000504003010
010000060000006000040003700120080005000000090700060803406010000000930080095007020
050000000200048000903000002009070008000485900071200400000000635007000000030001080
000008060700300200050060014090000000004030000007480020000009040830001070100200800
008050000700600100020000908080007010009003200000000603005006000040800000090024730
070085400002006000000900070000000019000000700501000826905000003100200080068000100
000090370640100000700026010000200700000065000098000603070000020300000000020047009
007000801860003000000000009100605200080100000000007405000780500030200604090004000
000400000050070190000080702001904003007006008000050400000000600600508000100309800
000000004950300000820700000008020000100000090500060180040003009710406020000050006
010690200000003000904070000702018006000000000000004320600800030080700060107000500
010028000060000000007000061600015903000002050078000010400090800001007002000060040
039600000000089000000000580000074005001000030050300000008007620700000094204010300
050001060000000104000906000002000070085012000700000850009540006000060030000800907
004520000001000000080000204309010000000009500000608000010080609040700000800142070
007000650001000037000005009030076800100002090020400100400000000700200008000380500
040100063000500070003078009000806700502001030300000010900700020000000006200080000
010009030073050009002000010301080090000000050406000802800030720009608000000000000
800546000700002000010700065000000300600209000081000200000007804009000030060190000
000800065034000000000020108009034000006500730000609000002000610713000800000200000
000600400070240003003800016000005001000000098012000007050019804800070000040000000
080004207000000050900300400700800000020973010010005900000240600090000000040100800
000006420600300500000020070063081004401000008000000000070900600000010045032007000
001000040004100005290000000010400000000062800082905000000000056009084030500300004
010000200200609000600000050028300000007001006000040100094000830860004007700000002
000007000372000601006304009005008000000906307200000400000000103090000000020760008
000000920000082007009005810900400000300700106056800400000000000280000061700001000
040900060006070900080020004063002840009000510500800000200000000000080030050031000
004000906010090078060800003040020805000000300021000000003206000090030500005007000
002030908000004000006009300000010080050680030800000740005700012003050000600900000
000300002082000010070000008000064005009030000620010000000749600100000400005600307
500007000001060380000000064080005000000900600059706208075000030010000900300010000
000600500400007102080900000008000005000083000250000007600401200102000046004090000
800200705050006000091070000000080500120600000000004010080009400604000000007050032
305091004000000315000000006007000030000709000900000002006004007030200600098005100
000000061004802000003070200032000000000031000070400605000007400081040029000050100
090000007000030090007000280006507000000090620020401038400000162000050000100300000
000001807700000200010030050000650983053000060900100004000800000200000400085040000
028090501030000004000000000050300000000107980002050007000030140000900860203008000
090000067000000040001875003008090010300704600000030020000000082005203000400007000
000610090000000000092070000000040081600000320000508700014023600000000800306005040
007003008005000009400050000002000805050130090090000002008206043003017000000040000
060040008000500300008090400030001090905306001610000850003000000070009000009000020
021060800000070032000010405000500000004081000800040703000700000007000290400620000
000070162002050000000001000000007905500810003000030000098004700400000031700100008
097000003000006097000900640400060030020057000500040000004000129002700500000080000
070000804000190000200700000300209000040000030802605009006000592500002078000000000
790000061060090204000002000000720600008504000050100000030260080006010900000000400
930000000000521003000390000000000008091000260640200005006080700000700001507400000
000025030002800600600400079000040000000050002050931804020000090460009000100000000
400900000102600503000031000080100070000002940000006001000704056000000830800000400
010000680065002030000093005001060070400000000000054810000000700000237000030001090
000000063000205010000010200900000508000040000030802040700000036300178004050030000
502000630100900005006000000300010000604000000000005790000000340910500078007030500
007000031002000005100500020600001000000400807000267000009014008000003000050800073
000060800905400000080003105809014000000000007000009310006000200010600500072000003
000004059020630700000081000003900000000000001097000006200000604000140090009803005
000706005580000140100000000009804000000307650060000080094000023000670000000400010
007000530000400620090080070900010000030208000000900000000860000005070006810002097
003000096800003100006920000000060000009400003060000704000001589000300002080007030
000007004000300020600002810050204006003070000200500000006003080102006900000000307
034008120009004036008000000800010003007620005900000000000900007600200300000050200
000807030005000604200000007000009008002000000060015300000950070004000815023000090
010090048600004100030000750008100300001009000070200090000508600700060000000070005
070300008000009100604000000800700000007040030063900002200007006900001700050608000
000008000903005800000040106130007002000800000007090050804013720700900000006000000
701000020020060001000000008000020860500040300006790000260400000000500002003001094
010008000004162000060003000050000080600500903000000610020070048800030000001000270
006010200000000079047000000013507904000209100400000000000000000002000060971080042
000105063607000000030000900000020008093800000006001000085006000000000102009314600
000040001000200000700098600508000200000002503003010060870900000004070000020600450
080000006700300000045100720000604900002000000800090007000860009060200050020003001
080000001005900400003006000590080047207600008000010050401008270000093000000000000
800503000000709000900000603009000004002000761073100900700800010020005000050000070
400700020008600000060000700043800000000047200000010008080320060000000850002009014
170030000000800300000020067239000100056041000000000000000290080001005009500008700
000000070002006000000389200000000085000041000305900040620010000400060908170000020
290506380000002050007340090050200000000030001070005060000000600008000000031907000
000000900629070500000018000000000120512000609000000003060000010850120300000093000
301000400008900000060000020000500700030040006089600000015290003000010080000800207
800090500090743010000000004009008002080001950020000000763000005005400700000000060
050000000000107850007084060008040200009000008600070090700000500000003102290000006
050001400004000001006800720000000000600020070000459010030000060002068009000030205
007500010000300000010068007000007034908005000020900000000004100060020403080000069
000050008100603000500090200002010900001009007008200050009005800600000403070000090
000470010700000000010008005083000000004005600509000720000750042000004300000200056
003900080001000905000008007000005700950000031080060400000526000540300000010007000
609250040030000200005009070000000000070800002203004000000560091080000000000002764
809240007060000080030000020007080600005704030900063000000670000050000000200005400
500080600000107090100300020005200070007000804080000002800000041064002080000000900
007000530000400620090080070900010000030208000000900000000860000005070006810002097
010000000009007380700450090000002900000786000406003000180030407000600008000000500
007010006000000350000000800060300002005800907901000500009020000004506008806700000
000000030000807640010063050060000000800900200000015000700100005005000069640080300
480000000007000400002908007090006025100230040000000070050000800008479060000800000
600073204000050070000000069910000800000000000470200030000090600340100000720400050
000000900002704000090230000000050000006018300000900865007580100040009003058000000
020007010000420500000930004800700900000000000065049002003600280000000071006500000
070000800510000076300100000009800740000200000030060900000010020007002354020006000
040000010000058200020060038004070001005000000160200004000000087009080100300000906
050090000086000200900002408040060173000024000007005000008000000000479000000003059
024060000005000023000002709000020000053400900000083010000006071000010000607000480
070000200208005400001000000010900060000070900306000007027051009000493070600000000
400000000007001050000300800001003209800027104000900030002000043000064012000000600
000006803000302000060000025047000062000000470000020000401070030600010000520090008
005102300000007009030000040000305607080006100007420000000200000890600003001000400
000400920010000000008076400700000200000019086000200000093000070002005039005000804
020006050000057000090000006035012000040009200001400000000300000008000130009064705
000590061000000035000000802008070600007006000010042000000607004052000000080020590
005097003060000000000102700090008010003001009200000000608070050009000402021003000
006003000740200000100000894200000500000900007010037000800040070930070001000000260
007000903200000500308200001000025600400000100005040000980100070140006005000002000
000003400500100009000020067005600208060400000000000000308000001079030020600070590
400100020900004000036080000000250090000001000063000010708906000000008009020407008
080000200000000004000038060026000809500000003000004050041000000009081740208090100
002000003000017600000000152700000005180009704093000000000030001000050320007600009
060000209000090000000205000002900050508602000940000003001004300700500000006100940
000000607910000000028000001705009000040180700000002905000091008000030160570000000
300715080207000003000090041000030010600070408000002000020180050064000000070000000
030000080090004300000005200000000005000680040106030090619200070780000060000007008
000790000001000000040050080000800027009003000000020403000040600004907100600501790
007408300000000841000050020006090508000025700001060009000040600900002000053000000
050009060000020090300000000036500408807002005000000000024050630680030000700010000
087060000000500000050009026000000000000305940045790000009200007000008019000030508
800010000003005420109000750000000060390050100000400500700004000500082010081000000
090700000807046000614080000000000020000000048040020009030001690100805000000900030
008000000007305201000162000100950300030000725006000000070200000003508060000040000
000005400038079000000620090000210000140050060360000009815000000000090010200000004
002009041300000090000000520008005600007900030060001080506700000020080700000040002
320000000000000006806010700070005930003790040000000500700050201040800009050003000
000030000400812670360004009000000000735000120000000065000023000980040501000000000
000000100000902007020004050000103600000860003090000000007006029002500361034000000
000000000000006098000000205040005900007039004030600710705420031008300000100000000
304000100056000302080000000000180204000604000000030590000007400090000607008040030
600030000094200000200009100030604000000090080020081090000027030000000004548000900
000040000209000300083002005000028059060070400050900001074500093100000000090000000
019000005000070001500000748000004002098003500005001000800200060000009100003040020
000000000020008090800702040090000600006100300582900000060040800910000006000080057
040020000000040097700003200000004001000500069000100030170200005008000000006859003
056000780100004003070306000000705008000200000028090040000000400600100037000007005
800000000006020940021054700000309250002005070000000003400700008690080000000001000
800900006005004000600080200700260009004500100060000050070306010080020000000071000
000700210007800900930100400040000050320000740000050080604002097080000000000009000
000700000090006004341000005010098000058000100230010840000120000000900002000005700
100304006003000824000000000600007200900008007750410000000000009006840000020003700
003009100076002000209560400000040075000000000050200000000601002000008563007000090
400000000780040050000009600040070000000006090600085204800000960900001000001304002
050070600000300102000068000049080000001004203700000019004500000010040097000030000
000002300000000001700080060200050700000000004800607900506008070007009010000070549
000070052005200000039001006006003010300005400010000360107006009000742000000000000
060290800000008000901740000093000204050860000000000610000000002079010030820000000
000000601906057000000200004400900000007000008000003097019000800800000026200510040
800000069000708004003095000000000820060001000090850000050000100001027000200900043
001007003000090054200034006100060500902000640800070000000040090000605000400800000
800050027560001900009000003000030000017002094600004001000090000080000700000410030
005001049090754000000000000000047006008005007032010500000000103000008020300092000
160020000000000300000300500000810420000002701700000000049008005200090080600050140
000000000761005080000127009070400000050000400300809201520000040800000000000203008
000009004006300002005040800000801000230006500009000070000008200600100900050007380
400290030090000001602000000000407000700016000003000000008000600031050400940800302
004000000800002056001050002090760000700030009400010700000000607000020090000690408
010000200504027003009850000000003702000091400100005000070006000000000364300002000
000000000600420500000570429060008000000340105700100040008000300470000000020000910
001050600409000750700030100000001007040070500000420003600310900200000000100006000
050098010000002807003006000000009040006051020000000506074300008800200000000000170
000000006070009021050020300002190080000005009000700400028670003003010000060000900
070509060000000091020640300902000004030000000017400600100090008000000020040180000
140900586070006010000000400000000000000764090402300000791030000008000000500000301
008000015960005004004060000000002900003700002000800040000040023079000000405070001
701060005002013000030500001000000080008400900000000004090608020307200040050000070
400000058000876000230009000000230080000001000000080403001420007500000100300000506
400096000000300000006574090003000002081000760020000008070000130004007000009405000
000004103003650820100002040080006000040179000007000000000000050008000200910048000
000006009000082070100905002090000000840000603570000010016009000000057020000004080
000004500000010068700820003080100700070009000030000681603000000000000000409030025
003007000900020035070040100010000204005410060000890050060083010000000000004070000
050060010403009208800000070700000003000350000002000460006073100000100007000805000
200107000300000090009000000020001000000068105630400200000000000700040952040002063
000840000000000000009005701004028000008709260005010000010300840500900300080000007
010403000007090300000000046000009230900306080500004001000000070070100690020008000
400089000800030905000700000000600800000020510035000200001000000074001009520007600
600003007700009000001800000802000000000025304009400270007602000400000020500001040
000096070000100000800002004030401702000005001020007050500080000400600103009000500
300010000000650309700400000960000007042000061000004000000030000600098170050000803
870960003000000100500034600003080405000000090090002800004300068060007004000000000
500400820080020073060080000000698000000000005000001000204005910600000030900000407
000005200000090001000000083070140500600003040002007008000701000007000360084506000
000000008300051040800263009000000000003406802108009000070080005000005003600040000
094800010001005004080600007000000006000086000400207100070000083008503000000010020
068130500000050304000026010000070020002000700004600000300009000010000050089007400
010000705700650400400900020000003080007000100080010000020069030108000900000200060
675000000000005200030090008067050002003800060040000380401000000000087090000200010
000068200000002000020400010480610090009800500010000007030900086000003000100520000
000900005000500604500348000005009300007000000000010908700000000310000476000060201
003000100002090000700000030000008950000002874054700003000050780260000090000064000
500006890000080000000050026080009460003000070200003000400305000007160300000000740
906007000140000009500940301060573000000000050000000870000000102020805040000400000
950107000006200000200800003003009004410000900007000000780005000000000062000920085
013009000000000070400010200300120007090000000704006082006005000000090026900008400
650210003000000000020000600091000508000000004080003200000804070500900040002007960
008002790060080000020006108400930000001500000085000000000009003000470060009060002
706000003000900800032000004008300001000705300050048200040001008090060000003009000
000046050000800970092070600026080000000000001400001500040000008208000000507060400
200050000075000900003009000380000060000501003000040080700320000060005037100090008
601020085005030002000001004460800000007200500000409006700005000000100400000060700
298105000005080002007430000000060000710000040000000530900000800006800005002009004
010028000060000000007000061600015903000002050078000010400090800001007002000060040
300085060020107090008000700800500000605200100010000000900070080000603520000000040
000007583005041060700003009000002300006000000000610804100700000003005000060090200
800900050504000006000030700000804290100009300000300000471065000005100000000008060
004000560000900000100005003000002070000400008000369400020050900007000301860030002
089340000000000000005008100007800006300500000016070054040009003000000075000780002
003204090807000000900030105500040700001000000040390000060000500030006200000089040
010000000009008005300000700700089001420100650000002400005920000000005006001070002
300070005000200090020064007005820300400300000000000600940700020000430000710050000
205000000017006000009108054000009740000200600000065038000000800500030060870000000
000300000902648000700002000004000056008120400600000900001080009000200004000450100
009000300000000007060200050007309000100000008082007400000500201000003006000062795
000100004000028106600040079009070000002005000000000057726000000300012000010006005
000700092003002008910000000000050620040001000600030000500000007709420850080000200
000008000000900035006000240300007106000010002081000000502700093000000000007896001
000000006000070530060081000640000900000060023209000100108094000000007405000050080
020607000001000280068009000500701003000000640000030001200000000000300460090012030
000740930600002045500003000000030060000028400090010050000054090048000000000000120
000000068000809740000071000000000503000005091009002400706200000020000805910700000
000040870021008000904230060000020000000001090070006005619000038300000200000000900
700000800000000700200008530076250003000030040080040070000180000060009400309060000
049010050003086000000900007000705091000064700000000500020003000800070600300000014
001600304000000080000548900004090005903000026000004000200800000035000610070001000
096030000000008000000000070060020017100607900020050038503009000400080000080500020
980100050000002097000068000000073004002000903043000000400000005050000360000601009
007000031002000005100500020600001000000400807000267000009014008000003000050800073
000007005904050000000000020060015090300000200720000400500008742009004510002000000
003070081050320600001000000100004020000006000000500100007000060002009340004603200
004002000600045000003800604005208300000900420000000906100000000200570060008000007
000010980000804000042000000300000060007053002009600070000002716000040000530076000
000300684000004970100006200071000360800070000000000000000900730050260090200800000
109050700000402000008009300500306900000000070000821004000000806090000030060905000
000047908030000010080090060001700000000005030002900100000500800500036700400002600
000096000000004896001005030000152700450000000000000000804001070900020000025800004
000600400050000200017000306001067000800450000000080060006090007000800040509102000
000000057090405002030007609000000040002070800065009000700200000008090000000350206
006012000030000005000000602207601090100005030000920000080003900704000520000000040
260040000000000017840000000900000030000030500030208000082009006100600095000400320
009002000748000050600000000207080100050103090000000370000400039000007000100560800
001000300000790060620000940000450030040000000098000000074086010100304020000005000
000010350700000601000603000049070010800500400030000070090200000008300000004706800
090005007007406050000007120040000200000000000068000041000500060030200908700043000
048500000100070000300400160000080002000000370000305009000702038005000046000009007
045090000000000092000350061003107000504000700000030000008076139090000080000020000
005080004970006028000000060432000100000000390000017000004020000000004009080705200
000947000000000100902010608060100000050008702000003000000000006204000009630870004
007620000000705000300080050006040013200001400050000007010062000008009040000100090
000050003000820400090000271003201005000005000002000600006583007041060000008000000
000003140000040960000000008200100405005070009000300080000024000089001600704090000
004000560000900000100005003000002070000400008000369400020050900007000301860030002
500420000000309100002000000090000730400030806020006050000000000006002018841070000
000007200010000008009300000900031024000040006008005100000004000080000790003902801
000400000300820014000091000006075900020080500700600300090040080000100000500000103
700420000000071000204360005000940060000010070380000040008002000400000000010000986
000008900000300045007000230000754000072009000009000008198000000400900070005102000
000000372000000000043028050086003700050000000000900603070030000005000400012007906
000002080297040000015900070000050003000000010600200005000068030103000008020005700
206000849009000030050600000000904005500010260000000000000056023820000000000790400
608000007000000304000004015201048900090600000700150000900000003000003029000000580
050400000000007090000006015400380700930000006080000042060008000000003028740090000
000040000000700900004091670920003500500607000003000700302080009005000320000000400
000602004900000000008000791000004070030000906000100200090047000040009500205001030
003800200000000063010000090030200800040106020000704005086509000500300000000000016
970800001020030006060721000002000600090070300700050000410900700000084050000000000
023004000010702000080060090000305017000020009000008530007000005000630000900200060
090070004602000000013060590000000000000307000000201735000000340040006270100009000
000200000007080900900600040000070510000802000206050300031008020090000001400360000
000000000000804900000060570000401002302000010084030000060070049000008000970003150
015000298000000004000060010070400000080017060000020500030900405000180000800003070
503000700060002108000030000000090005080015090000000360200000540009300000006900270
080050090000792000700006540001005003000000100650380000009000460500000071000000800
200000040007540000090007030300000870006005903000200600000002761000708000000013000
906003000087400209000000008000500300002000000600870490000000050009060021000047600
007100000006009005200050000000080903000004006902000700400700051080000390050090060
080000005000200000500408000000000012040080000962000073190030700030800640000071000
001902006000040000500000030950080000040000002000064790070090060200000051800603000
830000000000501000000304508100009007079000825000000006000097000003260000040000079
923000001000730000000008000000080023050400006008902000006000010400000700002501068
540006010000780204000500080060090000210407000000010000800000006006005090070002040
080300000000402050246000000000000700000608042700009600900060010003000060008790003
060290800000008000901740000093000204050860000000000610000000002079010030820000000
300000001001900056090004830040005009000280004610070000500300000000107000009000002
060000078040802600000000420000094007071005000003000005027600000000230000000070840
010007400080004019004000600103409070000050000092700100008000050000200300000061000
040003070000600405700000000000000002820040000507060001062009030000500907000301600
000070100006008030000023070008000040020400006004051002000000894007000060800065000
190000700206075014000000020000000090718000002000604008004003000009062307000000000
090002000000000320350010980000007001000000690430000500008090010000745000005006003
000000380100070000000620004200006570060700000000000030010800090090400120074900600
500090030008300097007008000806000000000000920900140050000050071000003500000200083
000300684000004970100006200071000360800070000000000000000900730050260090200800000
009010700850000000400000960001090040000000000000234007002000000000000854004569012
020005690010080003000400000800060000003290708000003009000004106300000000004352000
057006000400003020030050140000000000804030009000090071000070600008004000001800052
203000500000060000000020463005040200000690000009210300000004090070000084090700600
007603800100000750006800300560100070002900100000000040900408000000000009008005200
040027580608000001000410000050000300009000000000003069000090075000060000006074098
010080000800000050406300010000007280000050076000603400000000020030000704907045000
040000000000020008000054720800000090900600500200000086009170050008005400030000810
000000531900005000000000402009850017006000280007040300380000020000370000700001000
090000380700000210000006005000004102000060000002007930800012000060049050003000400
500070000008060010000002003800500000004000760030016500000401007080009000470000980
090000000004020910068000007000307025000500008000000000040700500903045000001690003
000020000080930021470000003000040900020000006008510000001003000040768000090000460
000006000600020038800090040400001007065008000000003090008060003502100060090700000
000007020005100600009200000002030001000000430700008056010080005084500000090600007
080050002050100040070008060000593600000000000001002008003000070510407020020000001
201053000000000900009070006000204008000009140040760000000680701700000002003000500
590200000700900000020018900000800106000040000630009050008000400000005060000307019
000500000007009205100400008004800902000000030570000040309608000000090000082000190
000001002034080600500060090002490000089035000071000030000000400000009780000670000
390004058000009002700500690002090000010000800000080700050000000007310000003005206
009080600030000005060007400075019000026000007300040000702003050000850009000000004
105000000080600400040009300900000000027800100010720045000540720000076008000000000
000002000800000050579000000004010095700000300006005200028600000060204710000090006
030600007600209000090000500000000780021800630000300020060002000700048000300000210
090008700063000001020000390056230010000000000709006000000400650000073000000021004
800430620003070059000005000100002000000040093002000080000020500080100070960008000
501900007000000020006400091004030200003025000000807600900360015000070000030000000
000000000007000640000605009000090210500000000000028305800900002403200100200310070
100000000030584002000100703003290068009000000008006000004700580000000600090000430
203070000180002000000000250000008000000600709000057460007000020000035090960800010
490600050008000040003080020000000006910050000050210000200000003301009085040000070
006500400200030100003040000000700620004200000000095080900000508000100000015000743
000000002005090010407000503060010000000904000870053040000001800210008000000630004
400009708002130000061040030000020045070006800000000000000604000020078900000090003
260000307000050060000300200000000003000029501070080000000005009030040805590006070
080000006700300000045100720000604900002000000800090007000860009060200050020003001
080450020060009000000600070400000103000000000105020006009070005000900860250040090
040000630007002800000080000430805000100070020709400000003000060000048005020000310
050300010080090062090010050300709000000805200000001305004000000730008100000000600
000001803009000050000034100920005600060000210850100000200080000000000000007500469
204100007050003908003000600000080490190007000002006000800002000006001800000600050
000030050000000638100005000006098000007010069800304000713000200000000001500003070
500000100003096057000100090070050619600004028050000000090000300008000006406000000
000005070070000030361000008090036000008047000000100000010090326500000900000260500
590000004004003902000006700000800403000009080400032006069000000310000800000070020
040100500003600200000002040010070080000400000097008003070004900000250308000000015
407000006300000010150600970000270081000501000006048000000000200008450000000000039
080000900007921060000007000600400020000070000000200590060010080570006300009040010
000023640000100980000000002000240009800006000003700410490005026200000000700000100
000600070001000050003000819100200086240000000007030000050700000000006720090085100
400000107026004850090100000500000200003005046000620000080000000000070510040000320
009650300100000409000001008900507080010000090700020036004000600050200000000100020
008000095005010047060005000000006009000030000000728100310200000607051000900080000
060000000300097100020150006200000009000830200700906000400000030080065040000000508
001703000080900400000000070000050129000430000002007000065000000240010006300600250
300000010000000900000200006700614000010020308050008000005000400093700200201030009
056700030000800510000090070000500700080000000069480000007002090000010000694000150
420000007000904051000000000000100538800000000070000102006093270002010605000040000
000041002080500000005070009008000010003700506076000000000103000060000290500080670
001094000068003000050010200000600479007000600000000005020040008000000006309000512
000000803700008000065020090040010032007003004009000080000936005070000000000150400
600025001000000802905000000709000300008004905000000026006001008000806070030050000
060000000300004700040010059800000470200690000030048000000000800090005620000100390
000001080200500001007009020070000060000400379030860500020000030004000006010200090
300702006050009720009010000080000030900803005040500010000200050000000000730000092
400010000000000005000600300006040093080000720205700064070000400008030009000906010
000030050000000638100005000006098000007010069800304000713000200000000001500003070
000000012009103000007000680090000360000400050002080004000000830078006005420010000
000100000890000020200003007003096700080072000005000082000000003002010009400708050
008003040100600900004000706017000000900025000040000001000201034009050200080000090
030000000000000000095000672020604001060009000800002360907006004400870000000040500
007910032009006000000000807090007100010030080200008700000003000000051900680000020
409062000000040080000710050010509060000070000200400075001000700003050900080000003
800060000000830057069040010050000000000000798004082000030000000000100970100076004
030090600000003120860000000000050300008000007040000060100067409305401000600005000
000600000050000000900020053000906004007000000061058020080500000102000000530070291
000000608060297010000050000020000490005060000030005070200001000300008002004000789
790400002500000100060000000400000200003000005000958400000009000009315087000080031
702000000800090720060000009000009000521080003000005600000067002040002901008000050
000760000070008902002010080003000608800070000400001097000090000098200030000030040
000090208000200500100000063040060970020040000000805000000004809004300600200007030
000530060200060100000000020086050000000604300004100070003001905008005000041700000
010800200050000004080205090009001020060900000005040600700300000006100400000000362
000080901070100850050900000064800000007000020000097000300000040482030079006000000
000000000040700089590000230070380090200070000306020008000000000650004000904003006
080001506003090004010000000102000000500802000060700300000004003000028900008036001
009400500001006040000009023800600007002700150705000900090000010000080000008100600
901003000075060902000800000000070001080092060600005790730000010000000054000008000
000800900000004000070010056000540000105006078009008034000380009006000040020000700
007000054000002781041000000008009000000324000000105000000900360250000010073000008
570000069000003800090000000801600000000030600702000050000060501000702000006091032
600100800000070050000405070040850000050090006023000000030000008109006024000040005
062700031409082050000003009000090000073000090000004025000060000000200170800001000
800000002016002070000000010100000406000069003009007050030800001002001005000396000
500003689007009400000050030300040056000007000015230000700000000000000302000902010
001000070200006904094008000000100000010500003706020040007000000000004600009030481
500000600008070020000301000000040080003702000000008210015000040090000560020830090
020000007000800496047500030405002000006030702000000000000010508100700000000603900
000000008029600040801000200610000300000002071090700600000400000000098003308206000
000850740007002605000000000900040000000070021006030508650000000001300000300780060
040000026073000400002060005000080000500001000000003090400037200080050010207900050
006400120024005006009000400793020001000000280000001035000000003000904000500003000
030000007000200650614000908080039000005040070090000000800103000703085000000000004
602890007000005000008006004000700020507100000003000000300000700006020490700060082
000000040040000080060005100000130000028064000300002805100090004000006970970000010
400000020070900810300007500000406008000073200000200069034000005009000100000300090
001059007403000009090207000650000140000070000900020036000005400000090050000100060
000810009060020004028000600000003900402000000003140000080500700509400200000690000
024000080000803400000000700090010204500040000080600509000900600000050890030007020
010000020000950106080001037000000000120000700005234000050040070070000001003090008
800200900050400008040005630500000000010004203407006000700000000000800021089000006
000000350900107600000020080102006000000830000700009205000900014007300006004000003
500700020009010800000000104000870460204060700000002000000408000080000603901005000
030800704002000309060200000008001046000068000000000000900000008301590000025000903
030010200904502000006000098071000040800006005000000002400900000000005007007004016
000003290000080030002000604007800053000090000500070009000000010071005302300700400
930640080000000700040050002000107060600490013800020000000200000406000000500003020
005009060007348000000000004090000000200010608008005400000972001000000540080050007
080001620009000700000004030092080000004035801000007000001060200700020400000003050
000000001600108000090006408080010003000070000300800900800500170023700000401200000
038000004000009001040010780080090050760200000500006000050607002603000000000020800
080309016500000000019006000000095400207040009000000002000700020700004003001060090
000620001000090070407000300050000010000800004000060820004500063701040205000000700
000308004000004090000010605070200100000000050635000420000607900003002000000030018
050400000800307021060820009021000700000000002700000000000030068004080270090006000
050000000006040790030060500000030007000002100910000840000003080005609000007050320
000001208000870009000060050605400800301000000000059060086200900040000300200600000
300009005000010000600030020500026001007090000000000783035000090200160400006000050
000000060000013004900000502120070000400001083030080050000039600009000000782000300
709100050400600089000005020000079000500800000070004690000900340805000000000003005
403057000000640007500000000005000046930000100000900500070001200180500000000302008
800200000402007009900006008050700004000040200000000800000100076004039000063800040
000700006400008500000100080094000200000400050510000030900000800000509020800203401
500809300060030100007600080300000700000100290000028000000000000800006079000901804
048010027000062340000000090300070002006409000100000500900000000061080009000207000
060003000000790020100000040040030001800050030090640080200000800000001590089200000
010000020507002006000030700006007398000340000002500000600400003000060480020000070
098002040300000560076100290000050030000006400050080000000041300002700000903000000
070500310000000050409603000904000802000000064060000107007098000130000000006000001
000005000006300189000000026080060003004000265007002000040008010300000007075000090
006730000013020070800900000000800400600200057080090003048000030900000000001004200
007503600040109000900002000709040301030000006014200007002000070050000003000000400
200400050000760000018009000380000096060000000900001400092000700007120300000040060
000136000000000040009000000800000100040720060050900032060007910100008420400500000
060240300000000800100000547600700000009000004002090051004000000000069003500031070
140000030003000506000300048000900000050003007009000860084000000060520409000007200
000000094005420306000609002070000000100800500000040008040000000500080003012093080
002000008074051000031080002007005020000007001006019004000040000000000349080900000
600102408030000000008500020002000000100090502940000006004900730001070000800600000
008000000000604003000000090010300600004007000030002975000003410002080007000796080
000800032007600000008054000000000000500000043000970026930007000001000307060208010
000800500000010390300067000000000850000070400100005002000090080608300007001400930
000105008000090706870000000480060000012080000000000009000700300061350040005004600
000000358002054000003007000005080001100020000700060039007000005040070200009006040
009000000000672030070051000041000500020800090000009071800000350007000900003000407
900000604000000093835600000010305000000008010007000820400060000520000061000040900
900020300005006020000040061060000010000100007070098450007609000000050000800300009
070030009000200108000800040100320000080000200009600307000905003008000000907040020
000970005600200340000006000000000037020700800960058200030000980800000400100060000
001600004000425000090008006230080000100000003040500010082004700000390650000000000
000000090170003006006000302080001007000090050200074160098007000030000005000410000
100300068000807403000004097805000001012000009000700000009605000000070500080030000
060001090480009000001500304340000000097083000510000000000270603000060050000000200
700060400040000005005030000100070008020300056009001000006290503003000090000700080
002080307000040000300600950834090000000000090000075280025730000400000000000000016
000020500000809000000000702000037000005400029004600008048006010670200005000004006
009000057002000004000800200600100500140076800090032000000010070000007462000040000
009500000000001080000076500000090170080700206000000030306010005075049003000000008
700063000000001000040590000000005082001040050000800074050008023007000001600079000
000090274060002100000000500001463000600000400870000000009015600010700800000900030
006007500100009004040010000005004906010300080009800017000080000200000009030960000
000870000730000805000000006000609004002000300000050098003000100009401003100092060
040083050001000000005000200508040069030710000000000100000067900900001080000905002
080100507901000000000004006000201490000090003009000650630002070000400800200005000
010405000800060009005000603000109005008540200009000070000021000020000900030007050
201000300070000000009071005000067000002000903030050080000018006000600740040030009
500080600000030000003007000004000800020000760670850010300040080041000090000690002
400800700000000903050600040003008000070403510000000070500000100900000050624051000
050807000007000002300104000000410020016008300000005040000961005000000080070000406
000400080030000006810500003100800049009700060002039001000000508026000000000070030
060520007400080000008040510009070800006090304030800009000005070102000000000000006
014905000700800000000000010007400000900003001250000067300060002000390600008070050
030700000002400009100000308070000000025007400006309007000030650000290000040001003
000000601067001000030000248000907000301400000000005002070030800940720030200000000
070600000008000100000070008052004001080039060000000940730900010000250000009000605
308000000000351006002064000000000004090100070000270530000605000100000000000407863
004020000108005004000004095000080170020300009001000400600800900079000080000100020
600090000570031200000050007002000350000000000300400860060500000020000010190300580
308000010000109060000840000015000400024300700700000000030007000007000006080295007
000000301000061009050000000302079010040000000080000703890400007000356000000008604
050000307000300005060050000010820050000601009070003002700000800004000200180007003
750100000083005000004000028040000037000006000000900060000019750200500603000034000
000800501003000006004109000270000060000031000000700409900570108008300000006000002
000200105030006000008010000000509706020000001957040000000004069300700800004000030
040000000010008070000930210000021906000000008030605000700000090002500360003400007
020090300100208096000010000056000009000004000030600028300000701060040900700000003
890000052000800000050074600000002908000090160010300000003080700000400009004030010
010000000020690005000010034000006007407000500000078300809000006000061050000900072
009000400453000906000000010000040000800050000005120003004500100020910008086000700
030009000000000903087010204100068000000000540004200010509000060801040000000002005
000013006000000803002005009058040000020000100007000068090001000040020090000690730
000105000390020800040030600600800004000400200000001070004759008009000703080000000
000000300200600805001090020003000002070000000600875000008010050030500174040007000
060083020300000007001400005080617030000000000000000071007050208000300060006120000
000000010001074000009008000735040008000050700040009000052001007000500002300800906
097006000500000398800000062000059000010367000006000040000010000030005006780000050
000020518000000260805000003050007000003010000006003001004300900080061020000005006
000050000000301400060200009304600000000000007502089000030960500000000310020007094
102080070030010500005900020800401005090060040007000800000500400058002000000100000
040760190510000000200500003000000031100004506000070800002000380000000002307050000
041000002080200007000178000030000050900001004000005903000700600500000408106002000
400050000000900002000280039000001080000000306005403100090000060004002000107008045
000005000004007800600000057000081400000030006001006002890304670070050000010000003
000005000600040930000708060000094001000000098001000200540001003072003800030000007
001090400400035800000700500074200000200008050000000902020040708000009000090000203
000090027058000000000405000040007000000350014000000800010003005270008300005009601
000005780004000063090040001000010000430000002200500070000001008050060029000200640
008000300234015000500008070000900000020060000400000007100030068000080004300079050
003050000050037004200060000940000006000000018008010703005080000100000007007009305
020000650000701834100000000806200000000380700010607000080040300000005020600000040
000000001087000045000020703019008050500430010000010090001300000000060800038007000
000802051000096800004010002002960000700508000000000060000000000305700040006040087
050000000300006100004190700900000000000002054000080002002003009090058067008020400
087060000000500000050009026000000000000305940045790000009200007000008019000030508
003000460050901080000000005420095600076080040000100000000000806010800000040020030
026000050000040070003090800200054000360000700874000000000100006050860400000000920
010000000000000803000064000140050000003201584007030090004000000030706002090000035
050000630000600000078190005700000004004058009000000000000030000009040823200001590
740500010000000500000009804000003020500078300060000000006030000850061900200400050
009500003000000020300014600090302004000090806000108500900030080068400000070000000
082010009030000041007000306006000000000057400003009052020060000000090000700842000
000000000000000913000961070000006005070000180400705020000000000756800040204003001
000045607000070080090060010002000009030000250000008000004051003005200160000690000
008004090001090720000700000070000000029065000000900006100000800030000570005620109
009507400000002609000000080090081004002000000004026070516000900070009800000300000
000000506050071200009000000040009000100506000590010042927800050008000030000000800
000000003040209000010000790000703650500001007000005028080040000100000000793800002
690000000082000070000138000050903000000000040020010600003005084000080007000071306
240000000030084005000030720006900002013007000007000809000000631000000050000016007
000090180001084065000000000500040000040001803830006900300000000052000000900025030
000830090690000000004700000000001000008000009000302005040900056050070240106003007
800000209074000000001000000000580000300907060210300900030000002000003450405060003
400000170000100006709005020002006000008409000000000063540200930600030000000500001
300008002000051360016000980000080051040600000060000000000000000097010000000706495
000002100050000640700005080080407000000090000170000506000010260000003409006204000
000000002000009634580020009903001070000000006061000080300100020048790000005000000
000005009700310200021800700005200070040006000000150002000000400490003620000000008
000400701085000060002006008100003200900060000003710450600007840000940000000000000
700000109000908000400030060000200000001090400050000010007600905600000030590820007
000002800000870300000500010906200000048010090030090071603000407004050000001000000
020700000001403080000085001208900004073100000009000520100000090000300000700020050
000500000800000041004701003000003600500100200069000008000605000008019300700080002
009006000700050092000000640000001070006000309030208400000000000000800237090023060
040090701000000030000300902200007000006000000070030004910200408320080000500900100
000045600007000528000800000609000050005001403300000267001604000002090000000003000
259008000780006000000000900000287600600000290000000014800500000000700130100090020
000080000800007200170000000000350400000200708050006302760003091080000040004000600
006000040049000300100057092005012070000000000902003000300206087000000000060800005
090070004602000000013060590000000000000307000000201735000000340040006270100009000
060503170005001000740900060000070000009050000008090400807000010200000630006000700
060800000002400018070002036000001000030907002600000090094703060000000040020000900
001305000000070904030600010000000000400052009006400008000000026008020091702030000
060000300081020070000016000000000005095700030070000104900600003000802510000007002
000000009700650008001000045020004000806003200000000003104060030009000076030800400
006100005070042030104000000007030620000000000008060000601905004000004001500700008
000300070850000001030004000070048000028070030106500000000000700004601000000093210
030007500902800000000050600000706305100400290000020406000081050200000100004000000
000190020000650800000008000805000307100000090000000100510007603600400000004806002
009500000007000195006400008000800007405030200000070409800020004000900020060000001
900000500000080046031000000840000000000350080000200437506930200070000093000020000
000008370090004006050670002500000001000060983000000420800007000601000000030400090
000630200200000003040000070003096002050700960000520100020050004005000001006001000
917200003030007010002000000600043070000980000008000050000000630000405008000869000
400900000000001006090006000130084070000000060008005309070100008080070200000240090
900000050068007030000090040006049000000000070003820900209050100000931000050000300
040000000006000412000102000400060080500000390000037050020005000089400020004700100
970030000003760080000800100007010520000200700002003000001000005000306004340005000
000560000000243000000000370004070000000002709010008042060004810081900006030000000
038700000060090800400230000000004908000100602006000000004800030000905020600000501
009000200000500000041000967020000080000002406000490000005803000100000703002065004
050009600700000020000800049000206804091007035000001000400000002023000750000100000
400000500070000010601203000030620004000070009005081370100500600080000000007004000
070000000803000721000000005000004800700003004650290007020000906300705000000000450
000007000800000009070040563500700096004000120020000000052400310003010000980000000
000042000090000100003000079009060705000000001080523000400301028000000010000208006
004000600050074090200000050107208000849000000060000007000000023000049000605820000
030006408040000070700000000002109000060205000000800094501007003000050019400000700
000000307006840010071302006020971800000000000508000000000003042080000100600000090
801200630000009008070050009004080000000045096200000000002000007009003040000720060
020340850700000603000000040304000012000020000510400000008060000607050000200000790
503000006000760000800000500042100000300000000000900647000809002004050800050620004
005100403701006080080000009008200070000070000000005000017009230060030005000042000
050076001700159000002000000307000500900040000100800070006000007000918060000003040
003200040605000000010000003700900010000103607004057000090010000200000368500080000
500006004009007000060000030000050102008000070090061080073000009000000820020403500
070500000300700046000064890000970000000000014030000600004805300050020068009000000
010000000048000700005010903000483025000200000000090010004000570500006408002009000
007008600000030007205096001000000050000000008009485703000260000000000349100000080
000900500100002047005100000000003000400080000003095406040500000306000090710000802
000208000000040900070060000350000100000000000807100020032400008900507016000012040
000530060200060100000000020086050000000604300004100070003001905008005000041700000
060305010093180000000070806089703000007000000000800250000000600800000004052000900
000030009048900000200470100125000080000080710000500000000090054061000003000050070
002080600003200000400010097200600480000800000500090000007560308900000000000004760
740500010000000500000009804000003020500078300060000000006030000850061900200400050
000040000003000580020007096060009005008035000900000100000000008094010000006503410
060200700000030000500079002006000451002600000000000000800003009034008005150002006
003000002000420693002000001000007000000290430070001009500706000690000700700000080
006000090900730000000900062000301070100009306200004000008043000005100080004000500
000305910001097080000000200000000168300009020000684000040000800002000000506003004
000000021005003000460000900004010680150000000000037012002600030700009000500200040
000200000001080904090005006018030000000600070602800001040000300000070400000003219
000000801602000000001079000000401090000700030203800106040160000000300415020000000
041000000500300270009576100078200003000900000000000710000000300000700000320090085
800503000000709000900000603009000004002000761073100900700800010020005000050000070
000000080800370009507000000000002001420900007000430005000000002010008060730049100
763020500050030090008607000080000020920570600000001000000000100000062030000900004
000008000090020001002000003060090014470000096100060000030002000001400085040005700
000050060602039008000070902000006040003700100500010009800000000900300000370000405
040700005700000060000520904069007201000080006003000000602000400000350000030008700
000060200109000000040003050300059010002010006006408900073084000060000000005000400
500001008080200000000004532020005140008002003006107000063900000000700000000006010
058900000400003700000080010000000100009607000006821030000000390090150048000000005
000200000009008000000070830070049600060000000302105000400010300001004500008003064
500006080070000001960000050000080070000920000009350008680700300000000010000130720
004008000002000005007000021008004500000050037000002406000905000200036900300401000
037002000100070090050008002010000248500280030000000050000090620804030000000000070
002007400040000035900000000000009800000065009000030050007090000490500301081400007
802006000007010000600900000004000107000080002508700900000364500000100043050000008
024060000005000023000002709000020000053400900000083010000006071000010000607000480
074000005800000310020400600400700008000002000100830002040085070006001000008000030
006730000013020070800900000000800400600200057080090003048000030900000000001004200
100000750020009006890703210200000003030070080006000500000180070010000090000020000
003000010004030000605100703000300600806005100170000020000700009000208006000050200
094007000000009507070000201007060000082000000450000800000021900001070030000053060
000300000005000617006071890010000060000006451000009000000090008000003170021040000
073800000000935000009000600702000040000000008301070050500390000004007000060050410
009001005000080007010050000200300001000000064900046000007000013004570002800103000
005340060000000000000080902003006020400500100010008053060000030280000014000010008
006900082048000090000016000000009000230500000010307004000000029607000000400001670
004908000900000006000002040096001002000060007100000000000700300039800400002004678
003900002000050000000036891008500903300000000260000104020007000600040000010000640
000350700000900800000000106030400000900020605820000090095200004000700920200000001
700090300009000006100200800030480060000050007500601020060000018850010002000000000
005000000398500040000007803040000009003090080080001000000000310000709064000302007
040007000000800050000109008478000009000900680095000000000020060002001005030084007
009074208000008005000320060200009100030100000000800700000040890007000400005083000
081400052700001600000000704810000030009010000003000000000205070002090000064100005
009020740060039051080000300000008000000400510905012000000070000020000070034006000
004000890600000001000100050040070029090005400000300000008053906000000200005607008
001000900070800030630070508007480200000690080050000000580030004020000050000700000
080270005501030007300800009002000000000109800005400010070010060000002040000006008
080020007306090810004000030000900000403580000900040170001000002800000005000063000
000008061001600004000090270000007420090080600200500000020700000009060300700030500
000800003060007900501090700900000308000950004000320006003000000000100400047006800
048000007030000001210306000000000724070092100000408500903080006000000000000900008
000740300005200000000038001004010000090060800506000007000000005200100406840000702
002000064000030000001608003070100350900000007008004092080200000500079000006000800
090000108400300000000400072308500290900000030040009007000026800010000005006000003
900001040002300500000900100006000005100050028080060300000000800405200090000010053
504080009360710500000002008005003000000100040001000076000500080009007000400030050
000000007000850160000104000001090005030001479506000000000400000000970836020000500
000000103006000080420003700080090072005008000010020000002009004000010360000076009
070000200208005400001000000010900060000070900306000007027051009000493070600000000
006005430000010760090080000000000081003150000800009004000000200020570610670000000
002000790006002030850000000000074000010209300000630071030040500000000000604800002
070000002400000500000020800000000030005040000206500091003006104607005308080000700
000020006000007350019004000007500080020063109000070400050089001600000000000000038
100870000600103000008004102050009000000000007426000000240001803001090400000007000
300000000000368040000270510030506000000000859010009004760000008008000200000000071
000600001000000000600034927000050304000000000904010080003800005000500009075209600
700000004200870300080091060000009020004000800000000040005017000901280000000006032
302001000000000060700304102040050000000000046100803700000007200008090003000000459
000000008250807930000031000390000000410000060000006200005040000000000009004908126
470000103000001900008000250000007500100402078800300600009203000000000000300104000
001902006000040000500000030950080000040000002000064790070090060200000051800603000
380090000500700000007465032090040700100600004008007001020000008000300000000002060
020300706000070034008000000190000500006001000073800010060400050000009020002060001
000008004000070050920063000060000570000006002000380000000000495008502700090001030
040760000600400000010005000802000019900014000000000263000000056020008030000073090
300020001090000708050001000000002004700930100003008000560000070009400306000070050
006050481201004300000000006000506090000012000058000000002070003700000000900030024
000001000069050000208000004590000002600900050084030000000009710005300080100600005
000072600000010034000095000010050007700060409020000000000500100903020705000008003
500040070040000105020701600050030092000600000803000000000200708000005200100300006
605090000300500200400006900000004012000000004000200080000068100010005490052070000
000004500000010068700820003080100700070009000030000681603000000000000000409030025
700004009000580701608000400000006043020079000400810000000900207000040080003000000
029004300350002900010000000003000072000000000000680003004001008086500090090260000
000820000019000700008705400000200006000004900000000382000030070340010250001500000
090057000008040000000000509200008073400000800063000040001760090000800450000030100
000502000200080009007006000800004000010370000095010072100000604000000028060020050
090010607200800040080004900009600054000003109005000000570000000000030000003095800
409000003072608000000010000000100090000000040000852000007500001003007508008020034
009580703000031004005400000000140300000007500206000000703060920000050400080000000
030000082045900000000000000050040100002060004000001620900804050004300260000000039
060402003000600000820000760000064305030000100005300004081000000009000000070200501
030400000000020800050000906005000000840530207120060004697040000002000000000083000
000000300000086001000001590840010023007000600012000000050000760060407000000903008
000502000200080009007006000800004000010370000095010072100000604000000028060020050
000610400590000200006000000008000000205097010000002500900060000002700960100034005
970800001020030006060721000002000600090070300700050000410900700000084050000000000
600040590704090100090000020320070006000002000000910053000008000060000070000050042
000000010000360000409002050102000830006003004000070002200050000500200040087004060
080001000030740600000900000092008003000005020400100700005000030000004806768000001
000051070609200800007000005000030040008009000060004180000370200802100000001000007
007000300006500010000026500031005008064000070900000400008003900000002004100800007
006000040040800720500002100004003000050071000000260007000000004080500009063010080
048000030060091000010700500200376000500009600000002090000040050001000064000007009
700000000002100640000908205634000000080000000009001080000705006500800900300010004
247100000100008059080004700090000000604080300000200507000006905000000060030000010
230008040058009000000050800100500900000000038049800002400070006007904000000200000
070140008000009030406000000000050076050000090802070010010208050900010003003000000
006000712000800000090010004100000049000000200050690007700048000000003000642701000
020000600004010007090400010000000000700006500980000340201000080030071000008092030
050000000300600004000085009002004000061700030000820007020000000106000073090003068
000000004950300000820700000008020000100000090500060180040003009710406020000050006
050069000000000007090070410000020000008057906600801500000300100982000000000005070
000820070600000403020001008107950000900200030380000040000502060005640000000000000
010000000009007380700450090000002900000786000406003000180030407000600008000000500
003005049000020800004060000000010000006070008900308005010200000005704201200000050
004030070000500000100090040590003402060000090007001800703400000000800300040002600
004203000027806000060000002001080500000000783000500000000010000302050400910000620
260030700900060200001007400002001940006000800078009030000010000000920060500000000
860040000000035009000600071042009600000000000008000032283000000006170050007000004
008700009700100000093806500060000205000900030070025010950000007400000090000000600
800006000963000007100500002608900070000000004000300090200008009000020013070630000
021904000900000370800000000630000080005200000040080903000120094200000007000800100
002600090016308020800001000051900000000000400320080000000739000600000900080200070
000600200001500000008000516047000068000700000090003002009107003000300100200080004
000000000050000006900720001010540030007900640000600702081000004200080000060000508
900000001000903007704805000020004605095600000000000030000000500800302090000106800
001400009850730000200000000600040030100200800005073004000005023000000900080000051
000700400500000080000060009010008000090340700008000006002400803040900067059000200
000610200900000000000300580004007360100003900000140070010500000270000600050081000
000000026300040000000010450004050000160008000080706940090000002020594000001800000
608003000100000030002900080020000000901050600004001007000070264000089500500020000
600003000800016200030040078400900800007030000020000001040000120000500000090402005
000096070000100000800002004030401702000005001020007050500080000400600103009000500
604000080005000000000000406000000000003940020009768040000801000051004079020003800
020000865900000020000070304052003006087900000000001040040008000090020100000100009
500400820080020073060080000000698000000000005000001000204005910600000030900000407
000000000007590000000078610509140200000000000040200008000802900096000045000009306
010020300009000047030704000000408050300001000406000002060007090000905000000040015
009058000670000000800000907032040500006000000500910208000003000000480100000205006
205000000017006000009108054000009740000200600000065038000000800500030060870000000
080070540000420000020800600000900000010000034070000080009500860700000401560000003
001000070200006904094008000000100000010500003706020040007000000000004600009030481
083000900400003000000200610010070002509080000000012360000060807000000000050027100
030004900008570000000080406000060102021000000000000030009050003007100650000907040
400000007006000000030014000700039000000170200009005004000000301020960700080051600
620080090000003000050009000000020000040005300090000648009051006080000723006000005
000070900400006805000028030080900024001000000003601000120000090039000450000000001
070009502040006000000203006000004001008100000106700008000000800760900004003020009
000009050080107000006230800000760081465000000008000030050000090003006400004000200
000005008000670009000000071058000304070000000030000520006058000980703000000402003
002000000400000058390002600008030009000700000000010500604090801007008020800001900
000008063000090504003000070001200000508000090260000000006007410047003050100800000
510000036007430002200900800080000370060087050009000000000520000000700120100000000
000030007040200000000105000082050001950400700001000290007000036000000510010809000
000020060004093028500008000039200007017004000002000010000085006000000430700000100
006000009050800000004000502510089204000002000080500700700000000000206000029010407
000000801602000000001079000000401090000700030203800106040160000000300415020000000
020090080360200050080000000000510009000600040032080600000075020000000090703060005
010503020000800006060000010000000209054008030000146050005000000200300000007000184
040350080080000000006800320007090410000000700120000500060107000000008037901000000
900060000000100200080040000009314500200900630040800000027000008000005900800000170
090000060105200803700000500003040700000050410820000000300410287000070000000600000
007000080560800000008000593820007000040600001000530008100070200090000000000050049
080900510503000000009100704000000402000060080000500060030009000100758000004030200
030000950000059704004002063000000020000004007801000000000106000900807200020500400
000003400400000000036090500600000002208040607000010050001082900005070000900005004
000004170000100000850020000600000910007600030002453000103000650000000700700006300
000008060700300200050060014090000000004030000007480020000009040830001070100200800
002060000460070000000000032095000073003010508800000000900006000020804061300090000
200060000000000900003008250000620001430001000080500004950070030000000509040200070
400070000000100608800609070000065800500000090607200300000051040000000900003400005
100080960006300008000000010000094500049000080000700200205000000800607000017000305
080075000160200000040000000000003009008760400014000800000120005000907082070000600
000600035430070000000028000050000000000900206001004308000087064600005000000000581
000000036000687400002000107905000000060040000870306000009200010430001000008000900
003000009000000000620300000061500043000020090000601020580070400100803760007000000
000720000000090605005031702060070090020410000000002306000000000204000000530000801
700400680005000000002006790050000000000290000010000504800007000001530000003802140
100009070300000009000000156406008000000020000090070485008417030000350040000000000
040005218000000490800001000000009000000010670026040000050068000060000000709030802
060000300003090518009000040000080200000070031200600000002000090680003070000048005
500029008010005040029006000000000904760000350004000002050201000008600400000000007
000007010003000006019000084020503000000000000000408160007050030090200070406089000
090000603806000004050030080003200010020090000000000065000014007000080400064053000
000030090020010000008000005079600800002007000045000002006005120090000603037000050
000005000700003490600090083000000200004000030009402000070004002015006004008020010
048009006000000000500008400000001847000053000200400000000090510061500000300070092
000400073060070040800060090000510900070009000000830050320040700090000035000000200
000302000000070020400500000040020001380000960009010003100050000070201800904000300
106905000900100004000600000000000000010030506208000410005300240009004780000000009
010000000009007380700450090000002900000786000406003000180030407000600008000000500
000807040400300000009000000010006820093000054000010000000150007001070403200090010
003800000500030090060075000000100300008004600000560700002090053070000200010002006
000002007000590002000400080000080700060270503200000004076000090400000005002010308
006001208937000400002000000000730000690000100400000020710200040000003000020010750
000630005000097008000200107070900000090106040038000006003000200062000000009010030
000090004000804290004000051000000067010079000002600000100538000005000800907020000
005007001000203960600000080400000000050064008000900300380016000004000100021050000
041000007070080020000000105000001036000000090086070000592014000008006902000008000
000007600830009050006000084080300400003092700020000010009500000300000020050080300
002000506000000070009406810000000080327100009006032000000500030508300000040009000
000600003000013007800400000089005040000000060100030075000024000030090006052008010
080060501000000300300100906100000009602008000070500030007000000006054000004700012
000105000860030207090000005700000000009061000003007840000600020008050000000024950
007300200000504380000010009500700000100006703003000002030905008008000406090000000
600090040030070200920005000001082004000009001003000075016000750000000082500000000
006430005000016200000000890190500000000804000200000039010000000670340051000007000
800010090003000500000900020000700006000081730005009000001003040040090800068000013
089000020006003705000092001000018000000300006000000047030900000000060008208000674
006003100490200506000609000705090000000000004002000930050000002000008419000307000
009580040000009000306002005600003070020106004008900100070060400000000350100000000
000007200000008004190000060000000007700020410029000008080735900001040000030000506
201048000000706010005000000000000720940300000000065000000000802860054000030109040
006007100000000063010080900031000205000079010080000074600240080000000020000650000
000040605000005701000060800004000029905001008006030100003007000001004500069000000
000000002279000030010004800000001200601002000900350000007600009000000108000807043
700401000012000000000500260003000900000003640009100008050004000060008504200010070
000005024900000100040000070480900010020000006006800000370060500000100302860000007
300180050000003008900000100004800003000000000020604081050000926081290000000500000
800400600306000024000005000000020090274500000000070010900100340500980070030000000
000306050000000001005000470001009002000004980000020706017480600320000000004001000
000078000000010043900000000009000000063080004520604007000701600001950000002000350
000080000612004000000560000000008100930000070057000203300090400020001309000006050
200000010400003600010090800031000209000056040000000006907465000020000000040017000
000040020010058000060001000450200091700005006000000700000070800508064013000000600
200009041001005080400000206100000058000060070800030000500390060090000000002107000
090040080015630000700098000009020701002704000006000000000006000040010900000900403
040000000000017000000600503030070002079005010000901300002000008004090700008300904
500000382600000000000001000000800675000470100800105090000508400089000006020009000
002000060350120000609000000000003007200090300010000040000500080000870926098000001
050002084100070020006480000900200760000350000008009000002800009700000001000007050
009000060703009050000053094000100802001640000007002003200000000900070080000016000
008400000070000600000500810000005420500100060000078009060032045080000000025000003
200800400000021000000500006300000500040600280810000030036080000095004008000000970
000080000000090761060037050000040100000019000407500006804200000000000509035000400
000006000560020409000700000400900530008000071030060002002000080800154007000800000
007502100012060080000000360100004000004003705000070020000700200000050000406300800
900200100080700053700000000205000060000003720000008000590030000001065870000901000
060040008000500300008090400030001090905306001610000850003000000070009000009000020
006003007043000010000805000001060900000400050302708400000200700000000009070080506
040309080000080600000060070000020060300000490650010002501800700003190000400000000
000908007900002008000000060004030000006001050010256030003800006000005003405000010
000000029000059800300060000005000270608007000000045030002006700040080060190002000
200400070000095000000230090060050200008100000010700080002000908600003500005000014
000078200002000037600000040009020061000000004517000000005030100060049020090000080
500200060001000070002300008020006950000001300000930000000050000073082040000670200
008000010962700000530000062820000001000091007000020980140003000000000000000250030
000078006400050000200409000090020040050090100730060580500000007008000020000600900
000008005060000900400070010080627300500000000000010608009000230650200401000300000
236010000500007240000000010080300000902784000000000000100240506090008307000000000
400030618000000000089000023008000030160007009000040001000059000000082040030460000
002017900700900003600000008000280000007004080060009205000300001800042000000050300
004020600000080020090304700040002000902070005060100090406000000000050308800090000
006080907008006000900001500000627000000000000000510208200809170500000604000070000
006120090000000628000003040000000900501900000007000006008560001070010005000238000
050080403000000010030006500600030000005204100900008004004057000308000000000010706
000000360419000007860000504701028000050000090000460000070600000000095103005000000
000000104502040309300000000108700020204000000070200005090005080010087000000009006
000000610000000705000803000050007304086900070103004000060000020325000460000000500
080000530600120008000030900108704006700900000000000005000000020470008050096000800
000500078050004010030012004004800057000009000700000600000100000078000030900248000
007060000500080002000001094030005100040000003910002005003900400000300001000650900
000000600020500740008300001000008000061000070590210000000403500000090000647020080
700803001200100370000060000000700090009600005318000020600004000800500034002000000
000000005004000009080150700070003060000700090003046000001309204000002080000670030
002000009030002500006100370000000000200400130007006040001800000760005400009007600
002000700800704009000590100030000000600002840000000260380000690700036000040000002
500000080009620000020300059000907000000040372400006000000001900080000700005800043
000000850100030070603708000000807260000020000090060001000005004806000000000280309
009000000004280300080060504600000003090000105027006080000421000050300000000008200
052078000000050000860002009400600100039000460000000002080001620000000005005300004
000700400500000080000060009010008000090340700008000006002400803040900067059000200
084000005002700000690100002000800020400090500000205900350000000000000180906080003
000809000090000210000026008400080070007300000000000802300742060506000000710000300
082000034005000006407001005000600000000800073904070050200000000000195000001080300
900201400008000002060000000047000806000009000000070015000300008780104060090700001
050780610000003027010000800800000005005000790000504060000000300080106000703400000
000000040070320901631040000000080000740000003005006000000000004090010058100203009
080006000000230000073090800006071020000000960000009501509000602000000000100403008
000002000906340205043000009000007040000061000008009020750000000009000006060705010
087009503063005001001000000070408000000000907056000300000100000030200000000950410
004060009075300004020508063900070000002809000060000005080902040003000080000000000
007500900610200000200000003005040076400005000800003150001000462000300000000090700
002040700500000308400900000000080050005006034000009000000002000091003870004700109
070830000000000000000000058930005470050010020000004009400679300000000000693100007
050040800030010000204070000000800002600000000510409603000000000020080374400001005
040000080209057001670000005000100004001600050000090200060001003000300800800002007
200000004004003060005600072190000008070000200000001000080096000900105306000200050
100800070000001000200400905006000800009200004014605700000000098000000300005109020
003086020080005900000240000500000000009000004002370050000100060010008700040500302
000000030070000900000286007380000020000040080100000049097000300050008472000605000
080000900000930004006080001000000062037008000002006570000207015049000000000010006
006007000003010950740002000000020000001000320070009800000090008400501000010460009
500000003007800106694000000900067032060000504000450070000012000000000000009000710
000000000000200480031089000700098034006107500200004006000000300620000005000001002
051080007000000204008000509000000060700003020100260000030040000002031070009050800
600000700000080000000000345300060890000001000790058000903504000060030012510000000
000600050200807010000020000500400003400190080003200070030009800090000001800006040
000600470300420008020080015008000000000060700204000560509008000001000900600000030
000180600090047000000000000100003000000860504300005029001090205708000000005006080
000200000080070060000009740000501300000003056400007900090000080006090100142800000
080064020090000600400000800000080210000390040005400000000030056000009000004027093
000700104000620390100000000039002000005400000020310006000048005040000000003160007
000000300901000000005800010510620400000007060600000709400091078200003000060500000
540703090000000700000042080000108067038070000001020000800904000050000009000000520
600200300050130000000000004008001000000000000000009706006500007004902080007068452
800000003400500002010276000023600040060007000008020000000069170000000900000010028
000000002001804000000651070000013000040000000106000080200045790003700001050080030
080100002002000010075003000300000070006000000050060003001009685020000097700500001
000073200100045000780900060060008000000000090000000012009104630804000000010002050
080006000000230000073090800006071020000000960000009501509000602000000000100403008
000000607910000000028000001705009000040180700000002905000091008000030160570000000
050007006032000074800020500000000000090705800407039000000500000000690130009002000
400000020070900810300007500000406008000073200000200069034000005009000100000300090
010000009004905030030000650070030400000000890200480000006000700000003086051070000
000008000090020001002000003060090014470000096100060000030002000001400085040005700
006000200000009057001800000010754060000006000000000015093080600000040029040301000
083000006000000900010420700394100005000000007000060300008300259002001000500000600
600000009010700240008004057100300070000005080706000930004081500000290000000000000
008600094000002800009018006000050000061000050700400100090000000010500679003020000
000080000000900530700000269005104900400000005608070010020000000300000000960210003
005003908000007100800206005000040000004009007000070800500002370098000520100000000
075000100200060080000203900800700000000000003009000840000090610000004028000576030
708004900000390024000600050069010000000500001130040000010800309000000000090700500
050020001000500000603070900000050000206080030900000704000003007009001520001000408
083010020140009000000700000000250030000000096001080500004800010000002007008100049
500013000000000001000008230300900400006005009090060058004000000010600002000280014
000000260837000000000080010005030670700401005204005000140008000000050080000070100
002005097397000000000000480760400000100003008000007600600000300000030072000200506
010800200050000004080205090009001020060900000005040600700300000006100400000000362
600800100008050000000002300070020000209000085003000049054071002000004010300090000
197000000000030082000000000000009005005001200860020000000400067080300104570006800
000405800060000507200008003000000070039000006080300045306040000000010009002070100
080000060700903800060008315007200006000586000000000009000041020001020700002000000
070000000803000721000000005000004800700003004650290007020000906300705000000000450
007000420302005007008000000604020100500000000901080000000900008010208905000003060
000610000002009506004000028006800071080900200500000000709000302300000090000005600
763020500050030090008607000080000020920570600000001000000000100000062030000900004
000060503037000020010500000089025030000090000070000006090406050000780002000009008
020040010008000900400010708010000007530406000000000002065800070000300000000064501
300180000008300070006002000000000200000824900040005780090500060000000093800401000
001050206008000350060000007010000708200010009400067000004500000005026090000000001
000000040000058002000600010075096000004000900013702000000401070037000080200080090
605000000900700100001480300050000000004000070070006400090102708000000090060048003
700000209001500000083060000000305008000000004030001920000908002860000000500610300
501000300000030002000647800008000937003000000009002060000403008000071050200000009
008020053000804006701000080000007205100400000040009060600000000000093000090006107
000300280000090001090012500000006972006000800400057030000001003003020000200400000
050030098380000200901002000027000800030014060000600000800000000000950000079020100
006179000002000000450600000001360709000050008620008000000000010700005920040000800
039007000500060700007000590054700080100006000200039000900000008003400005002000600
700000040002006803080000200000002000009100060006005790054070100300018500900000000
005008000000740900000005670500000000000100026800603050000030291091000084000000300
000000060000906080605170009507300200040027090008600004000000000080030000001800700
000490053000200000000630900020004007000020400010809005600007000540000031000500002
400000007006000000030014000700039000000170200009005004000000301020960700080051600
080050006005000000904803500000480020000700001008000300020360000000005214007000030
000500100050003049000070080200007400010306750030040000000000000000009510069100008
000400900003002000100007083800005096000000007407030000900000032060240050080000040
000040000005000203800560007007000160004027300900001000100000000602010500008052000
000000000050000006900720001010540030007900640000600702081000004200080000060000508
000400903020000000050032061270300090000000000006049000000081730001050400800700000
610009000000003097070050600000070086000008452020030000037940500000000004000020000
000004000489037000030005600300000201006000907000900850071000000064000108000100000
530270008000040000000000260001090040008000037050023090000051000709080000000700004
000106500076008000010045098000050830800000470009001000001060000700000080000900040
200300508003007900000059000084200000100700000020006804000035200008000070900000600
000060235000000900009001070400809600000000000201005000004000800010236004900040500
285400000000009004000003708001000000450000060806907000700200006004000003000018090
000400205500000000060081900903000400005800000780090300400000020020075001009000800
000000008700300000012800904000904750000060142600000090200090000080406000900700000
402000006050000000107090840570400000000615000009000003080070030004028010000500000
000007600501008090000000005000100069000306400390000007000204800100000000083501004
002050800000200400050639070000060500300000001009000020000502000000080090024017008
080700015400600080000000320009003040000986000000010003900370000050000207700100000
400090000090002000000000030009430600060079040100000700700050090500000100038001057
080200000091035000500070020000000602000500000000420701069000005003700000120000490
020000000000804100500090837000607000030000000009000075000040306300009001840500090
000243007900000200000900800129000450000001900070000300005410060040007500000300000
000290000040005807000700500070000650028009000000000000000100208300607090405080300
020030040700000060900500208051000000207809100000000000000200006000904530009007400
800060500004007000060050020000000200035008070010900408000000063001000090007340800
000800901004002000008000506000008079062070000805000402000100000310009000000006038
040700005700000060000520904069007201000080006003000000602000400000350000030008700
507000000030009000460500200018000000005023900720080400300040007000006800000050001
000000803700008000065020090040010032007003004009000080000936005070000000000150400
