103908002008460070000050080600200000700040010000000469067010000000800300000020000
070030005000504920000000000006000002400007100002690300000380006000005001008002407
000000000000400067400000835600510000002000010704080050020004700003209000000600109
000130600006900004005002000002005001750003000030270009000000045000000090003028010
000600001000000000600034927000050304000000000904010080003800005000500009075209600
004160003000050000900300040050001800080090720000070030000000680003506007000010090
000803002100005004040070035000000043005100900026000000300060289000000000007000306
000300400010004000000650300000920000706001008800000950002083600000006009003100800
000000800007000003008390052070000008056004000089012406020006000000005000500100090
420030000005004800700002045002000160000007008500090200039000070007000080000060004
830006020500040090000000000901504070002790006050000008006309000000650000000020009
000000300001287000050004002000300004000079010009006200000048503000700000570000408
060000005000000080002000013000008700906005200050060000004087000013006002000023540
006000090400002050970600000081000000067500204004020000608000400000003007000009508
000000907006002080004090306000800010590060000007000000040170008050209040000000091
800040102200009000010002039100000000030807400000460008005000000000200070000730096
005070900900820000600900005000050600170306040004708000000000080400000001800007003
000000030700160008643000000060005049090800003000000700810300050006000020970004000
300876059600000000000040000800000500007005061040009003080060070100020400000000108
400000000001020030030080060002100000805300009004058000000000070090036840000001250
006090250010003007000200090000008304280904000700000000000002010005630409000050000
010000000048000700005010903000483025000200000000090010004000570500006408002009000
050000320600000408000060015369000040080020100000004000000930800007080000001000092
065100008100008900020005400001003000007040069600500300000000030000279000080006000
057006000400003020030050140000000000804030009000090071000070600008004000001800052
070003960000050000009000200000309500030000480005142730300700040000060000001400000
070040305400900008000000900930005060008060040050003100060000002200000730000500006
001000000700008900020000060090000800540309000000000002900800001800602700052703600
090000400000103600006000017340000000000000580070800000000008305003206009100900076
140000030003000506000300048000900000050003007009000860084000000060520409000007200
000802030000000019100040700000405003300000001000070005940020006280000000710030200
009000805050000030080030010000709403000300051000060000090000100230000060560040080
000040160008006053006390000010570000009080400000004000201800090300000700050060000
000073009000004700020000006096000200048300060003020500062400005000000078000800900
080000079007010800300500000000040506603020708900000000000400607061090005000100000
080000020006240000000009006000910000000000003040780002700000030100502040020400195
005100300100000070000070068003000200600000000870420000000900036000000780020038590
000758100008100007400000300502000030000000006060901000070010090800670004004300000
005800030000000509067000002009001005030070021000453000000090008040560000600000900
700003040003060008001000000008040700030000800290056000000002150500008209000001007
004061905370000000010708003030000050608402000100000000007000000000240009050010400
007300080005100900340000007006000152020005000900000600000047000060030090000800204
000700102860002503005000000090300020020000035170000000000003048002000000340009006
007000090000020340400109000000900050870006000906340000000070000004003008530208000
009000050020570000180029000060000037000030000090048006010000020000090003003006708
040030007300005006000000052900000500006050003800000010400980600700000298000002030
000085200040000501090700000900564087000002000407900000060300000305009060000000040
070500108020000030900007060307000000040000005000000900218079006000004000006020089
000000000000026003400508690910000000600010037300000420006002010000609005040007000
500408001020003040000000009000006000001900700000312058075020030600000900300000400
100500700090000300000067001740050080060090020020800000000016000008700600070080002
002508000050000040090070000015006008000000002000105600004360050000007900861000007
000400098000700650300000200009042075050000100600000000904360000000009002760000500
000000006807000030020060070500900007048530009000001000004005010006079005030004000
000000009009003860102000050000002000030500000490006000020040006000207090806001705
040008109000067005050020073100006900000000008003800200000000480600003000001050030
000300805003002000000000201000170006209060100000000000030040002700005000150800943
002100085000200300740030069080000000000460003600009020000970000500000000014300700
000008000000000340000391502000000010780000020600050900004020000020005700070460038
000000700035070820700305000070260100000400009000703000900000400006000018020800005
010700000503000040098000706200009103000008000060217900900065000000400000000080020
000105204000000000402309061800500109930004807000000000000800006090400000000012000
300107000400000020500030008800201007000060010000983040000300200080600001010000500
800000000002000079000590003006000020000208060104006300000080000500907000039065080
054000001000900460010005090040806000005000600003002000030000080008400710000703002
300500002720008630000000000000002000010035860473000200002080107000010400060000000
000018000600452030001000005900201003030000420005000010000706000087000092003000000
000020780205000000070000003000304069004900000009500004000100090007400036030009070
104900000000010600020004900900001400008000200007000831000058000030002007480000300
096370000800200060051090000000000000030000102000000050060009043005000080010860209
000700060702005100000304000000000050000000749090007600580400000030016004900000380
090000003002000050000000124006709400003000000000000279400020308069003000000048060
030004900008570000000080406000060102021000000000000030009050003007100650000907040
008050300040600009001000054400008000000000507000031000000009000290800001030715040
020069800701200604000000030100700000000380106000000408830000002000008309000005000
102700500008031002000000006000300108060025070700000000000100050000500640013007000
000000000010090450700520000001000032000080701050700009430057100000200060008009000
000050000705900030000000402003800570010047080000002010200403000306010020000080000
260000307000050060000300200000000003000029501070080000000005009030040805590006070
020085006100060204000300000007500310000607050008090000000000040039000000060200570
010000060000000075000907000003060040400790026800403000006000030700301000090084000
003050000050037004200060000940000006000000018008010703005080000100000007007009305
000000300200600805001090020003000002070000000600875000008010050030500174040007000
001000900080540000600007300190000038040000500030080002700000060400703200000000013
000040000002000030000300148000000000600523000430980060090070601700004500010800000
008020006040500008000000150000090001800000900902014300005206400036080000100000000
050000023009000760107600000900000050020840000700120000000900000000001300005078041
000000000300527000000060183052800090000600200040035006000040010090000000005903020
060000000000010000051800002040002069000300018090704005004001020026000001000090800
008402003706800000020003007009000000080007030003000509201080004000600002000090010
000200901560030200000000050208003000400000109010060000009008504043001000000007006
000900763001087000020000000608000000002500000040000002000100805010049320007002009
000900680002000100006480030400105000000000090870040500030600900000001008960050000
075003040002000050380700900000600380600005001000040090040009600700300400006000000
000001720300050180900000003060000350800020007090080000010000060500802000080067000
007408005401020009000090800006000400000700002902801000100054090050000300040000000
020040010008000900400010708010000007530406000000000002065800070000300000000064501
001000026700001930000020017030005001014000000000706005400080070000530000090200000
000068070700090004008500100083000000000006040100900000000730005000024019006100003
020700000001403080000085001208900004073100000009000520100000090000300000700020050
300004000040850000008000010000007031000900205006000040070003000012500870050010900
060030800709500000050000000000715000430008720000000080000600040006080159040000300
000010006007053040000600009009204000064000200002000530300092001400000000010306000
000000040001503200026000001008300000309700500250000400000002910000000008065078000
000010004000000750000703906409006123036000009000080000860900040020000000000054000
008400000070000600000500810000005420500100060000078009060032045080000000025000003
004000100000029000000304092070000463001000070200000900600517000100030000800000350
800056000000103900000000407070004800160500020004800651000900000000000100010000072
000900020000400730097000604030000000005000900080007050009000203070040000200603501
000070600090150003004000050900387000073900086005400000030000005050208000000090000
004009700810070005009000001000600300002800604000004000000005002700140003300008050
005000409000030000000004863100090008000800170000200900200056000603070000010900200
020040030040700201006000000610009000030000009900005070000201060007500040000060850
041200000000800040060000250000075000000000079003009060007140085000002090600003002
024000080000803400000000700090010204500040000080600509000900600000050890030007020
000000627000870039000050000640009000007648000000700000071030002405000800003000010
300000142029100000000070000070020004480000009000630200004050831005000000000201000
000600001002004070080700000000020953800900000030060200067005004300000000200048060
000004060000090000030007940049003600008000001000000870001060000364008500020300090
000000300060000090070540008509060000000003002108902000094000206080007050000000807
000000700005370100400001020080004012000008090026100040009000050360200000007000800
800000043000950800400700006000107080006003700005800000010000009703600000060000150
000305910001097080000000200000000168300009020000684000040000800002000000506003004
600000200800000900005480030708030060000005000040090100100270800000060305000300010
000000090005000308920006001500120409001000200000008500000080000007060800034900020
000900680002000100006480030400105000000000090870040500030600900000001008960050000
102000000004903000090200070000090000040700032000030965500800096008000200000005001
025008000300020007007300908000060003500013840080007090090000060100002000000000300
592000000000000700100005300000200100000000024030016008005001000360048091000902000
000020000000809602001050000008040001315000007000780030000006320050000000700003095
060009000900520000050700340076010800000400000010070030000000050090000002001092406
600000930001000200083000701900370400000900000010065000009407020000000003400200600
020003008001054002006700090000000001002005080610000520080900107500000000030040000
001708009809610003004000000000000070078000032000120900000000004950043000006900000
000207006050890007060000100000000409204000000300150062000005024000000000408072000
300001000000704005000000078071240006000005910005003002060300000050000204000008060
086900000900000070002804003000026000100000900400700810000000030000215000008007102
070000109201450006600900005000800930047000000000009540700012000500700008000000000
043000065600000700001000230000600809009080000000003006500070020100040000406020010
703068010068000000000001300409000105000070000000000040092400030610007094000000002
000300690739005000060001005090070004070003008000000500810000460000010000000650020
000000008900010724000400100160040050390500600070000000050800030002030000000100079
005000000000700321000900450067020000320000090408603000000000200003007804050004000
000002008060070200080300009070040000500000020403000950001067004006000091090000600
000000802070000000008000100000090050103000000002080706040530008000900025900807630
100200490004600000003000720000400068080500000000107950020001000000004619040000000
010400203680200009002000000003704062000106000000000400900030000800000016046000050
230008040058009000000050800100500900000000038049800002400070006007904000000200000
000720000000006000070090130009030400000007306000902015003000040080300002590008000
003060702200700390090005080700000800000080009180004000000500900004300001000012000
400100020900004000036080000000250090000001000063000010708906000000008009020407008
000094800000036005103070004000803000000000500004020000009000053006000409008007602
030052000000600000005003700300010200760800050000000409020400060070005800000907003
050003040000000000000950876300008000501200060008670004030000001000040059090000700
701060005002013000030500001000000080008400900000000004090608020307200040050000070
090700206004080005700090008040000800930000000000000012080500004170302500000000700
070409600000060309400002000000008092200000001003095780000000007001000050000083900
160020000000000300000300500000810420000002701700000000049008005200090080600050140
200000090030560007000040010407200003010007000063000000070091800040000001100080004
080000004500009000009000183040705001030008500000002670300007000000060200700000035
600000050070001040000004680000085000253006000000020000000100000390000801014760500
200003090008670000000090420300000000000000019089001002006050043054700008000010000
000900010400000205100050706200006000008003000005082040510070080000060000020040300
400000130005000070010028000090610000060203904020005300002000507000060000000800010
060001400000300009000008130009000007304000000020070050040780003002400000016002090
000600070001000050003000819100200086240000000007030000050700000000006720090085100
003007051000002300000068900218000000005003000300050002001800007002000000900405030
000001003090500460040000007000074900000300070002900005006000080410028000080035000
040701800060000092000024030000030000053000009100200050005010700000506080080000010
950003008800002000031000000060350090010007050000060010008000307000206009007000004
000013520000090000500000408000009000200800010001005694700000000100006750056000003
004073002095000060007000004450001000000300100060005030000108020000006000800290070
600430105000015800000070000000004020020601000100000500007800200000040000030560047
000009052000600000006075100005010000004006030200000894003040000040107060700000040
040000300000012005000000792000601820900008000050403000306000007025000400700000060
830000105000070030600008000000030000300406002520900600000193400006000000000020701
097010080004000200000004009500002090000095100000106003001400005000000870060008020
902004000000102007400000100806005000000000005001000200309268000000570902000300080
400300000000002040000105206000200400000007052008000003094010000010000890082003070
000030008093020000050080000000374206007000401000000003410800030020007009000000650
800060000000830057069040010050000000000000798004082000030000000000100970100076004
001050600409000750700030100000001007040070500000420003600310900200000000100006000
001930000059100003000008500000001000000040681070000940040600000500800400032000070
004800003006004009200009000030728406000000700100050000715900200000040800000200000
130400000705300000600020000000000027000900400000000085860500003059103000002004060
070000000300080070000009538400600000003028000200900000000200106900004000006710093
040005630009208500000006700900003000000400000156000390527000000000600000060900002
050098000000060000000100503009003000800040200560000000004007020000001300003925160
090021000105000700040506003006040080030002600000000079000070096000010800003400000
200050030580301070006070000005400300060000007300910406000000000000090010100000509
001008900070390400024000000407000000830050000050009200000780000000000706000063520
000560000000007010369000050200056004000001300031400008804000007000970085000000000
400801090601020000000000600042009000800056000000300004960000275000000400070003006
003000200000000900005980700380000040020040000010700000000106030078004020600005407
400000610000030582000021000106300000000000054000080900602800003030709000870000000
500908203800000100930060000004006510000000000060000009700430000002801005000000708
000000002920500100001608037009003000500700008304900010002401003000007040000000000
005200017000000800000084000000000040078000603900000702003010070020700089850030000
000000000200100009007080650003000705150600304000000060009030000080000010030046802
007054100008900000090000060000800020000190008025000901036080000072000030000040006
000000780080000100604018200100030000040701000003590000900400020000600500000027800
000004060000090000030007940049003600008000001000000870001060000364008500020300090
006007094000130000005040000590000000042003056070000040020300900000000085000800402
000000320000400000007082090200000003000705008703001600000600000300298010090000402
600400000508000000209000540094000087001208000000000000000079060007001008000623700
000070100008234900620000000000300400100000038000067000003001260050040070000000809
600000700000080000000000345300060890000001000790058000903504000060030012510000000
004030051007200000096000300000000035000001040005060700000020010700650002000300509
703604000000020490001000000005003016007000008000908050006000009000805000050370001
000760002400000305000000080703000000050031960100406000000080240010240600900000000
800134520030006010000020000100095800002000700000000496007800000000050200000000048
010054006004000107200000009035009004068000000000300000002070005000201000096030700
080001000030740600000900000092008003000005020400100700005000030000004806768000001
028097000000520000004000050406000500090600000000002300700406010000300805019000600
300200000002040000000570000050300900400000706001000400008700601007000850260900040
002000050000002009003600001214000000700500400000900000000180007001000892039007006
900000000002037900010420005005000000000060078000000231046015007009670000000000080
090020038000900000016700904007600000402100500080000002900070000000006000000004329
600018503000000060000700810500096080004500007020100604000007000008000300900050000
007020003000600417001000060408090700000200800032460000000704005000000000000050940
000000054920004000000390000019000000000000039003800060300006400050003028080140007
010000400072000093409000760006208900800006570000009000050000001004030000003005000
200300000970001000001060800002940030000027500000000080090000020000614900800500100
708000200000007004050000089000604030090000002000002600910800000002940005000070018
008005060000020050000403801700012000000700000090000000020800009150940602004000030
000000008700300000012800904000904750000060142600000090200090000080406000900700000
000000094005420306000609002070000000100800500000040008040000000500080003012093080
001040600000007000000695004900000000000802140000400032083000900060010008010004050
016400000000000030020800060100900005000530070090006800001095023079020006000000000
089000000501078090020006300000060003002004076000903001800000507000010000007020000
000005006000042905008130270904000000002090080670000000200000000035000090000008021
009000600004015003030002504000704000000000080058090020910040000060000000000601750
000530800000709100040000030512080070030040200080007000000000010006095000708006000
023000500000000036901400000000007002000501060800000050000905804504000019708000000
090700003000060500605000400020000000000009048700003901081000000500984000006050004
082300000000000080010004620000040170007600000063100409000806090009000000004002007
000600023000000070806000000000009000040001090200005468080090300907000100050108200
008005000000100096610208000002901305500000080000000600009030007000000200080740010
090003508000406700000000006035000904006100005082060007000200009053000000000018000
000010980000804000042000000300000060007053002009600070000002716000040000530076000
709050003008600019040000000100090025000040090080001004000400270010900000002000050
030007600000001080000029053973000000800005900002700000001600700000000092387000000
130006002025000900000040000260700000000009081000000040050007600096802070002090000
090008070000240060063009000000000000230000800005000601004083000008000590000160708
006090250010003007000200090000008304280904000700000000000002010005630409000050000
006005000020000064009030708703000000000000346100500800000480100907000000000020490
002601000000053000035000900000500000009000408800070030000010820200460009006007010
612000800000001703000500002000000200000480309900050060800003007001090000000820500
060010000403700008520640000002000000009438005000006300004301200000200000005070000
000009000507000002080010043000102000073060000068007000004020051021000309000000800
008700150000030000090052060009271800020900070604000000000003610000400000000060200
068030000003800007000070030820090000000000009000400601000300054000000010294605800
000000070000209000053006008037080600800000009090004100000460200480097010000005000
409200000002500030000040120030000069004001000000400050070060000000100800501390007
023004000010702000080060090000305017000020009000008530007000005000630000900200060
300009000005208007000700500027000600000080004000602093400000800280104000093000000
000002600000080002040300005800007014000108070400020900000000056903070000058000030
000004008100008500005091000204009070060000200300040800073000005090050100000020900
409200000002500030000040120030000069004001000000400050070060000000100800501390007
070020000000000870000000005100008000050106900600407530000302080001600000408900003
000500400050000080009070000000403600000200009800090500580700106030000070206040900
700021036950000000361000000000012000000500004000860702100043009000000000000009087
000080901070100850050900000064800000007000020000097000300000040482030079006000000
003000000010072004290006000000040006000010040000695000600003012708100050002000080
000920600063100509100000200000000000804600001016040302000030000000000008428000700
000000810400090000600537000004060350009008002003000060000000083050000200000784600
004500681003000000060000204000130050000040000000007010000398000805020007009006040
080060501000000300300100906100000009602008000070500030007000000006054000004700012
010050000000300407000796000508900040003000000070000030080010000140009802030600001
000000075000100003540006100107000208030800001008009050410030000020000000080601000
067350208000000007002000090000070000010062000009510040001000352000000070090206000
038020000001009000700040010000000072000500380900008004000205000300084000060010940
200006700305090200006030050040000170600000900008003400034005009007400010000000000
000600805000030000900700410005090040000100000002407083007000000009008007150000290
000200706002010000000800000050020007100600800780005360079000003005009000031000050
010000705700650400400900020000003080007000100080010000020069030108000900000200060
100000090004008000200040700000010930019002506000005800003000000760500008900000105
090035406001000000007000089070940050100200000006800700008004030000600040605000000
408005010000082050000009074030064087000700005010200000263000000000500600040000000
002004079000300000060008051000003000070000006605100790000940018010000500000050020
000910600050008007008003900500040098070500000300200006780090000100600020000004000
600150000090700002500000804000000070170900040000210080309600100006020300000500000
000271059900000000008900000030107000000080300067000010300020006081400020700000003
000000028008000403790080000900060502172000000060000000530900006200071000000020700
072600001000200048040005600000300070200000000500160090000500109830000700001070000
000008041070094008081000000000005103004000700028010060500300000700000209000000056
205000400000000010603008005050079200000020060007600100000002900070130640000006000
000000800100390060006057010020008000090003001580001620009040050050000400000000070
730000500000048200200300860800700000007000000061080034300007090600001000050600000
000000312040008007007005060000209001009000000000030080400000030080400006213600004
050002610000000000006184002074090000000000000900005080001070060000000100200601974
000008000090020001002000003060090014470000096100060000030002000001400085040005700
000170300000000000800025006208000900000908170010300400700000649000569000002000000
079100000008000007000000000050040060000700392000280104006850000002000009030004206
010090048600004100030000750008100300001009000070200090000508600700060000000070005
002007000000090450150000000200908600800012003600040100000003000480000760000100900
400000800000008000000060050000091002930240000016000009003005000005020041100039070
002090008700000000001700503000900730050060090007400000020006000000500100176003800
308000010000109060000840000015000400024300700700000000030007000007000006080295007
940200580000000090080300010000504300500007100010003000060070008800000607000080040
003002000000013800008970000000609000010030009700000308095000001080000746002000005
030050000008004010470020090000065000050000704090200000007008021002701008000000900
000000073500000024003000608000001090001090000800760000027080009080500040060030100
010092700090800050000060008007050000900000380600000200000100064000387002080000030
350000010001400008000020000000100876010800320040070000006280000023050700000000090
000000900070001060000700030000300005040100006600589401007000000200430000086002500
009000016100000004068500002200090100050000000000083005005062480090000000700910000
004280030700600000000094006600000007903070050000300002005001004000800000000030125
001007300000006050080010000000000590900600274040300000074200100809000045000000006
034000058000000009000800400007300000000258360600900040000000502025009004800600000
060000300081020070000016000000000005095700030070000104900600003000802510000007002
030040020000501000000029074070000800940000160000060047020005600700000010100006000
400006005072050000900000200006000001000000030539008004043005060000100000000030578
000000160390080200000400003082000000007000045005000830001240070000008000060970001
430000001720000040000603000080030200010900800900700064000009080000050030000070450
003050208000008407001600050730000000000706080000035000600090000020000900010800720
040006000000000300000090600700050038009040005601700000000261800210800400008000007
095070080000000129080004000809000000050607010160090000402000300000003051000008000
000006008000042001005003000900000010000060400002010650003070025000491030800000090
030100907008500060000204001000000300070060000000020506003000000705800400092000015
900402008000000170030005000000004060000890000000003507090600082004507003810000000
002000000009053000000900700508000200400008500000060003300001002080400056000076304
300000000060700000001080060273010408008370000000040000100000090500200084700006003
070608090002100000000030000016000503004000200000820000300004070900003400000981050
001900030030020000842600100700000062003007000090400300000002580000350000100070000
047000060000000003000425010000180000003000000091500702002006004308004500016000000
140029300003000000000070086000080000000540860065000010200000000090000732701000400
000970000005020000000106907006402000008009320100050600091000036080000000000000208
000000000000904010792000400070000080000358006000000504408070100005600000310090008
089000020006003705000092001000018000000300006000000047030900000000060008208000674
052070000000090000417085000000602034060000527001000000000800402100400800000000600
060049008080000000000307120000050000032090060007000904026008050000020700900004000
100000042000007000003020000004580027200003009000760000048900001060004000017000050
400710000300006000006200000000003720802000610070040500060000950000000800704095000
020500080000000000080030964040000725000000000000082003030001000076004200008679000
005090007000080000010065000004070086000200070007800903006000004300000609090000810
600008900087005100000000005000032507010006000000490800025800030890070000006000000
080400070009000200000002005020940000008300600000000840000524310000801000270030000
000090300000000120030004005200080006006230800100070950000000080500020070000315000
007000000000060470500008100000300040036000000720050003060400059109072000000036000
300007080000500703400008650907000020000400100800000000009124006050006000000000098
009000000402609050030000000020010000000200003800547000006000380107800002050100900
000020700071900008090000056080005000000010300400803000060501000000000003059046070
000042000090000100003000079009060705000000001080523000400301028000000010000208006
000905013008000006009072000043090700000104000000000040200000000090007401800400602
050017000000600000406530082503000000002000970070004008300000600020100000000400590
800400700000090842065070000000539000003004508000000900100000000900087000004100200
000068010000201049003000008000005204002080000000340060100000000000000905090576001
080000000600108930001260740023000810400000002000710000090001006005009000000000020
190820000080000000604090100000030002200704009000058003000000026407000000060000904
002003605010086020000500000000005102084060570000000008000100009003007000007000310
700000009000200060020003514005300000100048000008001300079000026000006003000700008
083010020140009000000700000000250030000000096001080500004800010000002007008100049
050000900300400100000008740000040000200095003800201000086700000902003050000000602
500030000003005241000600000700006004041080060000000025980000000004900037000208000
403057000000640007500000000005000046930000100000900500070001200180500000000302008
000305070500000009000210004400650030000149000018000000150000600009003400806000000
001976300400508000050000100000840060000300000700095034007000020020004000000000801
000008001009020070184300200060540000000000008030080900098001300000050000520000090
000000240080030000040010350000700000028009000009826005000390000007008000960005004
000001070093054080060800000809020430040065200000000010305700000000000960000040000
000010000000000070000609435006005702000007009002800010061000080870000003300000107
000000006070009021050020300002190080000005009000700400028670003003010000060000900
004005030300010520000000900002941000005300000010020006000000840036070000000094700
300502000000900003075000009001008300000200000960000028003001500084060070200000800
000090300000000120030004005200080006006230800100070950000000080500020070000315000
031000800002003009000680700006020500000009084070050002000900000090000050005006041
009030000010804000050000794600000007030010000001025800043000002900100000005070060
010903004000004000000708025000200010092106000005040900000000800301000700048000090
013000000000080094000070500000450000000000005002100080701340002300012607600000300
000000850100030070603708000000807260000020000090060001000005004806000000000280309
001008206030000000900000000740080020000600109020003068502007000003509000000060050
002000005045309210300000000060000002408010000010054009007030020000500060004000008
000300007050900004080060090800000009000072400004000210001049000290503100000000002
000000005000546020090003700060200900008000450004800000002030000030071090040000107
000090840903600207000005000400709000000530006008060000005000700002041609090000000
034000080000005000700000049007600020050032610000800000200308000080007004140900000
600708100000690000000501800320084000008000030009000500040900708000000246000010000
000030020070150300800002065700600009000400106020000007009000000050000000017900802
000008030000960000007000140080000400241000070600080000000056000050009701102000064
070009046000500090500040003308002000400000600605003904000015070000000800000004060
000700320040900001607002000000000070000100406109670080000480000000005219050000000
008009070006400000020310000000050030100900206070000500004005060007000000050034089
007030080900000000106200005000040000059006014608000200265010003000000700000004100
001030400080007190700000028030040072000501000060000040304000010008096000200000000
008050000700600100020000908080007010009003200000000603005006000040800000090024730
008560000040000073300800000100009200020000900000001046400000320030007601050000400
008104309100007000007050002001280003000000000002000094680000020000000100900700405
080700015400600080000000320009003040000986000000010003900370000050000207700100000
210000050800000004090007000000920085000600000950100407009000760000010008000056300
000800300000002560150000000800070903000905200700001000000006000046000790080007420
000970000002000051000000000090000500001040060306590418000000000020010097050300204
000003500700000400906000018000040700200001900000060284810070005000090000090308000
020407500000020490000000007008590000142800006009000208680000000000005000400100700
000608005300075800008100042003000000000450790000009200031020400006000001700000000
000650001000394700000001030400000300067080000005000098700000940006000000000040127
002010000400000021710086000900000000040002000600000083000070030000504807506000904
000008040001500000020040000006090020430087065000300010900000001000970030800002070
000000507000000490900857000009600002010003000006005700000000026000010300600409150
062700031409082050000003009000090000073000090000004025000060000000200170800001000
000900180042006070580000000000304000079010200000600007017000905000000020250000006
000900100060040003001000000002006708000509006000020000050003010180600007003407050
002406190000090300005007040100000003400028009000000070706000000040030008000600501
093000006000035080014000000050000160000102900270000050002670000006009010000403000
000097510029000083400000000000700030100000006204000000001200000030500040082003605
081005000002000050003027010900600702000041000000000640040008070000004800000300920
000000000000200480031089000700098034006107500200004006000000300620000005000001002
700090300009000006100200800030480060000050007500601020060000018850010002000000000
000005029005080004000602010050000001002036070008040050076000003000900000400017000
000004800000560109000001050030000400004000006070800035003710600250900000190000000
000600050200807010000020000500400003400190080003200070030009800090000001800006040
000097800000502001005060200001040023930000005000050010002001004050000070600080000
000900023001000004000007090000053002006200005020760000005000649604000500107000000
000000007400700008000000930000090046000028100600107000002053004010006075050000300
005000000060000430000020806000006519040000000600087000492700000000003050070000941
000400900003002000100007083800005096000000007407030000900000032060240050080000040
000400060002380010006015090000900800003000000054203000060500040400000086000000201
000040000600000008020000300009007024000050107010900800008001403003708009200500000
082001006000005000300000108000800090190500000006040002000698000001000830000400205
000000040003925006008000500000006000820700490050830060000100007107080000000209000
400030001000000000000000842090206500000750000030090006002000080071400009050071003
060007830020000509900004200005000080000070090003062001000246000002090000000000107
300504000004000360107006920000001070030098000910070040200700000060000000009000001
009000800000000062010650007500000009000060030000273000207400900804300000000085006
006100005001020009000030070070000000000900010600000082003000246210095007000300090
700001000060050000082630001000000007450000206206000008000003900000060000900027105
000070003002008000070001568320845100050000000000000030000300800100004000509210000
005009007002001065030000010000000008070800050020000900000040096090200480300600700
036400000080000004900007000000100003000950402000320006203000007005009000001640800
007003008005000009400050000002000805050130090090000002008206043003017000000040000
000000001503000000006007005080609000207010000000805070830000100000094700090500063
000000009700300604000060000103900500067050000002000040980070005000095001000420006
000908010400000907003600000800001024000200500020040063002009605900400000000000008
000500000000270004008000617020000090706000050510004070060000083080007000000409200
008005400000400180700900000006070050000000001000090308907003062000217040004000000
000073200100045000780900060060008000000000090000000012009104630804000000010002050
000700500010003094000009060250000009000080000004090753000000200006100030080040906
004000600050074090200000050107208000849000000060000007000000023000049000605820000
034060700000000405520000300000100000709800040280500000900080500000700100000030079
095001003000005290000083060850090024000102000040000000020000500000260900410000000
000071000065000800000009003009400008000000000000020540000703106901080050076050200
000100500020608003007000010803000029000802000050000706000020108004000090000306007
000000000002006010193008040000024009000050300500003106050700800300091070007000000
000005812000006005000093046004710020020000000190004000006000034000000500500301000
400000000730008005000050049009000080020004050003061090000007008070000062301200000
000000310800400600600030000089500060000000037000027050000091000905040001400070020
000000040580000700000900600090560010004003900003102000000070009008000060000256107
006000075008094000070300000060030900000040000001905020700200680800000500000070039
060080520200906073070000080080004000000009004000600008007000000015000060000527100
060001000070000020000000308000209400000007090000000501308090002019720040007045000
702010900050003000600004002000035601000400000800090000000000400170650200000807005
000802000016000040907010003500006000000290000002040130000083050400709008600000000
007804090030050001090000003000640200900000000000000016500080000010000902006100584
000000063602007000001000000000000800000031040000048052700080020300412009100000406
000000540007010090908700000070000800600050000002960004700090002010000403820300000
000200000007080900900600040000070510000802000206050300031008020090000001400360000
900007010000018600000540030020430709006000000030000100304800000017000005000000047
530700040000501007000040013008000100045000070700900082089000200000350000000020000
001370000800000007006800005000900080600010002040520090200009000000082400004000056
010503020000800006060000010000000209054008030000146050005000000200300000007000184
510004082004050000020003000700000020000900403800200710130600007000070090000000800
000500000200080030870000040100030600000610002020009000008900003050000080060420097
780010506000007090030000001040000000002005600000400230400096000060201000809040000
102000000004903000090200070000090000040700032000030965500800096008000200000005001
000060000060700080201900006030105002000200000010070050070800300000030001003000625
000260500803000007000000042010732000300089000000010006200098000050000030700000810
000006297000093000000100050900500183080000000005430000000000801000642000720000500
080200710920300000000000900005000184060000009030710020007400000000658000000070060
000700900007005800000346000000007640003100080001600500018000206300000009004000050
000489000000000060000000418100750080340000000002100000080905042700040009000800003
109000500000400009000000600000005800003041000801760002000070400007020960205600000
000205070005009003090000500050810090000706108100000306000000060800000020600002009
004000070060000009005000040000002700700050000090010065000091286100008090200037000
060004005540030000007000008000008500000360920006001000301070000670000031008010000
050000000080203040046900207000040000000802000000000638001009050000030480000508900
000079042040800600070000000080000109000004750900000030090001800206000400700900005
700000800000000700200008530076250003000030040080040070000180000060009400309060000
070000109201450006600900005000800930047000000000009540700012000500700008000000000
000007002091000000040006530000890015000600000010002040000060007050204061007000300
285400000000009004000003708001000000450000060806907000700200006004000003000018090
000002095005000700000300010300000400540890000060030009020900004000700320007000051
000000007580070000700960401800100006000026800003400000007030000005000060040700302
000390000064020000280006000030100009000080102007209400000070010900001040010000500
006004003700060020400030008900800700010040000000000900600000047309078601001000000
000306050000000001005000470001009002000004980000020706017480600320000000004001000
700082010049030000010000009000806305037000000008000064090010048100000000000305000
040000000006000412000102000400060080500000390000037050020005000089400020004700100
045000008270010006001050003000000000059430200000201050063000000704080000000007009
080000004604030050003000206352000790000502000007000000000008060100240900000600001
000000890000604500000030060030000017700020900000070052408003070020000000007091400
005002041700049306100300007000005600000200010200900003000010000371000000004000020
005804970300005400002000008060002300740000000001090000030008000009500803000010004
000208000007003000003410009000000390400000008000070201072050104000002000060089002
000043000000100004170000030000000000267008000098700020000600003800004500300050247
830000007079008060000000000410000008000063000007000005050084021080700000200091800
050079403000006005009000070080700000000000000607850001100000056300000020200500108
600040001003200780094000000000001000008007003002000006000930002001805430000700500
900007000050136900003000000020073000010000590048000600000000040030000006200050378
900060300003000080040000002000400200000730005060005001000500014000007026007019500
000710600009000000040020030006800240000030106007000050600400090094001008208000000
000000019000006408040000062200010000900860000000700300010005000605470000009030207
030920010000005007004600000000000308000408200000160500083000000200000046100289000
079800300500009000010000200000900028800207000060000000050680040000010093024000001
005006000180004300600025090003080400000100070000007005000040020904060000008001004
000900020000400730097000604030000000005000900080007050009000203070040000200603501
000900180042006070580000000000304000079010200000600007017000905000000020250000006
000006009000082070100905002090000000840000603570000010016009000000057020000004080
800095004000000030010703000050320900006080070000000060000400090700008020268050000
000000040003925006008000500000006000820700490050830060000100007107080000000209000
030004800700890002000300060003400200054000000000750001040007039067000000080500000
000059104000730002030000080000600923000290005400000000006000008041000006900100200
040025000010400000009000000090600400003000000200507810600002008005910002000708050
001890400008000000052073000040026003000008000000000045003040000090602080070000056
080050190400090020007030640120000050004000000005007000703001000900500002000680000
900610800000000010030000590080700000000020030047085002000060075002050001401000000
003070000002013508400900000000507010050000400000809300009400001060000280000080050
875000000006000100900703000000000450023005000000060002000000009067400800500180640
001000000000200090500608003090705040000000027000009006008000072005080000100097830
001940080760000009000000200005003000040200070000089002306000051000090840000005600
001004002050108040006002009000000104000610300060059000040000050000796000002000007
000000050000400010740053980138000000000000000000985060400028000800090070009004006
000031050006900800015000200060570093000000400000009070000000900048005006000203008
000100200000026003201000000098300010036000004400090000300005000000730809000062700
500000000000000006900406002030001005008030761009805000010000000070000824000048300
000850120030000000000000507000900004004060000702000000400196050008005700500040690
890007000020400006006800002000080053000000400030700600073060504040010900000000100
060000080940700000005000300000001400800930067003007010000060140000100620000209000
040020000500900000201000000007003010064800700000000063090000080000091600075480200
000250703000800200090060004010020000000000006004003908040600037230000090706000000
090020040000600700480090230000070100500000000000000985007084000004350007000900008
380100072500070000007083000003000600100050090002030001000002040400000908000060005
400100070013000009200006000000020810008060090000700400080091030700300602000007000
040020000000040097700003200000004001000500069000100030170200005008000000006859003
020480000000205080004000000000300049700009005500000301050000017210030050080000006
000030901450001080000008074000005000000080000807094030000003090020000600004850010
002007400040000035900000000000009800000065009000030050007090000490500301081400007
040310600000800027008009000006000000009400000500000092604902010000000040010008560
040702005002000000073008000000480000100007200090500007000004160004109000006800050
205000870030000010001050004093800000400000000100230007600009000000070291050010000
007900006000000210080041090060000004079600000008000000090506800803004001000090020
040008620800000050000601084090030000106870900300100000000000007000007040050300060
083000900400003000000200610010070002509080000000012360000060807000000000050027100
607000004008960000050100000000050000000006013031000400069002040015080002000070300
000000000007000640000605009000090210500000000000028305800900002403200100200310070
000002060800900005002048000010037604060000000009051003400060012006700000000000050
000000048008000070000402005007053100006000000302060000070001090060047310020900000
900803006000070082002000700000080000600037021007001300400000600060100940050000000
000409700001000000000075890700062003002103000080040002060080210020000070000000030
040005030017000800200007600000000100000000064081924700000061070039500000000300000
201053000000000900009070006000204008000009140040760000000680701700000002003000500
009700000000008730002004609030000000900000500081050000000401000004900306000520018
004002900008005700000036080700004000000100200150300000200400007000060800300080501
300000000000708000008406000000000090014600300050010804005000007009100420070390050
004063008200008700700000000300000420000006001000000090401005900070390600030807000
800100000000020007060070000018000050740200009050004010006900000002041030100508000
000040100000307200070000065059014000000600900016080050000000620005700308002000000
010900020007053109069100500801079040000030000000002000000000403000000860070001000
030000007000200650614000908080039000005040070090000000800103000703085000000000004
005900046300005000008100309000000000040000730020001900007000005060003091001809000
402081000008050300600700004900070000000800000007360500000000817000430002000908000
000000200009200086000083097007000010400009050500108000001064002006000030820000000
201500040000600090000003700600001400530000008010008052750000000000080307000902000
000000307006840010071302006020971800000000000508000000000003042080000100600000090
002500700030007026008200000000000040301080005000010803000100500010043007000070009
000500820000470301003020000048000060000046010009100000500007000200000086004000093
008001000564000000001200630000090580000080407000704009000812040000000702010000000
000064007840000090000290000060000230000010006000002850004003070507000000009800610
000000000000058000761003000006000200080105040005032806003001780000400000040080090
000060002000379000009004000300608010002000090508100020000086500051400070007000000
040002000802107503000000740080005090000200105007010000903070001000600000010800000
000000007002817003000900002000091050640050089000000030860204000050600000020000070
100000000907000050020470000000020006000007001000090020008042007006700003039061400
000094800000036005103070004000803000000000500004020000009000053006000409008007602
009006004000000280040200030060000008900000700205081060000170000000960105000400020
100200000030090002704000800000100000681900000000050067000700600000300940002500071
054020008018000070090007000002401005000600000000000010809000040000130600600940700
604300000000000200000094100300057490090040800400010070000079000000080050001005002
050000000300600004000085009002004000061700030000820007020000000106000073090003068
084002100000005000309000008030050080000260950006030007000017000071009600000400000
008000000210000097400000830680000370005002000000001680000520900000004060004008001
970008305006023100000006000200000080005000000109600007000041076000000090060000801
780005000000300602052000010000000470000920000000000103040500900005760001800030005
400009003002080005003400810200050000600000020049100000900004300000000070081000092
007000208000000050021003900000519000800706000000000026000007000009300107100000862
020000000000200460010079003000005030008003900706004005000050040000006009103400006
000003050390000000007508013100309004000807200029000001000060000740000060000000028
000000001000010050090430260050094100200070000060000048000050000180900076703000000
000000000800000600762004003005039000030200508018000000641070000000008701000540000
030000040008050032700004009807003001000490600600820000015000007000000020000040800
006002070000600001840000960001003600000006514090005008003000000000400802907000000
000002600200400000030000900060010070700050000090007862005030080000000790980100500
040870000050100249000000000000003020000480603007000000002008470061000050003005060
031000605600400020008900030000000009000500000205097000000805006007012000010700800
060000000080504070000001040600000030070200400820100900700890000000005807300040050
100039006000000800000008003014000090000760230000000408870000004500300060020075000
000034010000200000070001040050000028600007300020800104000402009000006800009010060
230004000098000040000650000000900407013000000000000810081003000020501076007040000
000300201060000003100059007020007040000000006900500000370108000040960308000005000
700000000002100640000908205634000000080000000009001080000705006500800900300010004
709205100800900000000000020000480003050010400000007986000190000100006300200000040
001500072000800001007130800000498000090000010400002000035000006200004005040000900
050400008908000002003080001005068000000003700431050000000000520020009400300000060
900020030020013780700080000000005800060090100085006009000030000007000000006700902
000010290500709000600004010700000600000005001409070005040800002000000700056340000
000170000102040300000305400083500200000007000970000004008000000420000560010006009
000000006308957000000001000004309002200600100006000800000490050050000000409020370
001060004000000026004207091209001380010030000000900040000070205080100000000600000
000100020100002070400057000030704092000003006006200000000000509005000063008300400
005204801073800200000000000008500006000006000007090000080002549302040007700000000
010004000008057304000000800609100003020090600007000009043000200000800007700200050
000300009407200008000008056000094000000082041000700060900000075050040000301006000
001050000000009000000078409008040030090803760400007010000006001050000670004020000
004000020000000000000009801000700013000600485010095000500008032062050000090030070
003001640000000200060002800705086000840700300006000000000900027084000010000005030
004090007000340000030000000005903000070085020010007060000000050200000691187000040
000300050041000006600000200093500800200070000010030400000089705009400000002006010
009580703000031004005400000000140300000007500206000000703060920000050400080000000
901003000075060902000800000000070001080092060600005790730000010000000054000008000
002800005385000060000204070950000000000000801000702050008906000176040000500000000
075003040002000050380700900000600380600005001000040090040009600700300400006000000
090020038000900000016700904007600000402100500080000002900070000000006000000004329
009080030000100070000700009100603000405002700006000000008020900090060002300000158
629000000000023600000800100050046008090001720080250000003000200060000000200400080
000000530560000040000001000008009106030080000000025004000040900403000007079800013
109000600000590000040000000008900230000000807200700000000061095004800700603005002
000002400008000010000510008073020091060008000059060200000800300125030000000000040
000007021040000700800000005400070103030840560200000040000059008060410000020000000
003020705060000080040008120000200046007000000008091000900800070500670000000002030
000009002000000010090046050840005000005390200000060000001700063003000001708010009
610000000005004000320000004000500001100709020080100076000050893000000002000810400
000000400000725008000098000006050030140900205000000001080000153012007000003006000
004030070000500000100090040590003402060000090007001800703400000000800300040002600
000090025000000300100507000000040800080000000094320010000006582207050006006000400
000020530000004002070300000009000140000006009200000073000009000903047080017000306
003000000000006340008540600600204803080690000001000200200000000005020900000807004
150400008000010900000098007002005090093000000080300540000000204000230000801000300
700040000203000700060000025410080609000000000000700081040030000000850060081200050
000001005900000000048035007000800600090000000002100079060000941301209000050600000
000800000020705006000640809034007100005008000960000000007000062000001304090000008
000000008957204000000001005500040069006010200000009073700000800018070030600000000
000709001000002000200086000000000075100800040050040192328000000006001300070050000
010003900600000103005700000000000010003901507000087004000500042080040050200030000
006900070070020190000005320803000000000006000000000200490300010061050900007060400
200050060600000009000080500050000000301000007006307400700005020000108705000402001
000006070000893006056000002200007080405009700000500000003001400800400020000700001
009010000050000000701400890004600107030000050000500403000006020080700900000809700
910000762000006000000700300000000000760000410008000093283070500005068000000005100
010400200048050063050020000002000000000043000100002908804000000005090830060070000
900000037500000000060000048000100052008703060000009870810306000000900000000041200
040001500800000009006000010009100000002043705008069000000020000020000057007030064
300064500010000080007300000062000050100008060000009030020040000006900200089500600
640100000200030006008040900400010030001900400760000000000680002072000004300500000
070030801000068000002000030000301070035604000009050000080100503400009000090080000
000009064000600003700010080045000810002460030900700000009036000000090500050100000
006004100020300050900000030218000060000000000070400580000000076000729000040001390
050410006100090020000000039600004307004007015005000600012800000000300000009050000
002060000036089001000000800094000000000001430001000006000126500050090007000300608
030040020000501000000029074070000800940000160000060047020005600700000010100006000
409006500000000060502000700000000007250000040007013209000001080700002610000309000
029700160500001000000000300000809030006072094005600700410090000000000005000208000
000000006070009021050020300002190080000005009000700400028670003003010000060000900
105006000000000040042000501004008700030402095090000600000670000000000007900500802
000030150000006390025000006570040000008609040000000500000000000009020638400091000
004000030100560900000104706000070000900000000025300000002000071093000602000608040
000005000000700500003048000600900003000007050028030704070002000310600000460000201
040305000000060030009180000200000000008090602700006100064003001900004007007000003
809002000000000007000001390000590000040000000002760804700809052000005003500100080
001003200602007050300000070700000000008020004103090008800030010000089000006002009
008000600002070050407600009600450000300090000000703406200000304000900005500000020
009000805050000030080030010000709403000300051000060000090000100230000060560040080
600040001003200780094000000000001000008007003002000006000930002001805430000700500
000004508000020090300800061089100200607000000001602000008005000005000709000200004
090020007060007009000090410200000360000004500040700000900840230000005040300100000
000500046080020315400070800040700020000000000069000000001906200078004509000000000
300040060004700100070010205023001007500070000009000000000300082800050004000000630
000465000000000230000070000002031900076020800000600000408000001050000709030082006
082003400300000500900002300800000700065100090000000000000590076006080000010030850
000000000300005049900000500002600000090000017080070400500032074200010030003004005
302040000690100023070000008800200006004000700210094000000980030000001000000000270
020000500301000802000200030002306100048000090009005000006001400000000607000504003
510089000006001004000402090008010030300800002400000010000000000103000900050020701
010009030000502040500010208300000980000007000000050004703800000001720000000063100
000203000100084009070050080000409056005000108301000090000300204000000800000075000
010000600008700010500640082090080020000060005002430700000070040400005000007900000
064001900000000027030000050020050100000130080800049070043000000500090000000073040
000000009800000002004073010080600904000100050000004000900500020003018790070000806
004000905020800000050006043500000006000009010000204000000400170200058009009001600
700040000203000700060000025410080609000000000000700081040030000000850060081200050
000600001900000050070000400010002000540000300209080740400060070000009005800013020
907000005000000080860079000072500000000207004600001008000400003000006009010908020
000050000000830076020000000075100000900500010004092060050000890003020001609000040
063740100000000003008000750900000060040321000700900030001500000670003004000002000
105036004000000000860050020000008005004300006000760009000000040009002538000010900
730001080000000037560900000090400203040010009000200050000100000000095000379020000
009000000000003020000005316207050000160200049000300000030140000570000000080096700
000000062000394008090070000030002000000000006020900387006100043072040000001060000
100300700040008000070000046000246005000095003000000010403020090600703200002000000
040000000010008070000930210000021906000000008030605000700000090002500360003400007
000030701000800060500179000000000009300000100076200003090580007000004900000700210
000003510608000034000009000000032000003000106010006080000720050809005000001000240
030010200904502000006000098071000040800006005000000002400900000000005007007004016
010008000008090270000000015005000002000831000906050000000014700020006500300005004
000740003069000000000006010000200070200870160008034000500000900003102800080000050
003000100091000026000950000078610093000400000000080015209000300005007080000000500
020300706000070034008000000190000500006001000073800010060400050000009020002060001
405000068000002400010000000003004080000065100002700000000049001840507300700300000
000061048000708000003090000000000001070006300000430020501000694000000105060800002
060100300040072000007036010000000500000007081500043020000000060000000109030000247
000075203901008000030040008008000695060000004000003000020000046000300000590006070
050408030007609020009072000003000071080036000000000009000000000000004500028000143
009200004000006000005340026006000700004500032000980000040710009001000850000030000
000700000210000060800000700000162370000000000000053840000640021500070008602300000
005080004970006028000000060432000100000000390000017000004020000000004009080705200
000080000000000048502000076400001302200000007000093400608035900000060000003108000
050060000002000308010280970073090000900006280000705000008040000000000009000630004
100005003000076000040800500200008100000000067500024090050200800000000070029300600
000695000000804007900000400000106000005000308400520900020400079000000000003700014
030004800700890002000300060003400200054000000000750001040007039067000000080500000
000650001000394700000001030400000300067080000005000098700000940006000000000040127
004520000001000000080000204309010000000009500000608000010080609040700000800142070
000204107008090060070350040600000095703000000000008000000020459030500000900070000
003000050000000124001048000100000600060700000870006093020459000000020000000080970
000000600073050000005900018000040060000870900009630007030200080006000009701400000
000204060070000004600050080009000003100070000000592000957000001200700000810060040
000300806000009000080000540600408009000570000001902003510000008008007000000000172
000248070000007084000003000403850020075000900200009000000000006920000100034000500
000006700800001003000050680500000000030000902000300071140000006053009200920400000
600200300050130000000000004008001000000000000000009706006500007004902080007068452
000000010000005023501090000004080000200060009009003007040008050003901400800207000
017500000060000008008007109203000005000080900801040000000120050020056000000000890
002010009500080010009400006000503901000090070800000043030000007000006000960800400
080000379001000060000470000010080000800050000360000045500908004004603700000000003
084000005002700000690100002000800020400090500000205900350000000000000180906080003
402008190050900700000000002000000071000003000380100050000500203007280940000001000
007001050009053000406020300008000702000140005010006040000000007004600000020030600
000000070075000000910400830800107302052083000100000000080000601000006009000014000
008900000060000000010000793000020010007001802000800040070000130089002000406057000
080000004604030050003000206352000790000502000007000000000008060100240900000600001
000020130008400007000306040400070098000000000201009073002045000900000600300000002
014006300000010800000300050040209005860000000000003090000000000720064900900500067
000006001200000060000045793305800040000000070020010509070001005000070000000430080
073000002000000003080004900050100000009048027000000690700601050000070408100080000
000005060003000908001980050600000009020007400090003100040201030000400000700500010
004079000007000204000300050000000006090000583010650002009500807000062000008001000
090070004602000000013060590000000000000307000000201735000000340040006270100009000
500000900090085072701003400002000000047300000050007080000540000000200100000096200
080000005000200000500408000000000012040080000962000073190030700030800640000071000
804001090000000004005040768000080070000006200000700086007200000400098000500000301
000079000405060007000000300100200000004703008082090050006107405000052000000000020
070920003020000070000004009001003298340000000000005000000070916000050800008601000
002800007000001280908007001830000010500070609006000000000400300000000902460200000
683050091000030200400100000105067000000000003007000006700090400000200000506010002
050000019000000370000603042000025000000060000849000000003000007400218600500006004
800000063000000570030060000040800001005000709002103000910024000060000000003006094
000000007580070000700960401800100006000026800003400000007030000005000060040700302
090000400000103600006000017340000000000000580070800000000008305003206009100900076
102000430000000050000000900003050807000030090040010000260004500030100070000067028
050017000008000610001006000000000053060300109090800407900000006000000890802030000
070900000001085600050047300009601000007009000000000850004020080020060705000000002
002090005360070009070000040800100004040030600003000000005300420000050080901000003
000078000000010043900000000009000000063080004520604007000701600001950000002000350
075900000000008006060000004002003600096201035000090800000080410000000000730402000
300098000000250000008000500004000800020000009001030056000009200007000040082704910
000000100400000027090030564009000050800040000003002000001506409000894000000010700
268007000000903000000004007000600500050000040900000370000000010040189006020400053
007006004000240056000000030003000010009802000802160000006030000000071093000004800
000002008000500000006941000100750000000020510034000270800600920070000046000008000
000000000200100009007080650003000705150600304000000060009030000080000010030046802
300007080000500703400008650907000020000400100800000000009124006050006000000000098
000008209100090083097500400020040000000000007030059000360070500000400002000000038
000070000200065870010092000034000020060040050720000060100000005008000032000007009
300107000400000020500030008800201007000060010000983040000300200080600001010000500
020010500004005080700409600000004003007600029500000706009000100000800090001000070
006800400700000000018002000800900052000600001905100800000000300037006000000280910
080065079100970400000000000000500000000040300003700198002001004900000800067000001
070308004000050000020000000006020010500071600040000003900007060000840730000906800
004520000001000000080000204309010000000009500000608000010080609040700000800142070
006000090900730000000900062000301070100009306200004000008043000005100080004000500
030740000000501000006080007000009100004002000750000062003000715000000804080200300
675000000000005200030090008067050002003800060040000380401000000000087090000200010
000630005000097008000200107070900000090106040038000006003000200062000000009010030
000060002009001000007304050203000000800000007000010005080420790000095000300008021
047600001006200370090003050000000500400057200060000000078006009000300000000900740
690000038000000905000005006800902040007060050030140000000020010700000004000003680
090070004602000000013060590000000000000307000000201735000000340040006270100009000
420000000000000983001370000352401800000725000000080000000500407009000060070040000
059000000800709002000000100005017020000040680400800000030002401007001000004085000
008300090010000004090000008000600000003400251000002607000030000002009046860207000
040000000200065040000100079006008900005009000800610000000000203508030000034021000
000070052005200000039001006006003010300005400010000360107006009000742000000000000
608003000100000030002900080020000000901050600004001007000070264000089500500020000
800000200403800000700020600000400000562100000000000905008070410030000097000003502
000600300000050400000080096003006800400500031761000000000000002096300010000279000
800000047005094030030000500400070000023009000008005001010000300007460000000102600
000000010800050006200000700003004060009001804000060920000008490605400100100700000
050009006004580030002600000900005040076020100100807000800000300009030070000001000
020090050000705000008006000700000200010080030042600000000020400050930006800107300
000603904400001700007000800900000000608907000500000008000005000006400207003209006
090016000004020050600504000008000000100007902000200184300000208000005009000100300
000000970000409000000130080000300002004800105028900040006000000010008067905002000
001407000000800000309020000000705210000010900070000040000900800208000039700050604
090700040004005700006300050000420000000009000320001004500010607000000000070006239
004080000090510004000004803900002600061007005800000040000000030050100060000030029
000600070001000050003000819100200086240000000007030000050700000000006720090085100
008019000200003000070400300000008002000090578000500000000740010045006090007000205
004060050000005000007030020036900000000000610000027400600050901000000040903274000
000005003096000001000032409060000900950008037400970000030000000000016020000520000
000028590007000200003000006100900030300060002020005017500000409000400020000003080
000043000000600070090700023800300000007209010003060087005008900600070805000000000
059000000200304600000000740000680000000057000008003970043006025020510000900000000
080400060000103000040920810095000000030000009000000208200751000900002001000030004
000018049008000005009000300600005800000039006000000000020370008700500000093400720
000007006000300000076000580080100600004652000000003020000839070000000002700000894
000348010000001403000029000680090300400000000002010045000003070020700060501000000
020007003040006071000020800480090030070001000000050709000000000000000356603100400
000000048020000106704000000006030900010000003003106504500790000000080200070002800
000200000070004820064100000000400003006800000010005690180590000020000900007030008
000400001060000000205010480030004000028900003001070960040002070000750000000000805
007800640000205000608300000000000003009000800006070021090020010002000400804900030
008304000000006080002050100000000020000020347000063000100700092706000008009005070
065000701000421005003050000006010459000003000001000036902000000000507040000300000
007304005600050002000000000085000029200900700400506008501000000030700001008001000
006010320000500600759000100000000080600004000005906000000000000090167500071080400
009002004000008520010074600795000000006900015000000000000600400002000089100050007
000900006000060935050004010000000029008500703100007000010659000040100000000300060
003000006000805300012000050040008000020053040001000790037002010006000070050600000
700380902002070000000000060004005207570010004800003005000600000140800070000000030
054080600100070000000000054080000000000610407301000200003000800008420500010059000
000000000040700089590000230070380090200070000306020008000000000650004000904003006
004082006080000900032001000000579020000003079000160000020000000700000500610700030
500402010001008060407900000000000605000800041010060900030500402280000090000000000
037402060000000080006010000000060090080100000003207840000800520000000039600540000
000095307006000010000010090004050000180700500030000000008000200010430980020070004
001000000860100409004000056000000000580000030002300061700095000000003008009802600
490600050008000040003080020000000006910050000050210000200000003301009085040000070
000000072007090013300000800010009000080700920000040105090401030800670000000000500
060840100020370400301000000057002300000000000800010050080020060900000500030006004
000003001050000060100000387020050600000004005030082000608020090000007100005008070
020030070070000005501000009050600104000000020009043007060800040100020060008100000
000000200400050001000430000570601000060023000009000103900008037010000049000070600
002005000301000690709000000400500001005000040203007900000008002600400070000036008
020007000090083010050000800014700060000008500009410030000001300005000200302000009
000006900900800300000002040000080000009000051008205030096130002800000600024007000
006104007002000360000000018100000000000000036040096020401027009000500000020810000
300100054052000060070030000000902103004000000020010000000000480040056201000098000
052800061400009003000060200008006730000005080000000005000000372100600000390040000
000900300000040080000002160031000090090026005200700000010000030060280000080009670
001006000000200008400850009547001000009000000800020070060097052008000000900000140
000600805000030000900700410005090040000100000002407083007000000009008007150000290
010000809060109002000000000020090005001047000000500460007205100000000200004003056
804023000000690800003000000100000926002750100400000000000400652350008070000000000
030000710005020009079010068000003080800900640700000905000600000000000004090150000
003050208000008407001600050730000000000706080000035000600090000020000900010800720
004061905370000000010708003030000050608402000100000000007000000000240009050010400
000000027302090400080300000000000100050400630008030070026700005005800040000200009
002040956000030000984000000000086740000500008020009030000000004271000000050000301
009008050500006804400700006360120000000000000090370010700002100000000060000040930
002007036000100000006000050061320000000080007050401002000050009000004180003600004
000679100000000067050010800000000010010500038006007090000900000070053940030000005
000000900600500000012007460530006090001704006000900080000200000045000000076000503
000000005002109040061800037000000080600030000785010000000085900000001004070290000
200463000900000000003090700000200800001040000020000630000005010306019040010000570
006000540000050000540862070000000000209000010000309000053010002600900850000008004
000008030000960000007000140080000400241000070600080000000056000050009701102000064
501308000060005800090004000004500192008000006030000070000190200000006501000000700
009860500200350000610000000001000004000000218000008360000900473060000000400080009
025004000970000000060200079000010805000000000600070200000805700100000642700120000
300080004920000000070201080000030000200609000000000978000100067040070005001590000
090008700063000001020000390056230010000000000709006000000400650000073000000021004
000009370401000060960008040000050000790300050100800006000072400500000000000004907
405000000080001057000600003008000934000008710010002000001500040090000000000746090
021060800000070032000010405000500000004081000800040703000700000007000290400620000
500000410000010306060007009070508090000000203003904000010600508000000000340200000
006000500000000040020106300000002000070063091080400000200007800000004070004608210
000100009050000000100603042000009030004052006730008000026000904500000003070000200
080103005701006003009000000040008000006000510007019600000000030200090000008001706
500700421003000050000060007060000090005090002010006503090800000870040036000000000
070000004003000958000001700500074230031500060009000000006010000000060080200700040
009100600000083000800050070080000021060040900000000000070302806015000003000065004
006000500000000040020106300000002000070063091080400000200007800000004070004608210
010000000000160803007030009006000078280004050000000340000000006020080004000796030
370204000000000300000060748600000075200300060700010080000008001000040000080150030
500006709000000800720400000060000010070000390100700500290010005050008000000090068
040000630007002800000080000430805000100070020709400000003000060000048005020000310
000085200040000501090700000900564087000002000407900000060300000305009060000000040
071040000400306800000000000000507006000000250906020007200000000039000581007800300
002060000460070000000000032095000073003010508800000000900006000020804061300090000
500420000000309100002000000090000730400030806020006050000000000006002018841070000
400000510078000032002069000000850000005020000800000090010004820000007900009000360
060410000000003000000000020007000580040700010801035000000960201070050340000070090
000708094010000300900000670008300500530060042006802000000200007060009000000000060
000005000620000080000800040802900300040030020009107000500009001090000004007406002
800006000963000007100500002608900070000000004000300090200008009000020013070630000
005000000060000430000020806000006519040000000600087000492700000000003050070000941
030002000000070009000436000006510002000000400928000001050100076060000900000203010
070060040003400250000308001007000609050000300400000000086059000000003002040801000
600030900010000004400056007038007000000000008000009600209004070000070001170005040
090000020000100006000025000020030500000040300040080002104008070900003050307000160
002050000706000000300802014000000000005010800867090030000000920000060005090034008
160090500000005100008007002600020000004000060000370050000008920040600010010509000
400000000080670000052004000601030800500007019007100002009000087000009006000300004
500007000001060380000000064080005000000900600059706208075000030010000900300010000
000040100000307200070000065059014000000600900016080050000000620005700308002000000
300000007020710009008005600000100000067090002809060000000080090100250006603000000
706000300000004067500000001000903002100008040900000700000030000000250903030641000
004008050010000602060100300000000480000060000306002700020401800000080000050070069
000000004400005609000002150050000403002470060008600900000000000081090000065010300
000000000000460100076000920008002034000008200000001609043090008080003000250700000
005090307600700000042000000000800540050042080000030000006007120400001750000009000
000800605000056003090100008000200001800010004000005070000000000502007030406000289
000000074000039000800000001000400280070502003000006709000064090004980050601000000
080209005006100320070080060020010000000006030501800040090040700002000000000690000
000000009000540070020100040057008900000200800600000005030020057004003001070000630
307060020540200000000089003090005010000048006000010908006000300000000405100000080
001007006000040350003000079000090007040052800000308000200100000094000000500003068
005760000006018090000300240008000007090020030000600000500030401070900800060000002
000005200063010700800000030040039000000000300007001058020006000090503040000920006
070005030000001074000006109041050900020000000060024000650000000002040301800900000
020800003005002060007630015103078009000100000700000000008295000000000050900060000
803010006040000230051000000010000003000084000000030080005700900109000700026009050
000000070600108500000064038200507040097000060040090000530201009004700000000000000
000000090170003006006000302080001007000090050200074160098007000030000005000410000
000000007267000080003006000000100260000300905040000001350760002000059040002000008
000705008000069740008000020500030604400001870000000009097006000060500000000200100
008500200000020016000900570070650000060003940000000002000014000980075100001000000
010500000900000006080360200002000000000190302130070050600085000020000000507004100
034000000900004271020000900005800000000025086000000000700460000006308004080000709
000003095000070100000056020006004050010002000000760208007610000500007030090000002
000092100405000000010000000200105060061700308000300700000050000003001400100043009
000900010400000205100050706200006000008003000005082040510070080000060000020040300
050002060600030400001007009005090600800615300900000008400300000000000000070829000
580006030000000000000000809030000700670010000009028010008030050040600900300079020
003000406040000090000001580007093000608050000500080000200000640001009300000007028
090170060700000000000000802010000000209004006005000000060230140908010500041900000
000105063607000000030000900000020008093800000006001000085006000000000102009314600
000003702040900000809000001100000000000810540590070020900000050073605000000000306
500006300000070800000080059005009048004000070300004000046090020000010030000207001
198000030000005009000040020000074000004900000360002090002700006000000310800100502
009008057078630000000090060012003600500100000300070002003200000204000000000040009
300504009100003080096000020007006530000300090001020004000007850000000002060400000
083100000020047010007200003509000000001020009006080000000050240000070690050000030
200056000000000003095000060007803400000002096000000702000000300059300027008400005
009000070000000036160000000040600095080002600007010000000028049002760500000500300
000000012009103000007000680090000360000400050002080004000000830078006005420010000
030000520000060001280010000009203000070580000810070003006004070090050030000000400
020000010080000000009270300005004901006080003000051000208310009000028500300000000
009010000001042030063008004030000016004000700020006900400009000000050601500000020
000014000005800000700000006400020300090070102060050008014000037000000640000109800
090000036017000000006700800000370500000005060000004000300000001050000084021890370
100740020040000070050090603000020000003100000000000380002900538000050100600070200
706000003000900800032000004008300001000705300050048200040001008090060000003009000
070000006000030090000009058000001020037000100120000004003700009086150040000020600
010403000007090300000000046000009230900306080500004001000000070070100690020008000
500183000000000010000042709800000600030200900100600005000070000008010490000405070
007031000000000502400207006041000000000700000060510009000093050020106300030000400
070000000906008074008050003000080060002300400090060000000001380009205007000040009
930002004000300050002060008070000000100570300095043000080090000000000027000104005
000500060040000200008009000004000080600010900793000500006700000030920800027080003
090000004005000260360080090004860000000000040006910000100070900002001380000500020
600000009002004060000008040100006030080790400000000805060005981000080000000201050
000000090005000308920006001500120409001000200000008500000080000007060800034900020
902004000000102007400000100806005000000000005001000200309268000000570902000300080
000040200032800000000030004000105400970020500020400003059000000300000100008070026
003600400080020700000000005004000307010000089007002040005070000400006000201059060
060010900057000034000600205000904000002000000040530000070109408004000003080000002
000900008010003090508000061000000400070100002200370000050000000409720800800000620
000007000000600014500040000002003100070006093000429000007830402800000050000010700
000009000090700050600004000004090782003000500002180406020000014000315070000000000
000000004030009200810200600000800700500000020600070000970056800005000340083001000
000800000600070000008090705000200493500080021000910800020030000410000000080006040
000009800000000030076300000600020010018400062002000407000015070090006000000083100
010000920007000008000572000820004070045001000000000000900006080070045600000080230
080009000000000523203060000690084000700250000005010204000040900000008001000030040
600000080070000400000018006000096001060703200002040000200001007500002800003007900
000705008000069740008000020500030604400001870000000009097006000060500000000200100
000005010800400630005900708000710000037000800060090000504020000602007000000100900
007060000500080002000001094030005100040000003910002005003900400000300001000650900
080100002002000010075003000300000070006000000050060003001009685020000097700500001
000000002279000030010004800000001200601002000900350000007600009000000108000807043
000704000000000031000020800008006703042500019010000000000008090804000060006943000
004160003000050000900300040050001800080090720000070030000000680003506007000010090
000034010000200000070001040050000028600007300020800104000402009000006800009010060
000005010800400630005900708000710000037000800060090000504020000602007000000100900
000000680056000020210300009000000840070450090093000002000060000064030005000079000
009300000830002007010800006003400060060000800005000020008000000700560040040007032
010092700090800050000060008007050000900000380600000200000100064000387002080000030
003058904090000000600003000000004307000790406000000209902000000500100600018200000
009200004000006000005340026006000700004500032000980000040710009001000850000030000
005042007040701020003008000000807056600000000030005701500000090000000205000900300
510000036007430002200900800080000370060087050009000000000520000000700120100000000
000300002520090604070500000000600910000207300050000708008000001900003500060020000
000005200000090001000000083070140500600003040002007008000701000007000360084506000
300060000000375001008002050080000000600050030000400007005240000092000603060090010
000050090010002800000409000207000405060080010000000006003000200002070938640000100
700095200000080070031007005002070094000000000000203100164002000009051000000000080
504080003000300000003000600009007020305060001200000400000600002700005310000041800
080300250030070000005002000960100000500060987008000002000000000790800005000031004
000010060054600010006003002800000004000372001002049005963000000000000030000508000
070804000020016004300000080930100000200060000100203000009000846050000700400000020
010000000000000803000064000140050000003201584007030090004000000030706002090000035
