000300009000210300600007000003000645102000007045000000924000030070069502000000000
019000400000560000006409800000050060020100570670080003000300000300000010080070050
059000002170000000000000690014029060200004010000076008005080000002700583000000000
020900080000607010080002704000000103000300008507000002300008006290000050040050000
000050007030908060086040000020300010000000000000001853090065000300807002000400600
080403000090050000000000020567010030900002005000000001708120600000006052000800400
001500096420000000000478000100000200000763000000000060700801020005040009018050000
109000500000400009000000600000005800003041000801760002000070400007020960205600000
072000000000200003000090005050800000003006802000025106090060000704000030020080709
000610900004000803000000450060800000500000000000053120003029000078000009106700004
102080070030010500005900020800401005090060040007000800000500400058002000000100000
000400203609000700050900000001760039000100000000034062090013005070000080500000000
003600015070008090100007004000001000408050000000000020200000006080006049390040050
800030090000000701000602000032000064600010000798003000000000005005086000003920010
005070830006009250300040000000010005930005020004000000071003060008491000000000000
000000090005000804000000625070200100000000003430051000300010048201700000000609500
000000360419000007860000504701028000050000090000460000070600000000095103005000000
400000070691007000800000100000005000203090460004100009009000800000400700508602000
800000000024070000000010800035007040000000000000940670041080090300000016057000208
000800040800000365954000000000000050700090002000007036001072604068400000000005000
000090500000070002007083400105000067070600040600030805061000000000000080040009010
500000030000008017600070040000802000074003008000040250040005000000001096863000000
500080060000200875040000300006000039000100740000008010000002000094005000800307900
000000270300500400020093006800051040100000000000970000003012000000600000046300501
035000800009000000004601075002038060000062009000004500070040680000080000060000007
000080009040009067060002005017000000400200070053008100005800000000000020000010634
010306000003070005009004000000020501000000030000040029070000100061058900830000004
000006908000500040000341006002700051070024000000000000009000103800010000056000097
000050090010002800000409000207000405060080010000000006003000200002070938640000100
240900607100000300006000200000000006007201000900000102600300000003082000005010470
020007003040006071000020800480090030070001000000050709000000000000000356603100400
000078200002000037600000040009020061000000004517000000005030100060049020090000080
006000040049000300100057092005012070000000000902003000300206087000000000060800005
501308000060005800090004000004500192008000006030000070000190200000006501000000700
020000650000701834100000000806200000000380700010607000080040300000005020600000040
001902000200300005530060040007000080380000000000005109000500007000020900170009800
000340800060000905000006000200000008000001090700480002014900080006000019050007400
000020000008000450007000029000006010006005302020708040070904800500000000013600000
000103408406000005050000300900705010000819000003000000100080000000000207090207030
400000007010004008008320000000001006052030090860009024000000000100900040290060000
800000000002040008604080759030810000407000200008000000000000590005100004000706003
001200009093705060000009000000080740700000100806000090000500000000403070037000602
601000900000008000030460007006504000009020000040000710002000890005800001000309200
020000008000000600086000154000000001000825900000100070004503700207004006050001000
090001003000900000008607040025100000804006210000002000600200070400000900900080500
000709000000038400001000082709000005150000030040080000000403008006050009075200000
070031020504000000080000460000018900000900038000203750050000000000700390000090004
000483500071000000000067000102500040000000200008000031006308020004000006500004003
000060040320008070000001009000070000603000008001080020730005100008012004902000000
006902007210060030000008000000004720070000006050300000005040160130000000000010870
008001000564000000001200630000090580000080407000704009000812040000000702010000000
109402000200090801000510000000005009400008060030060007000300600700100003650000000
050000207040076050700800000000080010002000000008600900490052068000300000600000104
010005030000003870000206005000000000340600700002700004005920000004800000083007020
700009006500014000001207000000372100000005008000000640048000000050001380100000200
703068010068000000000001300409000105000070000000000040092400030610007094000000002
006009000400008030072040000000090023050000700004050900080620000600004802000030060
003100400008200007000700503061900000002340000090010200006030090204000010000000008
028504000046000000000008026000000051000000200069007003050000004000400130073610000
608000070000530080075200000000000024001000950020005000300100809000700041090060000
400720900008000006000100000000000300000540010070360280769050000100000800002090001
040520800000010000308006070004350000000090658001000007000000385009000000400600200
300600054904000000050800100240000009000500020080073600000906308800000000000300010
000700060702005100000304000000000050000000749090007600580400000030016004900000380
070006000400090030921070005000000358030067010000000000002000000100000602004120800
004700020030900010050000096007002100800000000010684700000467800600000000005090000
140000030003000506000300048000900000050003007009000860084000000060520409000007200
000801050190360000000000000400507003000000090912000004070000630000000002603000985
100700084000000000780001000090005002003008010000093460200000000007430100005000690
900008500000040030402000097000036000050190070009000046100000000700604000060803000
000000000002640000094000180008030006000007300005000000080006900070053008020904503
001020060043000005500000900005640010000002703020015000009000032000080009700030000
900002000000090006000103080000000027200409800000001000004307100100060409027000050
000000300004860010250100000009200000500090608080001007008605000300000900706030000
400620000009008000007010063060000035901080600300006048000540000020000007000000200
070002400500080090200000158000009360000604000000070002053067000094001000000000009
000080020009001047020000306000000000200650910000704500030500000400900060507000003
000000098034007600002600700008004007000009100005103800006000030020500000010790000
008560000060000034000900500000090053000030801000078200050010900093000000700000085
730240008800000010005600090000023000600000000009060102000084003300000009000070840
002000008074051000031080002007005020000007001006019004000040000000000349080900000
200005600000003000030200000009048000003007904005000027000060045490100700060000010
000050000700032008400006590001500470000087009000001300600004003003000000000020905
008134000007000341000000090000017503000000009050302004000891000700040605000000000
043090000700000610100670003000080305000300002000001090007009064350000007000000200
000800302030600100002030640000007500050010090020000003760001000504009200090000000
076300000000409160000000000803042500000000000005001409000000010401207000720600003
004003700000014059050000406507000000000930601000800030402000000010008000680000020
000060002000379000009004000300608010002000090508100020000086500051400070007000000
628000900000500300090000007500009084001008076000047000000785000003000001002000050
900000080006000005005093040009000100378001000000034009000000801000017600600008002
000000020309000854000500007008047005070000100000000038700030000600009200430080001
000200000067000800000003400000006000000105030500000674610804502004000308020060000
001407000000800000309020000000705210000010900070000040000900800208000039700050604
000007108700030005006001090000004027008000400000000009540280000010095000070010002
064000070070800009300000000600907200057040900003005000540090700000100008008000500
060900070000080002500000030000058004600100000008700900810035000300820000009070040
003800000500030090060075000000100300008004600000560700002090053070000200010002006
080009000000000523203060000690084000700250000005010204000040900000008001000030040
005100000073000206024000091500800020200370009000904600009030000000000060300009000
400500001008000007019000000001000906000000080053800000000005264000029700340601000
007000840000090500000003061012080000000035200000060094081070000020000000930002600
070000402010000700098300500005080000007000008000100370004020000000509006000763800
001000720060000050900080430005000003000040800080270000000024005300760000007009004
007450090000032400000000005800500002070000680000608043000000810015300000200009000
002094008000030000000700430005000029009010005700020060068000000000400012210000007
201040000000500000600300020400005010009020080080700050000103000007000600800206037
008409005000320000000001006090800020030000700400100000005000064040008000001205970
000701000350000090080065040800004000005000007090507060002006503000000010000480002
005000008000704020700000001007000650001579300030800000000090400300060002800000076
008300070005290000200708009000002100000000004007004003703060900006007008090000500
000000001630000009090000502700098000800010000000547000060030005000020100000150463
000200410002000005600000370008400000030080104010670023004000000095700000000860000
300006008800000000000009321460200080050000007000804050004070100000000765000005090
034050000000700060000102090006000008000901070040003000010025900400000753300070000
002000000000000509000408000020030400016002000700050208080960000005170003003000607
307500400010006900200000063000000020649020005005000000001600080000480000000903040
008027006000000309000900000070040010510009000090260000000400003750190800000008070
000400005080059032000003000000000000790004000300105900008960070005000608007001400
006000008000000071070006090010603000060027309000400200400000005000380000809700002
010070000004000005005060473007400008008000940000000060006030509370050000000200100
000001005020000143000009006000200600910300000000006090194050800070000030502000007
000000100508001000000780000006402000047000006803005700100200003709600001000000860
450007000030000009102004000200000806000000017008021090709000100000000402000082003
070800904000006180023000700700000000000130000008004200000001030006502070004000806
000800000030621000701000300300000605020050970005790000010000000000004020080000546
000000400009480050004071600085719000002000070040020008010000000030005009200000700
010000070000030200604090008000700000460100980020008340500076000300000060000905000
090040002003000109000801005019000200700600080030050000001005000000000076000278900
000000026100005070009000305060400000003000009081900703000209500030140800007000000
090008000000070090000050004030400259001600000000800700070000030406700908003004010
840000009003908100000000000087053000000000000000400630070102005009500800206700004
020400090800060000000002018003570020000001000401200570100007006300000000000043009
708000000000000804062000000000070921100004005506000000050706003300000600004800507
067004280500000730002000009084000007900700000000061090200005000000806000800390000
028097000000520000004000050406000500090600000000002300700406010000300805019000600
709000008005000060040000210000100000801000900000048001070006503300080000206009040
000000609240000001005200804053097000091400000000310000000070030800020400007100000
000307000000000800004280030020000009008006004000000176082005040000000010705610003
000040802005090010020701000000008000030000067010050200901000700000019050860007000
010000049000500120000000003080030000004760005003009084700000000200090876000104000
020400090800060000000002018003570020000001000401200570100007006300000000000043009
000500020090030000300001006000060002100803000605100000007304080000008090002006053
030100080007480100400007000000090020300000900020600000000009018000000305701030406
000700004030060290020400070100002000700500061000300000001030006085000700379000000
000060400002900700500030600000006007740000000003000201870600050000051800000009034
060023710042000000000506000000080400005002000810000030074001900000070080090005600
802300006010000300900105000400987000000000400000000290030008520000000008050029010
060109000800400600000050030080005000001096004700000803040032005000000000200004901
592000000000000700100005300000200100000000024030016008005001000360048091000902000
090700000003020000600900080067030900000010050500000402000200076280006000100300500
020001048400000037071006020500000000000010802000809500090030400000040000000902060
000700092003002008910000000000050620040001000600030000500000007709420850080000200
009000000004280300080060504600000003090000105027006080000421000050300000000008200
400000002000300045005000000000017000008000700160900400201060070000500900503090804
087590002000040003020000906600400028409000000030000400000000000000020705003180600
800065100900000000002809030700053060000200007000000400400000085000910600060020090
014905000700800000000000010007400000900003001250000067300060002000390600008070050
008004700200065000400800030000000340009000000080700096060019000030000000710426000
000300070850000001030004000070048000028070030106500000000000700004601000000093210
000000800800502601057010000004000500002008003000001000200067300041000000009140060
050000000004695000000000700010709000000002007030054620060100002005000000809023004
240000000030084005000030720006900002013007000007000809000000631000000050000016007
000000900000000008100960007607013000001500490000000000000004702005070304076038000
040000260000956100050002800000380000739000000060000000600000080010000604008090023
000906580000030620007000300001090403080003006900005000005000000000102000003050708
000004060000090000030007940049003600008000001000000870001060000364008500020300090
009000050020570000180029000060000037000030000090048006010000020000090003003006708
500001073001070800000400029006002000000000002800590060000700280050000094000080300
000500200003080001000002900004000300058000000026910000000801590000600700800097003
300009200200740600010008003805200000000000809040000000000004006070100040000006381
000000000402005000009032140060010003003000000028600007000890015000000020006050709
060000300081020070000016000000000005095700030070000104900600003000802510000007002
010000930020005080580700000370000000900800104000000500030020008000100059000074600
000000150069000004403200000000400030007002006030800001080173060040000080002000500
050600023080009600036000080000300012000060008005090000000900000807501006000000470
002000090100900607000063000000507340000000070050400900090000000076008030004052060
000000700713800000006030000008305000000700090025064000059006000000000084002001970
000070100007039204000408000680000950020000000104300720000790003000015000000000500
000060730100900600000008000040000000098000006520613000003500940000020100000006027
008002079060040210000507003080001007002000000000300090400058900710200000006000000
000002000030140089020300004002050060403800001500000008000510000005009070901000000
500006000020300050004010020007054000000001080100000300700240098001000200000003076
001805402600000109000090000800000700030010008500000004007000601004120003000700040
000400507000960000600038000900000605010000000000090802126000008004205000090004001
000009801000008540010000920100600000082040000005000067050070000230000690000860000
008004000000702060000003208050000704040090006200000010001000002800070140000060805
700000200000000069020300780000200008090007400080095000040860010000000030230040090
000906580000030620007000300001090403080003006900005000005000000000102000003050708
000900003600080400400070008078050000500040000006001097000000200050000810010062040
000030020008000035906800001001007400000609000520000000010005300300076080000000014
350400100600700020000300000004000001000009030700100005010503790005080004090040000
000610200900000000000300580004007360100003900000140070010500000270000600050081000
090600000000801060000350700000000800250004009301005026600000200005073010000000005
600020080030008000051040006000002400043000890000000007500070009010000050004006320
006800051904006000500000400000718200000002030200000040003007890670000005000080000
060013050032509000010000060001002008009080700000000009003054100000300006480000000
096003800040600000030700200000870000008056002000002004000000390000504160600000008
000950800002030000007000000930045006400000059020300000000000160601509004000100008
900604800001000306000000000014000000050000709700002065000028900000009430070300002
620070004000000000405062003052900000080020507000040900039000000070108000000600300
030000000000080740007000010000425190900000000065100000046200030009870000700030200
200430050000000068000908000000001004007040526050700000100000007800069200000500080
500420000000309100002000000090000730400030806020006050000000000006002018841070000
000007900038000010005000020050001000007840000002390700090000000500103800601070050
000041800300500600000008020000000003005600000040852070000100900900000001018039200
000008000030000009006927041600050070000002405700394000000000030020045000000600800
000006024005090000000007300000000000089042010560000008710600890400200600006000100
007000000010860509000240000000003006300580000004700800206009080703002100000000070
000080100007600043000302006050000090003401800108030060070950400810000000000000000
008400000070000600000500810000005420500100060000078009060032045080000000025000003
000047230000000007000380000600790000000008003014000006040000020002109850301002000
100080230000200900000007000027610000000000800000503000054000002009040610080720005
070096030000001206080000010092080000001007090000000703000405600000000000604008501
000609052300000090900200076000084609080320000200000700070008500000100000800000001
000073600008000000000004079045107008002050000010000000900008701060019040300000200
000000062009600030407020100040050000005008000103004078000840600000000010036900000
000205000032100000700000006070500304090003000140600000000000670000026005010409080
703000624000000300025090010000960000060500007000000430300006009600010040000400100
700001005000900032000080400003000080000400000009706100037000000000057040050840029
300200907090000038000490002010500000000000300500700104037004800000000005005106000
028003710000000005310000020050302000070004900000906000060000800001400009400580000
001030400080007190700000028030040072000501000060000040304000010008096000200000000
002500090004000003008107500020000006590008030000210000000740000045000702009060000
490000000000009060000002100000350800000001003006087002800000600019020084004000590
079005080000030000000000050000510600003600004002000070540001300010008005020700098
005000000700054100013090000069380000000600080000001000006030702040000510080002600
390004058000009002700500690002090000010000800000080700050000000007310000003005206
080400000000001037000350020600000300700209504000000070308000060900070040000810900
000085027152000000000000104804002570001000000960800000000230009090000001000008400
000069800804075300020400000500000703003000000001000060000024010245900000010000070
080067050000004069609080000700006400001000730004000005002870000000000000000301204
040000080209057001670000005000100004001600050000090200060001003000300800800002007
000000000000027000006504900009000340004070000100006007600702080050800430003009100
000073940000090003006005000000006100000000084000830007001008005050000071607200400
000001083706000002000980007000400060804200000065000000003600700000030049000872000
800950400054000007000006010000300082000060000040000930060001000508092000070400200
000000000900070135000500002026980070000740000000000089090000001860000057002003400
000050968000060000030007502000005700060492003500038000900000000100040300004000070
730000000000002060084300010070084020000003900062000001049000200000096000507020000
930000050000005014400010600006090700020600000009007000000800030070053120005000080
040000301000000070100800000010047500004053789030000000600000402050000030090200100
010078090200500080070200006008007000062000004090025060000000903030000008000001050
009400007080500200750300064000003050006009700000008040500000103000100000900060070
530004800200780000001000040006400080910000320300000000050396002000500601000000000
500300400400091060003000009900060000006800070300270690070140000000080020000000040
810630000003570010000000000000000007060000000902008060004280103200007049000060050
108002000070003000009080540040070605005000000700091000020000090000000106000049702
000000601906057000000200004400900000007000008000003097019000800800000026200510040
000000020309000854000500007008047005070000100000000038700030000600009200430080001
000850010000000003006900050047001309000000040000620007465000030309100406000000000
080000009100908000000005030000102003010000600400693500000000006002540090700000012
000000000000806020080400310053600000400108050900007060509000200000700005000094100
000703009005002800000008000050804003070000140040690500000000608060500090300000007
000500400050000080009070000000403600000200009800090500580700106030000070206040900
002090400900800000000045300090200060000000000006070201020000140004056009050080700
040870000050100249000000000000003020000480603007000000002008470061000050003005060
010000049000500120000000003080030000004760005003009084700000000200090876000104000
001002007070600008049007103000800000010090360000200010000008200000000050230409000
800900006005004000600080200700260009004500100060000050070306010080020000000071000
070008200200301000000000010000007030020103905094600000400000003007000050058406000
002010009500080010009400006000503901000090070800000043030000007000006000960800400
900340000000007050006000001043081007002500000000900008000098075400030000000002064
040200600000900005000074900005040082001080570600000009000050800000690000002000067
000175900000003000000000006000007009060000420082060070405000100026701000030900080
000000000010420768300800105000780003000010080080000000003002500001006000065100040
008030501030650400090000080000700002000090000487000000003062005200000640000007009
000072000401603900002000050689000010000007600000004520008040200900010000103000000
406000000010080760020000080094800170007000206000070900058604000003010000000005000
008300090010000004090000008000600000003400251000002607000030000002009046860207000
060310005000200000070009003000000009084000002050602047013005000000480000000001074
000090008040100509002000603000004000300609000071020004003800000020030085100005000
076400050800900006090500300605000032007050018000008900003000007000126000000000000
705009300000001070000004921940020030000000050006000002200060000009100003060500008
000002100050000640700005080080407000000090000170000506000010260000003409006204000
000800500070060000800300106040510007030000004980007001200000600090630000000024000
000001000069050000208000004590000002600900050084030000000009710005300080100600005
040009000000085410000003600000010700200097030000604000001040003003200000057006001
005000006030570000008209000060000001004001600000603200540000080076900302000000007
006010200000000079047000000013507904000209100400000000000000000002000060971080042
000700000020300004106050002000000085300000100000509060000040090650030070400087001
000000090001200000000076508090600800006030040408000013020000050053000100000052030
000640907000020000053980004080000000002070049105000080010000230600050090000700000
000380051000000004020000087600070000043000600072090000090047002000500008038200000
020067450000012670000000001007008000000649000100000930408000000900700000006000120
900000540000700082020010600000400009500086000100200400200060000000053006039040000
006001009090006000000700400400003100032080000000070900020009540100060008005300200
028000000030001500060940000000057100003000040510080062000000000000030490002500087
900008500000040030402000097000036000050190070009000046100000000700604000060803000
200000400310000000000609000000036009090800070000010260008400510027000080001080040
734000000000450800200000070100580000300900610000000000000710008047008050001000063
090600000000801060000350700000000800250004009301005026600000200005073010000000005
700905100409080000001000030000000760000000002060000485000001004000260900520370000
504080009360710500000002008005003000000100040001000076000500080009007000400030050
060000000900002000040000319100580900000020000080006030007104000300790081010000040
001080004030007020000006930005003009006000840000090075800009402060802000000000000
234008000000409810000060000008010002060032190050000007000780000020003040000000300
500000600008070020000301000000040080003702000000008210015000040090000560020830090
050080007109470560006000400000700050093000000004152000068000000010600089000000000
004027000000014000008000700000003100093000005540000087009000400800900026020070090
000400750006500000300120000080030000001008000400760080009000400010000230003050170
000000060000102900700000501004915800005040109080000007000003200000600008450007000
400000091050074000002008003000000032000000100070190006890000610306000024005000000
000104000090007000007060200600079018000000040000050700040080306810000005036000900
010063004060900008402007005204080000030001000000000040006005070009000200700046000
087005000000000000509730260600000800070200500000504006000000095000087402000100700
700001000010900400020000305000500207052600090600000000030290001409000700000080003
002090005360070009070000040800100004040030600003000000005300420000050080901000003
000007006000300000076000580080100600004652000000003020000839070000000002700000894
080302000400600003009040000030050004000801206700003090060700089000009000000080100
000900004000000570040020800000000000006078400700316002000001730300060051010000008
008000013060078009002603000000020000200001400010080000000000720501290006000005008
001806009000002308504070100048000090000900000095000830000000706000004000300210000
005600078027001006000000030010006802002704000000050000650810300000000900000400005
100000000050000003000000064006090250070000090080002036010800020800060000305004710
050700820000050000080000000001000400800900000203800065000002050900306010002087300
000406080408050006000000700800000290009070000000640100070065000200700300005800600
900000060004690000070010400000803695700060008003000000006005007002000001000001540
700000006000025001430000000100008000060070080009003000000930807070600130005000062
080100507901000000000004006000201490000090003009000650630002070000400800200005000
000081000501207008207900310000060000403000020000000080108004009000009705060000000
830095000000040700754080000000000000001050904003002080002000009070009000300000526
000050267042009000006700000080090710000000008060100402050000000900000001400003805
000900003600010000080002900009100600400056001005080370047060000006530000000000030
000000037002051080000000000000600000000574001714800003040009000007320000008000295
000960700000500003025003000000008007000430005900600000002004008570000030006297000
000807200500003000900054060000030008000980105000006000020008040670040000300005010
004000020000000000000009801000700013000600485010095000500008032062050000090030070
029004300350002900010000000003000072000000000000680003004001008086500090090260000
028504000046000000000008026000000051000000200069007003050000004000400130073610000
100005094230080000000070000048500000000000005000000831475106008000090003000004060
008400000070000600000500810000005420500100060000078009060032045080000000025000003
040000026073000400002060005000080000500001000000003090400037200080050010207900050
000068010000201049003000008000005204002080000000340060100000000000000905090576001
007000009000672100000000540080300402005006010003014000002000000000100080901050700
000900008300087090007002541000306007060000004003140000006009200050000000800000900
087060000000500000050009026000000000000305940045790000009200007000008019000030508
007030080900000000106200005000040000059006014608000200265010003000000700000004100
041000000089003002560000090004000850000701006030090010008920100000400035000000000
970006100800004000005800000000301800402500003080090002000000000200900030001042070
500000006060070000910006540250000007400800350001490000030060074000200003000000000
026090000000007020900080003073100005050023100090400000000000241800930060000000000
006005000020000064009030708703000000000000346100500800000480100907000000000020490
000002800000870300000500010906200000048010090030090071603000407004050000001000000
000070020000640009400051600000300200020008006000000018050100802009000400007960000
003002005000005000000640800005006300200080604000210009098000000000400036020700080
100070050008200000050000804030000009040901000000020006010060300060010200007308400
060300700190200040004001080000034510000000000040850060000708090200000030000000108
000906580000030620007000300001090403080003006900005000005000000000102000003050708
800090020102004050093020000000050097205000008006001003000008000001075080000000600
007000490009180005000007100002000074601002000050000006004030008010256000030000000
000000504504900700200000080000057901000006000000010030003600400890020007005870000
000010080004900003807000004071060408000739500002000000000400890400200006000000001
000350600009002100400009007597000000012007060000090000000020000001530004060008500
000300201060000003100059007020007040000000006900500000370108000040960308000005000
000400080030000006810500003100800049009700060002039001000000508026000000000070030
040000260100360009205090100000000000700009004900407008500000002080000700030020001
301000207007002000068009050000900806000001003000087000006000002000030409100060008
000620001000090070407000300050000010000800004000060820004500063701040205000000700
000400700000706000005000008010090407000504000036001009003000906062000000090008301
001500000008300004000061009700003001009000000010094070307000060200010030000800740
090800030507090000000004250800010000300046900000000600070000001450001000008950700
009000800253008000100020700908000000000017004000000260002003400000000079004170003
400730002000010009000200100000000257000000406203004000005000080007003090019050003
090326000040000907000000025000000050023040000008000001000090013900730040075004000
800006002000050081000900600090000106030060820100800700007000000260000009000315000
000000000000806020080400310053600000400108050900007060509000200000700005000094100
000000000067000002009000870005007400000180053020050900090300061500000090600001005
000006008000042001005003000900000010000060400002010650003070025000491030800000090
060190000000000004009060038007000083901005700008040000300070006000410007000600020
540010800010700005007000940000050003600008000000003060050090000006000024001025080
890300460000600009006008000000419050000000700002030600085006002000000105020000030
000050971900000000000300046020830000007000000450090600009060500070000000104970200
000000740100027086806000300060030010009000000000000402045002090000090000007160005
300084000000000800001075009900000040000700000040009601060002007810030006750600000
023000500000000036901400000000007002000501060800000050000905804504000019708000000
006501000000000000371000000800000230500690040000000008040230090600000702002709003
000408007007010300025000001000020570600000090002009810000500000060001020309040000
007004819000520004004000000070000090000378600500200000010000260300000070000105008
016000070000070009000100000070005800000001000180020400000800030600057240005049600
000802630060400020000009504004070090720000000006003000530090000010000002000008410
009005000700012000800000910000000500090030420050006071402000006030008040000029000
004020780000000006010940000000002840040000037300000190008000070290800000000070950
000703100008050630109800000000000000501000090000060740060000410000094052000072000
058900000400003700000080010000000100009607000006821030000000390090150048000000005
005200800400003500010000079089000040000000907300060008061000000200076000000015020
900600000000830502000001060600000900020005700000060324000000040008150000060400071
000760002400000305000000080703000000050031960100406000000080240010240600900000000
600030000094200000200009100030604000000090080020081090000027030000000004548000900
000100040003005190007008206074050310000000000050206000000910020200000870000000004
000000008003067400050300090006000000000742000005010829007000006090008070010000250
070200000906010000504000000060000180000050004000800026000501840009080003002067000
500100030002900000000000009600003000700060058000279010040500003000020500070006092
000400000090005010026000400052000003800140000060070000000090500038200094000837000
800000001000604809060000570087003002000920050200000040000000030002400000705019000
064000007200830000000005000000061004090200800030050000000700000007000140003489025
000058900000000001200001480006007000300080010700002006009000040143000020000970030
604700090070003000002500004000120060000300510000006070000000100705090000326400000
600018503000000060000700810500096080004500007020100604000007000008000300900050000
300504009100003080096000020007006530000300090001020004000007850000000002060400000
000105204000000000402309061800500109930004807000000000000800006090400000000012000
000400970000051600042000010030000000070508064000070000700030000300090000005864009
000004008507003001010000000070892140009007000000340000000000905006000704000276000
000005000700109300010300586000000000100050704000403090060070030002000009003060400
000000730000072605740000000853004000000800904060001050000000120600003000002140000
040009000000085410000003600000010700200097030000604000001040003003200000057006001
103070800570100000000406300006000032005000700200000081000060050000008000000927008
080009000023000100500003048000008070600107320000006005100000007000000819000500200
070040305400900008000000900930005060008060040050003100060000002200000730000500006
070002400500080090200000158000009360000604000000070002053067000094001000000000009
006900020000028005000000730060000008100030060070010200000090050300060901240005000
450900080006007040000000002300040900008506000000701000009600400020000513080002000
050304000000000700070500094008430020400008659700000000026000030000000908040100000
670010008801000000240300006000080700050000000109000000000059080000007640000160023
000200800000500026406098003000000000890000004045009300607100058000005000000030001
000015300008740000000000004000000095940000120803900000000603700507000060100090500
002000060070060000106008502300000000000480010950020008000000690090000420040700003
000090000083400000006005200070050431000730080000000070009001000500000006000382940
060200700000030000500079002006000451002600000000000000800003009034008005150002006
400000090001036070006400000500000020000590640009000000802003060000010007305002008
000000060000003970400000802001000430060000500090700008000062000380907016000301000
702036000040500602000001000000000010430000906005000000090003800200080701000260300
000080000200300015005000002000010500700528060900004800400000203090000076001700000
001040360090000000000001008100000000500100003020000450045860010700300020200059000
009001000000009000302078950710020035020000008006000040570000080000300000000040503
400200070006000000000900215000028000060009807950001000000000091000000032701600040
900000073004000010050300004030007200000902060705680000008000052000720009000004000
002000000000000201100007068060400000009000004030021700810000040050010600004002305
080090056000203040010080000001030000700100093508002061000000200400005000005000080
504001270000009030300070400000000800701900502000007061400300010900000000002400000
400000000507030190003100000020406030008700056000008002000040300000000061000050807
120009000000000070900035400000000030400807006210000009000070324000580000041000700
006004200007000005089050004000000018100040050300008097700310000000802700000060000
000065000802090010004000002060002000020179005009000000040800300507000080003000520
000000001600008009000014850004079000301000000900000030025001400000040500096807000
000002000605013009270040000010004506002005098000000070006000010900000200300800600
000080000001030450070005000005001009000523000740008000000006004960070008410900000
000560000000243000000000370004070000000002709010008042060004810081900006030000000
000106709000070000500000000006205401000400082003007000005020010800300520600000040
070000140090000080060980000000000700200400000000326004006050000180007200035009400
020000490090700000701009000570000010036020000000068000019600040000000083007302000
005080700090500306103900050700000004009400000002000800030700000086004000900300005
302040008478000000000090000000002093003180506060000070000000010006200700010039000
000002000206058000000140000500090067000000001001067502000000795000030100017800000
000020009900700010010000428200090045061004000003000000000057000306009000000000276
009080400618000090050006100000000630007050000024801000003005800000000000000340710
100009002207001030000600000000260085700008000000700001006000003420000010000350804
084100007100800000007020600000000100006310000320059000400070003003002000500008900
030000040701000000480000002009603000000702010000900065000034020060000000520090103
000006700900000002000320100002000007600804000085002930009030001060007040070000600
010000000009007380700450090000002900000786000406003000180030407000600008000000500
060000001400008603080050000100070020300005000005200900000020500804537000001000007
002060000036089001000000800094000000000001430001000006000126500050090007000300608
000007061020000000500683002400000700000360000000900030604050090180000500005000076
501000040020007006000000078009000060010926000030400000006238700000070030000000610
007800640000205000608300000000000003009000800006070021090020010002000400804900030
030000745009000000000003906008700400203090000010602000400000007021500080060000009
000000003090100008201060000007003002000090060000456300000000004023004001079000520
900103080108704000030000000091000030003600050000000600000008001020006000000052498
003000100002090000700000030000008950000002874054700003000050780260000090000064000
007056403034000008800000000000000320900704010000005006000060000409023000008009200
000098000000060300070003400500000107300006004007509003050000000408301060090002000
196080000000003002082000700001000058007000300000096000500062830000070000000009670
008002000000003120030740900005100300003560041000000000000000400080050036700008005
000000783070360009000010052300090005000006000020000008007005040000030007060042800
000005013050019807006004000072090040000053100000000000000028000600000030420060500
409100250000903007000000000120000705004006039000008000005001900060000004000702100
000090080500128040006000000000006800004300007000000320150000090400001000600803710
502008000000730000009001340060104050000000009820509600005000200000000010197000000
070200000906010000504000000060000180000050004000800026000501840009080003002067000
080614900600000000500009003000000000000327010002800000005700100040060580300900700
003050000050037004200060000940000006000000018008010703005080000100000007007009305
000004508000020090300800061089100200607000000001602000008005000005000709000200004
080000069000036000005080000000600003720000000000004518000000906003002000207890305
040020000500900000201000000007003010064800700000000063090000080000091600075480200
000070000000608005010000094000040000065007000403009200500000008080030106100002047
000050000204170000000003092030000817600300004000000000040081000700004905005600300
200100006000900020000007000000003009005408070710200060160890002480000000050060000
000094600006050100300001005000018904001000700020000080750000300004020090600070000
080007030000203008000010406260000000910030002000900004500002060070160000000800009
060300500000079000070000309850003000000100030010047000207004080030000002040000056
000001680340000000000007039029530408000002000060004000070005900000000071490600000
270900000000000000000800957825003000000040010006000070700200086090100503500000002
000100602070400000105080000003000001002000084000304900900040507000200800006090400
000600400050000200017000306001067000800450000000080060006090007000800040509102000
005001000000000071000390020000200780740000000008060010209000000100500036037100004
082700015004000800000030006000503002000090000507684000906000040100000500050800000
000040000000700900004091670920003500500607000003000700302080009005000320000000400
780300065010046000600000200000080002000000154040000090000015700000020000961700000
000500030300070001000004902002000103060001007400060005004600080000750000050400010
009002004000008520010074600795000000006900015000000000000600400002000089100050007
000000804409000500000050706007080000002500007590100000001046000200030000060070038
000001803009000050000034100920005600060000210850100000200080000000000000007500469
000008060700300200050060014090000000004030000007480020000009040830001070100200800
000000000360005070090000150070038000000020580000576020004107200800000000030000705
001005003007003000000800109000050200400000300800000540012030600060092080000064000
000200490070000100004093850000010000917000000040000570000050906000040028060700000
060800073000000500000060008472100000630009000001005060000047005000620040100090000
090082000000300580002000000017403008050000900060005017086900000000000070000020140
580079001210000003000020009900000620000010000340700000850000100000250040004008000
503007020100002903002030006000300000097001000040098000050000000800070002000804600
200350800003060001900074000000007003000000617520006000608000079000028000010000000
020401560000809000005000300910000000004012000580090020000003070000000016700080009
000000020309000854000500007008047005070000100000000038700030000600009200430080001
000502900000700015300010000000000500602108000010004600126000050005400060009000008
090048000400900030030720008507200000100005020000600040300000900000500760002000050
100300090003008000070020006409000500500100000000600024000006450004030100006007009
070004000004000200000070050000000300600000001008100720530000100800201400010030976
000006008003507100000020000510700300030060000008000019807000030020080064000001090
160000070500003002003208009400009200200000006000001050000100405000504037000080000
000801500008000700049037000000002000000700600020005809002098310000000005010600007
008000000739000002000030600680000003000020010250000900900010560800007090000306040
000000070006430500000702000090000820600500104000080009009053600000200008045000007
002007436000308001100000000000000054480000900000000300007002090000079005050004870
470000030050008000000074009000020710103500084000040002005000900640050000807000000
000700005602040300040100002018002009000000050000000401750300000083204000000005900
400230000605090700070000000006003000058069000001800000080000600030041820500000300
098352000002009000000000050063900014080004000100000000020080093730000801006000000
003500800406800900000000020000010705600980000300000000000054090200000067965000030
160090500000005100008007002600020000004000060000370050000008920040600010010509000
008000300234015000500008070000900000020060000400000007100030068000080004300079050
800020000027068040500009100001000070690070200000100003002004080000200006000000950
060010350000000007000705000002000000684000700001690000047000601000009800000260035
000000560000578009000090000700000850900030700300120000070409028000000490010002000
000208005600007900020900080060300000000009002087010050000034060070000000005000739
070000300520000080801047000005000007000269000430000200000010800000085900080600005
000300604000690001800000020900020040260580000005000000003801000000000870009004012
003007020028000600600400008000600400506903000000052000009000300000704200010009080
000005007507894010000100000000960230000000051004007000125000960000000100008600000
300000100045302000010004000060007240500900060004003000200036800000005002803000000
190500300000000006064000000980000263000390040010000007705400092000905000000003000
090080000010060058700200040002009000000302107000010000040000076000006002008103005
009005830630004002000000100000020080000600000813070000050740060000300000000502307
040000006030004002000930070000000018090300000507200003010800020000062400000003057
203000500000060000000020463005040200000690000009210300000004090070000084090700600
961000000050020000000000980000008000000060320279001800007004000000003015080010607
020000904000030000960020000050900003200000008100086057005100600004000731000700000
060840100020370400301000000057002300000000000800010050080020060900000500030006004
000076190060000083000000057000408070605000020900030000001004000700009000230000015
090000040000801000000062700300007050000380064008600070012000003900050000000204600
604010090020087000000000060000005048008000500500400903007020080009000400130000020
001409007900000800570000601400007000005230000030005000003002005006958000000000700
000005000006140005000000736000950002008006100000000004370009000500072090060030040
000007000003000009040010602007020001100073048050400000502000010070000980000080060
900600700100040605000020003000004106690000050031005000000000900004907000000083010
000007000200840000400001030008050201300060700720000080800000005000032070060009010
250003004000400020000017009030021908007000000008090001704305080000000000000070600
790000200000000000050600730007300005400020010000564000260700040000000070800093600
060080000012000070508000030020090008000603000000000064400205087300000042000009600
001300000800007000040016009000008004208750100006200000002603901005000083000000000
000142900510000000000008200200000000804030000000600470700000040408070003390005007
000000000209008000004090206530000000000700065401020007900040001000032054000600070
000000000070420003040783001004100200007000030500246000000970820000000000091000006
000089203010600000000204000000000054009145000007903000000000471074000600080000030
940063805100000060002500000005006908000007100003040070500000240060009001000000000
007000052000005060005000904000000010001730890000084000600000000080002070903561000
610050004007000090030004005000120700900003580200600030000961800003000000000400000
000009806007010000006428010800007000040000305030004700000076104010800000002000000
008040790009100208000600300040953000080000000010004002007500810000020000500090000
000008000903005800000040106130007002000800000007090050804013720700900000006000000
301000209900300100006040007609010000705000308000008090208000000000020070004500000
073006040000000807008000600005030200400900000609150008000080001006010002000020300
009002007001000602000006915590028000600030000100900000407000500000000060020500030
070000540000005010000678000269100000800903000010000060002030000000004138500001000
458000200006004500000000109820900005007300800000700000200001000004630010010000003
900000304037000090802000000509000080060072000400005100000009205000201007080000030
050000179000004000070080000005068300000000620000590010400000082007002530030007000
000000090000060003604900210002040500308010002100000700200053900000000000001024005
607500820000000307000400000000009080026000009500000010000040030400600001002391005
050000000008000401970130600000902000000780000000000300600007005031400960005006070
000465008900000100070008050204080070000700000500003006100050000080600542000009000
050000200008207004300001905000005100105080000000000073000019000500702009030004000
000000000070095000000070360500060100802000090000004502000610070001000040236040008
000000800500000009321000004080001700010008040005920600090500203000740000000009007
000019020007006300004020006600800100003100069100000003000970030002050000480000000
000900000000060051930000068060000000005407080700009000050000706040070000107020039
000006100003000702002000059000805003070000000050090000000900200038004075000081034
405000009703000000000009010500060000000700008000000763608204007050000000070510980
050780610000003027010000800800000005005000790000504060000000300080106000703400000
040000000006000412000102000400060080500000390000037050020005000089400020004700100
000005400038079000000620090000210000140050060360000009815000000000090010200000004
004210070006900403507006090000000680000020000950400700480000000000597000000000100
000000000030401000000080001906500700000060490050700002074602050620000049009000000
000060008004050000007080960408200000002890003100000029900000705600001034000000000
008600094000002800009018006000050000061000050700400100090000000010500679003020000
500300400000020000004000058056009000089400000007008036030000670005600083000000010
830000007079008060000000000410000008000063000007000005050084021080700000200091800
000000000210089003900701040408000001000310005090020000807460000300207000000000004
200000004004003060005600072190000008070000200000001000080096000900105306000200050
000800000600070000008090705000200493500080021000910800020030000410000000080006040
070500000300700046000064890000970000000000014030000600004805300050020068009000000
007809500210005700008003000000000004100200060000906000800012300000607009060000001
800060007000029180090400000071800000000000070040200003583040010900000060010000040
490005000002000190600000300000209073007080010000000009260900007000000000051706002
900000020030802010100000030000005160000097003000360097006080000001920570000000000
000700009004013200205000000602090008009008004100000005970060030001000000030080090
080703009000001600007800000008350000601000000004009087000000000000175004056204000
000090700070005030009200650830000004020370060000900020040012000000009000007530000
930001006001002700250000080890000000006030090040960000010000000000700045000500809
054020008018000070090007000002401005000600000000000010809000040000130600600940700
000207006050890007060000100000000409204000000300150062000005024000000000408072000
300040060004700100070010205023001007500070000009000000000300082800050004000000630
000700401500000209008003600000060008100000090000407100030000520051900004080002000
403057000000640007500000000005000046930000100000900500070001200180500000000302008
800006904309400507000000000010093600000070410005000003700001050028000000003500000
000050008100603000500090200002010900001009007008200050009005800600000403070000090
079008004000062008400700010080010069010003500000000020100000002700000000060020930
006000402000002010000904008003201005905000070000006000000000760700308290000700004
000006000010470000820500000008601004000300700090002060080000300900000801600007405
000007158000090006004800003003000200500040000000018300005000000008201070307004001
009200008040000006200790000900000064086005320002006000000000100700608000000520070
000107000000025000005090040070000002800600900100030084007860100008700020000002050
009507400000002609000000080090081004002000000004026070516000900070009800000300000
609000000020010400105800070000072318000500200000006000700051002002004000004000009
000060000807030001000401090002000710000007903030008605000095170009000060050000000
002014050048050000000000000003090001000020867005600023004000090000060730000000602
709000020600805370004300091500000700000617000006008000000500200900000000008130000
050006009907002050200040080000030542000608000001020000000000020500089060090000007
006070000007401800000930005050009000090600100010020600000140002000007900060000310
240000000003090170000020085001700540008000000009800006592004000000900000030000021
004003700000014059050000406507000000000930601000800030402000000010008000680000020
200350800003060001900074000000007003000000617520006000608000079000028000010000000
800503000059000020100000400000064015900000000080001090000600080001000039020700506
003000006000805300012000050040008000020053040001000790037002010006000070050600000
090000036017000000006700800000370500000005060000004000300000001050000084021890370
000857030000200007020000000000000018501070340000530600400005001090010000000004805
080062000500000940000000062003900000107020003000100750000000035060870020004006000
084320000000084000005009000007200105000401092000000086400070000000000600020000539
900000500020100098050203070001060004007000000235000000000809000100002803000040060
090048050000603000105090000070000000000002617061000900900006005000070081043000000
050069020000005800000000090300001050002300000500002610010000762007200009604000000
800100000000020007060070000018000050740200009050004010006900000002041030100508000
020800700003240900600030500004008107000520080080090000065000040007000002000009000
030002700090008030000300069100500000000040150020000004900007500700000013802060000
000000005001067403200010006084070050025000300000050000000090000070401920100008000
300009005000010000600030020500026001007090000000000783035000090200160400006000050
082500000300061000060020900100000050209000600000002300006080040015000708070000006
000301000302006007000090000000205008040000071050080900000070640500009010607000009
000020600008000001300009080050004070940007010100000320070000040030090200800001060
000080435005930000000401002070600000100000900000000087700008000030000020080040361
000000090001200000000076508090600800006030040408000013020000050053000100000052030
005000006020015003400000000009620080800007009006004000500400090070000000010709630
500800000000004080009006740040000070000000520102009806300008000000670000018020090
010000008930000040000000036060200009000540002720003000003480500080030000005190000
010005030000003870000206005000000000340600700002700004005920000004800000083007020
005000040000000100000305980900006000600080094801007500009700600106000800700020000
650100000807030050000700206000000060005009700040000093000002079003580000400000001
004050060000008300360000005000060500020070806930040010009000600005120900070000000
060074009050206037000010800200000300010000070000400906002008000006002000000050190
000050002000004090601000008905400060000095020003700040000070003080000076200806000
000000000000006782908007300200061050750020000300000200034050800000130000000009500
500070000008060010000002003800500000004000760030016500000401007080009000470000980
000080109000003000053700000920000001070001084008050000200310700000809005600000400
004020600000080020090304700040002000902070005060100090406000000000050308800090000
000015300008740000000000004000000095940000120803900000000603700507000060100090500
700000502040029030009603007002041006060000200500000970000000000010006005300000400
000000300020800509040790006086000000900031005000000090000000000000605142400107050
036070000000006080007020600529400010000007290000080000000000020060001530000090104
010005839800000000570004000060401000000080070000900062004000700000700010000209086
005060000000020000210070050502003100080000400006000093700506300000980004000007200
021060800000070032000010405000500000004081000800040703000700000007000290400620000
500000760000300005040087000000905600000104052000000900700010000060000803302000590
100000000057003000040210600000400876002000045070000030803000009001000000000905063
000001503700030040000000900009200004001098300620005080000180000030600000004000025
020008090010700200007000306001000400800095070005030900000800000030402000060900001
002700000089000001500000000000200806000097000000004710026300050300080049090050020
740030000000800000000000060280001047070002000001380009300000870100400052000100004
000000306000300000100095000006000810000400020005280900017500000600000180030020470
002007000000090450150000000200908600800012003600040100000003000480000760000100900
009000200000500000041000967020000080000002406000490000005803000100000703002065004
260050080870000000000090000000000100000009708001804602003000006020765401050000000
000049100030056000000000005516090003700000020004000800001087006000060000600300208
000000372000000000043028050086003700050000000000900603070030000005000400012007906
000700000040090630000041009500806040800000016000107300012400800000000007007005000
004000015020370004000001000002865000590000000703900002070009000000007300300000420
000290006600003000003000500000000009091306005005010470000005040002009030104008000
008003000030000170000620080003406000000800950009000007400300008905080004000140000
307080004020400030400207000800504002000700500900010070000000003600002008008000600
030002500000700030800004170000290000700005000105300090000000000004153680000080004
470000360052700000001090070000010006005030040100570000019020000006000050700000003
009005087000000091015000402000104800400078000000000000026700009700000000040690005
800200000402007009900006008050700004000040200000000800000100076004039000063800040
501090802000000000304000010030000400100800200000016950000347000070009000002150000
000050040052600007004008000001085006060430905070009000000301080900000000007000002
100000504290030000000000090000007080050000640020006001609401000400005000001302007
004005000000703604000000038000000470000008005000620010000080000009051082240007100
000300076000690005200170000402000530000804160100000090014020000008000000300900000
000300080960000000005000149000500002400006073070200000009802000206905000300004000
000004000000010000206009300090200001004000200002805900063007020100086005500400000
650100000807030050000700206000000060005009700040000093000002079003580000400000001
076400050800900006090500300605000032007050018000008900003000007000126000000000000
000000006000070530060081000640000900000060023209000100108094000000007405000050080
003000009000000000620300000061500043000020090000601020580070400100803760007000000
071040000400306800000000000000507006000000250906020007200000000039000581007800300
006840000040060090000200030801000503300000007970600080080020000002006049000000001
060400900090006010007500200000640000000007089601090053400000070000000000300900506
040000807002306050800070000000600009300100200900023000026005000010000420000800070
000560700007003400002010009000008000001007002000020108000402037000031000026000040
000400630000591270000020000032000000070064080008009050000000090040900006020000405
900500102705034900406001000000495000000000010060000030090100800000070300000800006
070008200200301000000000010000007030020103905094600000400000003007000050058406000
000001050004000280000820007000006000000287000070000090500070061900060020002043500
009000070000000036160000000040600095080002600007010000000028049002760500000500300
100026000080009035000300000006200500070008400009030007000801000030040000200090650
000206305000000000000130080070050290090000800480000050010008600008000007006094030
200008070000000200084000000000005780006102009008900040900006000567000910000007020
080009000003048107010070000600003402008000090020000001000001306006000000200500904
080007050000630000010000406009004060000000049802000001450010000038070000200048000
000700000400060201062000700008010059000009304030400000070320580000500000005800000
700400003000000280060010000000000096400500002000196430005001000602004000000200905
000800000600070000008090705000200493500080021000910800020030000410000000080006040
010000804060020090200500006050809700000000000690070040703600000000058000000700401
000009200000050000450070008300107050700940000000000600004600100026300089030080000
009003001084010020000000500905040000001700090700060030000000010000680200326400000
874052000029600000000000700000080030680240050000000072005000043000010000000500690
600004002100005604080000039090030000002700081000080003400100200000000000900058007
300094050000000007295073000000800030000031068001900000070000001500002086400000000
070030000095740001008100090050003600000000403000072050000000000029008006030000048
000000208509003010010000400090001300003050090040000002800017005001030007004020000
000600009000974060070082000002000306007005100000000980000007400040000030908001007
006840000040060090000200030801000503300000007970600080080020000002006049000000001
010000920007000008000572000820004070045001000000000000900006080070045600000080230
040300800005000160027000030010050043000000090000087602008004070000600901000002000
004098060000000000000061905700000090000040207200000031478009000020706000030005000
504007230000600850008004000000085309000000000091300070003000005070046000009000020
080302000400600003009040000030050004000801206700003090060700089000009000000080100
800003010076000500000000240080000006000100300200590000020001000500074930000030072
000008006900120050100000700500047890008050000004016000040000002670000000000083007
040090701000000030000300902200007000006000000070030004910200408320080000500900100
004082006080000900032001000000579020000003079000160000020000000700000500610700030
000000070000010509904080003040030060090400002000501900000600700580000090006200008
000000000480200700300006502009160000003008000750002090000030087008000009000014200
000050007030908060086040000020300010000000000000001853090065000300807002000400600
000403107000000908000800000208000600400000009950700002000005406003270500006100000
800024600300007900450000070900000406060005003080000052000000300030100000000502040
500000908600020010003008040008004000000050000000009627000002001900640000017800006
009003800000600502700050006080000200320009700000020000040102600008070001000804000
000086000400000103200000950000609004006040000800500300000401000320000005081005002
001890400008000000052073000040026003000008000000000045003040000090602080070000056
000000060000013004900000502120070000400001083030080050000039600009000000782000300
002700003000003050000006820000500230001000900087090500800000300400007000000329600
000700320040900001607002000000000070000100406109670080000480000000005219050000000
000005100000310200090400000056000001000007000074000608008050002001806009035900000
070150040105000083804000060700010004000000600000804052000096001000000000006000370
003500000107000308008000610070900450900030006000000081000200000010840070002007000
002007005010850040530200000000000790000560300000009800207030000300674000000000100
094000000702605001000008400600000000009703080000001950000090300200830100070006000
003040000000100609000079050006030007070890000802050100500000401009000200061000000
006003100490200506000609000705090000000000004002000930050000002000008419000307000
703004000000785060001000009200009008500003100009041000000000405100030007000000910
000078000000010043900000000009000000063080004520604007000701600001950000002000350
600001700900000004058406001000170000801009300000032000507000040000000000000590107
807000035009013208000000000000080001000004007300000090006040809080200000500760004
000620000500048100040000070060001002002070003010000700003800050000002090000753200
800504030000000500000000048600000070300001004007002010090008000000006059042093001
000000802000408010000030005000000201805020009607100000090076030200050000061004000
000108005210030009000000030060920001000860304000000060000000070300070400120005008
530040900000002107004870000009206003003010005000300010000000050090004000020900070
005302080040006070003000000006080200900075008000000000030000700061000039800007102
200009000070081200016002050000000020001090080003000006600008190034000000080000370
000200600000000093090000700070000086800050100300084000005090301080100000029006007
020300010040900820700000060900000400000002001070504000500100900400089600003060000
026050009000004630000100040300000050094000016005480000040207000000000870000500060
206000000080050360930010800010000400000900007007004050050006000008040900040020700
000800203002605900500000040000007402007000000030008005310000096026000000700050008
000810000060370200300900000090000002004000000002004057006000000008000509021700834
031002080400000056000000000600071005000008900000005207000300020002007541040100000
000408090700200000006015000060000350003980470000000002095000080030600900010040000
060000000050090280100000749012000000003006091000009300007040150800000000030020004
032480006000600000040000050803000200000000471010200600304006000009007048000003000
000000000800002579000904000000200461500610000000000020060100000008000300230578900
087060000000500000050009026000000000000305940045790000009200007000008019000030508
800430620003070059000005000100002000000040093002000080000020500080100070960008000
000200840005008900000970015000510000984000000200000070300081000007030000008000704
000100000305000600000000825140700000900520070050000040080000006004800730001002004
000018300700003090003000200100029060000004000009000702000700500060040001958001000
807400060016003050000001400000820500304050700000000000090040000002000970050000120
300700001001460802000000004036000180020000000000008050400010907090080000010070040
500708600200000040000034020002000375003080000000500000004000001900350700800040060
020000080040007160100000095070610020203005700004000008030080000000402000000900070
072000009001050003409001800006000005000070061000490200000080304007000000800900010
000000000000500904300200015080056309600000500200400800700000030003800400500620000
000070200004030768000080004007040000012003000000100000073006000500090801400500006
000701490000205030004080200000062904010000020500000003600000000470003010000600300
000000020302080051060050400003006800000000010608900007750003040900042000000007000
400200100000003090098000400300072060000190030001000000000954070030000008007036000
000702800000300021058001000063070000070000908000400300000008000007030400084960000
000094000000160250075000600840000970000000001000080003008400035500000106003001000
000003900302070000001040006000006059000000040020500000000007014017008200008430700
300060049800000013000090000009038020003604070040200500100000700067000000000015000
000000040001503200026000001008300000309700500250000400000002910000000008065078000
820000007300000090050390800007900080100000000040001702400000200000008010090504003
040007000000800050000109008478000009000900680095000000000020060002001005030084007
080007030000203008000010406260000000910030002000900004500002060070160000000800009
050003008000820050600004200000000310900600000080030500004009000231050004000302000
001000200200000560045080030000002980000007040009400000004560300000000010300019005
001003000060005702200000003090007000076000500000006310000069800020080000010200076
000009000090700050600004000004090782003000500002180406020000014000315070000000000
000809700085010000000050000008002500100000097070060100000000000830500002090380016
001007000098000704000100690000001000004002060010500870080904000003708000000060500
010250060003000500006089000058360097030008400004000000100005708000000020000000006
008500040000006010693041000000090100005710006780000002030000700070950000200000000
000000002080054100000013096040000320000029047000060000060708000010000060004100005
400060078900000004000003500009650030000800005007920000060390000020000100000070240
050000000801670503000001008003700060000050000920000805090802000400000000015400600
041050097900000000500002060380970000000000005090601000000800000058200100600004300
030050008000900010000003700008006009700302005000095000001600500060000020000784030
000049015008000000002500080030080000800000003059103007060090700300000140000604000
700030020000005000410900500830000061000000004000704090100806007000009006090000105
090000067000000040001875003008090010300704600000030020000000082005203000400007000
000402060000600090000008205008903000065007008000001003001700000009800004480010000
400710000300006000006200000000003720802000610070040500060000950000000800704095000
100000300070309800000070950409000000003504002020000600000010500000860000867050000
016000000000090003000004050200800016004600005107000300000509000040078200030001060
000097001003002060000430800000000900050100002072680003400020000090050700300000200
613000008000650000000000407000000270000410300002809000020900000006104050408000001
190040003000300050300001806000800000008060400050004001003400000000000067027005090
000020000007000010030089050700190400062000070001002080008000040040050020000908700
000610400590000200006000000008000000205097010000002500900060000002700960100034005
080607050001000600050000432300000080200890006005400000000014000000000003070030801
001060030040080000000000942000070000400000008630009050095010603010000000024003009
300000000000000307020071004200090600045000000009037010000006580000080070060705200
082500000300061000060020900100000050209000600000002300006080040015000708070000006
000040000091008000205100060350020084009054000000000009000500008003600041000000920
090050007000140096608000000705000004030000000200030070060005080040018900001700000
007500900610200000200000003005040076400005000800003150001000462000300000000090700
300000010000000005500006320007000230406700000009000006700008040000210060900503008
000078200002000037600000040009020061000000004517000000005030100060049020090000080
000207040892000000040500000009030000006000008010048005000090810150000700000004052
024000006301000500006000020090001060800760300045000000000610000000907100000005094
000000030009000006100720040000510900008073000016000700004008007020000400307200080
006200010000070000042000009000309850000000003080015000023098700000000905670000004
053490100010200030000001000096000800102060904000000020078000000000008473000300000
500080600000030000003007000004000800020000760670850010300040080041000090000690002
900000040200100850000063000107002508000008010008000302500800904000007060006000000
000004300507000004000016908200801060000020039060000107120030000058000000000040000
050000008006200400000081070030014000000028000000070053015036000002000031090000800
267000400000030009000080200000170020800000041300006500002005000059012000003000600
008900000060000000010000793000020010007001802000800040070000130089002000406057000
000007000840100970000000328402600000300209000000000060000000080000340100910005046
000400300009703006002000900003570090080010060500020400090000008700000000056900100
500006709000000800720400000060000010070000390100700500290010005050008000000090068
000020060032401005009870000573000000090060030000009000004007106000900042000008000
000600009301000000000254100400098000060001003018006050023000800070000002006700000
000917600000082000050030000106070020003009005000100860600740009200000000000008700
800040102200009000010002039100000000030807400000460008005000000000200070000730096
901407000000305200005000070200049003050000109000000060070000014000064000060700500
002000730040300000000027600100506800360002000000000005080000401700004000030005207
068130500000050304000026010000070020002000700004600000300009000010000050089007400
900007000050136900003000000020073000010000590048000600000000040030000006200050378
006000000801000900000560008000080200000172009090003000780009001102000400009004003
640300080010054600000900000050000000000806020000100970004002039501000006002000800
200000000000407002009510400000003190006050000030008000007000653405000800810000007
620080057000500008800740000003000000500000734001000060700009000000000029050803600
085000004020093000000400070006900020000800900500602003370005400000008006000200007
003800020006950000840020000005000084000000700007091200000700060002000050500600803
000005009000000002000640810200700000001000073000500120060034000003800905700106000
500000000000000090060523000207000869009050702000000100030800620005102030000000004
010340067306007000705020000004050000020060008000000279000080900000009503000003000
010900000300000000000030060000060207405020008690000000921000700003600005050082900
000000081348001050000200009000400096000002007090500000700053010600000000080040605
040000301000000070100800000010047500004053789030000000600000402050000030090200100
400620035005000001700000408050001000302040000007000284003065000010030000000000900
500000900000020307700419200000001003030800496070000000014003000009007805000000000
190040003000300050300001806000800000008060400050004001003400000000000067027005090
405000000090700000306000015000001000600040003010000094930080600008072000000350002
000050080001000007000704032390480000000370006006005000000500621080940000010000000
020060070000030809000007001090004080400001006060000200010800097206705000000006000
005008602070000005400027000000059003000400500006010008018000706009000020000000380
100000060003400000000007800005700304780004209001500007500349000000000090008050000
002850000910006000000200904000000040700000031500437009000000005180070300000600002
007300080005100900340000007006000152020005000900000600000047000060030090000800204
090020708005603900100900040608010000000002430020006000000000010000740800000105000
005092000003800020000000000009000000001007563050041700002009010080400002030000908
000050000005806009009071030000100006002060000030000184061500200000000008740000003
000000000600420500000570429060008000000340105700100040008000300470000000020000910
031000590700000108002000006000306000057020000009100004006000000000490087000801030
030000000000005760040672000000089000080000010000001903690030520000000001408206000
000010092904060030030900700750000000000000000001000867009602070000040008070800001
900020040500700000010604030060000401205000700000000002609008000000000900802003015
700000009004000070300000000090000400800230001053400000001502047006073052000010000
000001400800050010000060308001000009000000000270380600500000100009020035080047900
010704500000008060002100000000300450690000000004506000800402010920000000050003007
503007020100002903002030006000300000097001000040098000050000000800070002000804600
089004200005000000100082000000300412008700605000010000090000006070035080001060000
500700000006003200039006450080000040000010003200000090040007560000590000102300000
000087004090030080300104000058200006000000247430001500100060000000002070000000400
003005004200000900005740030009100700010000000086500340008096000000000002090800400
000030600080900001019700005001050076000008040060002008003000900204000013090000000
009000000004000319500003200008000006006091054000800090000000000000040060035610480
000390010230004000000006000006010000500600000710503040000005170090000058080070400
500000060000600527010000900008000000000083601154000000009560208800700000000290000
000071000000030706900080500800002900060000030009060020100008370050007000006410000
098000000705100006060004080030009000174020000000040000000053800000680040006000027
092000006000900000040080050420000080000000075750600000000030000069021300000046801
000040068009083070000200903560000040000008000300000100007020009600007400025100000
900000400100000096600000003005006000700020065000045009008002000000901840002300001
000004008100008500005091000204009070060000200300040800073000005090050100000020900
060700000800030000500000000030100604074008031000000000910004027402600905000020000
800000006074000080009001503063007090005020078090050300000000800000040009000305000
000000001600108000090006408080010003000070000300800900800500170023700000401200000
100039006000000800000008003014000090000760230000000408870000004500300060020075000
100504000000079000030680000000010208090000304005003090004000586017090000000000900
001902006000040000500000030950080000040000002000064790070090060200000051800603000
000000001630000009090000502700098000800010000000547000060030005000020100000150463
060900000000006100740030006007610000090024053006000000000000420002001807000090030
008000000000000092590704600000005470010008003300027005000500061030060000000001030
800010000070205003006400090020000800160007200005900030030071004000009000010000300
800006930001000000030087000500000209700250000940000601020070003100000000000490008
201000300070000000009071005000067000002000903030050080000018006000600740040030009
000000000200500340005000096000060401000000678070030020001040000352610000008000200
000006420600300500000020070063081004401000008000000000070900600000010045032007000
492008000050060000000000400009005082000019075003000060000020700075000000080050290
350000009090000578000000600007400060901060000000710084400090000000008031020100000
052800061400009003000060200008006730000005080000000005000000372100600000390040000
072000800350002000460750000000024005006000920000000017000103000000089003200000009
000000960008004070063000200000480000309070000240010800000600120000007090010052000
000700000090006004341000005010098000058000100230010840000120000000900002000005700
005030900800000200902504003700006008000040190001000000000002700083007000000063004
020006000000039607000240010000000090402010000089000000000002054001690300050080900
000630900000078600001002030000000400003090081009007000530020000002005000400013700
600040590704090100090000020320070006000002000000910053000008000060000070000050042
064001900000000027030000050020050100000130080800049070043000000500090000000073040
090010607200800040080004900009600054000003109005000000570000000000030000003095800
401003007060000500000800200005070000300002005082009000090018600000400000607090010
000090000010038000000000028000500412000000060860004005092000041086970000000003006
020080060000102050300045070070003040000000502508000000609010007003600000000000019
042071000000090037005308000000000000470000000800024010000003000060200140050806002
501806000009000740000200006005000201000020060490050000000900600870500000000007053
079005080000030000000000050000510600003600004002000070540001300010008005020700098
000719500180000070000000004973540000000000000000908000008050400007000002040132006
309000000010020900800070350047000009030900000006010200000800000002056000000203407
300090000400050062001006000000000000070600800000820400000100904108970020040000051
000000208040002030000435100730009000002000700100000500900800000058307009000604000
302000007000900000060831040000080070000004010010050200041009000059200460000000020
805920300000060100000000070000043000030050090040002800092004050000000682003000040
000000000002004091000100000200000074070560008010000500063040000500380720009070040
020007010000420500000930004800700900000000000065049002003600280000000071006500000
006000000300020581008710000007200030500008700000000900400900000010037005020000403
000049080000000305000150000000090100020300709400007000980000050004036001600005007
915204003000010029003000000000007100000050007009601005800060400000500890000002000
000003400400000000036090500600000002208040607000010050001082900005070000900005004
060109000800400600000050030080005000001096004700000803040032005000000000200004901
050020090400050001009010860010700030000000720000000500070008000198300000032006000
000530060200060100000000020086050000000604300004100070003001905008005000041700000
074000005800000310020400600400700008000002000100830002040085070006001000008000030
000061800017030000640905000000000054000800000006000000001080430090050107200003600
005030080009010060000800450530082000001006002070000000700900004000000016600004300
000500030000000900103062007070200010005001300800700000308006000006380090400009000
000050080001000007000704032390480000000370006006005000000500621080940000010000000
010306000003070005009004000000020501000000030000040029070000100061058900830000004
960000004080007030403002001000028450000100003070605000000050800300000170006000000
005030000040090000000705102000043200000809006004000783006002304000000000080004050
000000000000058200050103907000000804607000002000500010408070100005900300090601000
090000170000008000002005000010700009400000300900006704030004050084050006005000038
080026300056000000000070000403000050012008004000000206500004670000000000608500903
800000900035007406000001703010304200050000000000090105070000000000100090908420000
705000000000000045000000601004500030800040006601700080400070900000900012090060070
800100070000070006300000500000000760000000205240050030000300009003700041069204000
040080502030004900000029400007000000950000000001070000600900204105003007000008050
400002000060708300000900000000000800600500040080009001007003600000807002300014079
090200086070000000000000070000301067063400050000800100005090000004750008009008004
084002100000005000309000008030050080000260950006030007000017000071009600000400000
030006000000570300005000000001300000000050094604800702000200000078009045000068200
100000030000160002406020080000000703700090000009030140010006000040007800000204050
060070095005600000032104000000007051700000000098000400600000829000000007300480000
009580007000002058600400000000000070000100062004000000001709000070608401090005030
005010307000430900601000000000064092020390504080000000000500400000000063000080100
600705000008000500030200060000300000000001604003020910200600700060807053000000100
004000700000300200006100090000000000800907010010020047020000460000035000560280900
008137960000408000000000070000849000004010005000306000270000890009000400060000002
000200100000500000005001820003049001500010700700800406600000092104000000000008300
000000019000006408040000062200010000900860000000700300010005000605470000009030207
072000006500000001000047000006100300000070095000020817003050000000003080001902050
001000090000030010200008605504000000009060000006520070000002000040090806100004053
603000000094007003000200400000800010120005048060709000000000082007000050900008100
020970000900003800500400200850000600000840003607000040000100700001004000300000051
060000000000200013250408000000147020086002071000005000005000000700000300020804900
600008000000120000030050001000070085502090000090003600184000073000000049000080200
004801000000000000170090000000420009060300040000005080000907500200050104000048930
000070000000000140003500608400008000600901000009000360300600850000200000780409001
800000042602000013000400007000020005100850620000003704006000000090700000085030000
001000030078050000045006001000300010000280005000049006500007002700030040200010000
000840000300009050057060000000730004280000000001000000800004760700026300030000940
000100430007003105080000000000005002030600000900701600090800250001057000000900001
000020436200900000000005010602000398000703000040000000009840500000507102000000040
000006071030000009000400020080007403000100000500000790410900008079000050008604000
000205304050800000900000500070000800015009700020607009000406001000100000081000200
002100000083000009000048500000081700000700420700000095000030061000020000846007000
010028000060000000007000061600015903000002050078000010400090800001007002000060040
300900002040001700000002300002403078004000000005200000000170230080000040700009500
000240607090005000004010000087500040060070080001409000005000703000001062000000004
500002900300001000200600003000405000821000070000010060000030090080070106060004005
060402003000600000820000760000064305030000100005300004081000000009000000070200501
009100320070400000001059004098006000000090083007004000040010200063000050000000700
070063910096200700000000600000020095003000400920740000300000000000018000000506008
020085006100060204000300000007500310000607050008090000000000040039000000060200570
000030790200080030000000001000109027050000000000040160607000300000013906043008000
009080000300000600760000000030600007400530060000004800080400100502000090010000254
000604020000730000040902500300020010500000098000000705480006000100080043006000000
