503800001600000038070000400400006000090704600008000120300007000000430000000608050
070600000030009000000040030000076500100090400700001002002000000050200980640780200
100000095300006000000000860000710000080000700000000024050081206004020170006040050
008000000210000097400000830680000370005002000000001680000520900000004060004008001
027000000090840500100006032000094300000000420000607000008000053006000000002005840
000000700035070820700305000070260100000400009000703000900000400006000018020800005
000020840087000090400000601000046008000300070003000002038702006500800000000105000
200500400130000205000060008800000000050000097000958000007200300006080012010070000
000000000000060009078000201710020005029600038000000100030000010900013000500082300
000000700040390060000005200080007040000000326002050800098004000520000000300028500
039700802050040009080000050005000400000290000014000003140800200073000000000906000
001002007070600008049007103000800000010090360000200010000008200000000050230409000
000600000005230087702050000000000390080000002200060000030000004000073509608500700
000100894600009000000205000306010075000000600087000401000800700000004000450006030
080007050000630000010000406009004060000000049802000001450010000038070000200048000
300000081009007500040680000700350010003000007000002094008405000000700009200006000
005000470000002080140037000000000349070005000000140020700000200003010500000060038
603000000094007003000200400000800010120005048060709000000000082007000050900008100
003700050040000200060000004900040800000308001100096000210060500006080900000002700
104000920007000000000506801002100030900007000005800200053000000200080040090601000
000901003007002080019500000008050600071000042000240000000608904002000000000019000
064300000000090000000205308003000400000060902000000150008009020016070000340500700
002400700075000008000050030000000904190600000050009000430902017000003200008005000
070600000002001074005000000300000608000210300010300902400800000030040701006000003
040080069000005030002900000000048000006700200000060010089050007020300080700009400
800700305040600000000004000360050000009001000004200906092340050000100000000020780
000800500070060000800300106040510007030000004980007001200000600090630000000024000
000900060006580002240000050580000900400000000100300720000001008000074530000290000
070063980000700000000000607017000000090002031080046200000005000000018000905300040
010005600079806100000240750030020000100074000000900004000000098000009310005000000
000704300020000006000038000300000501809605400000300008005090070000800004040070200
200800740500040008000020063807260005000008400000030000100050900060100000000600300
000700210007800900930100400040000050320000740000050080604002097080000000000009000
000500000000270004008000617020000090706000050510004070060000083080007000000409200
409000000000000630000526090007001000000900307000002000500010420000034860008009010
800490000030006000209800050400000076005002908000000000001007205000020090040010600
040000050000005060002800000000007006000100700008064009690070010800503000073000802
000009058070200000510400063030084097600051000001000000060020000900000030000000640
043000065600000700001000230000600809009080000000003006500070020100040000406020010
000203000900007600020046000000570060004031500000000800062000907405800000030000400
070000020000040103005000080000000800103008070000062050000000630080236900010007005
070030005000504920000000000006000002400007100002690300000380006000005001008002407
000000000009000403070005210108002000000080704700090060501000042090010000040306000
000002400000090010590700300001080056000000000640000102006370000028000030030008009
005100090004020050800070040076000008040086009000700014000300000160000300003005000
000080403005000000100260000072000006000304009430000015000908060500016700000030000
001050800000008040000000527063400075000080030000025000700040002012000006000063000
063000200900000070070000960004037000000600000000002800600300007000004098038070012
030000690005090070006080003090300750000000804000024000600900005000000341010002000
060000200007000810800000057600300009573900000000002008100000704009000000080403100
000030040040005070000000506400100060007509003062000001100297000000004600080000700
000003000105080020070104060030097100004001870000500000000040600050000300906000700
270000005000700600035080000000800040093040008400035002000020009001000000504003010
002700004008304007030002010860000301005010000007000000000005070006000850000098040
006080907008006000900001500000627000000000000000510208200809170500000604000070000
014006300000010800000300050040209005860000000000003090000000000720064900900500067
000400060002380010006015090000900800003000000054203000060500040400000086000000201
680000004500000010000300820001000300290100500800070090000593000006010000004002003
006902007210060030000008000000004720070000006050300000005040160130000000000010870
000507008000043000000000120001000007350080000020000046004060009806030000730009600
000005003800700950090010004170000000002900000000600400900860200000004006430500080
700860010000000500010700040050600000007000401083000000005043000001008950090000204
001005090060209004000400030170000080005080000000070009006050078027300400000000006
000900600013007000760035080400060000030200000050800002000370090000000054004000130
006073508000000094300000000000600000020050001005007426700906040000100065000020000
840000009003908100000000000087053000000000000000400630070102005009500800206700004
000001200067000000090075080020030100050700000084002309000890020400000600000010005
002800007000001280908007001830000010500070609006000000000400300000000902460200000
000004800004009000008006003703000000000060000029057400010200504000010206030090070
008207600000000000030000085021000008000010306500802000805004000097005000200100009
200400000000039000000000600000000508070008012021004300300000785004006000050010406
010090048600004100030000750008100300001009000070200090000508600700060000000070005
160000070500003002003208009400009200200000006000001050000100405000504037000080000
100000078090000200020000934007500040003721000001800050000000009030046080000200000
000002000063008040000090000040005020000020000700006008300059006027000035800103004
007000350005000600800700000026035010000000020070069000000080900004070082002610000
002000037740000005030109004000018000000005800090700003100020000083000070006007900
007000052000005060005000904000000010001730890000084000600000000080002070903561000
060010500300000610002004007000020070027000004500047000003005006000100080000600350
080000379001000060000470000010080000800050000360000045500908004004603700000000003
050000193007400000800090400060000205700000610080005000000040030000021900070809000
041005002807060400000007000002040305003000000100000890000020047000600008005090060
003000000010000406000005019040000080300100905005002000000028071030070040007004500
074010000600030700000907060000800600023040001800000003002000090009480000000000216
060070095005600000032104000000007051700000000098000400600000829000000007300480000
304009500000500003000860710000001060000008000913400800052000000009000005070300020
004087052005000400000002900000060070000001030000075609640020005080000090003000100
004600005006030820005102000000090006000076000700800001100020093500908000000000040
036000720012800906470000000000005800080020040090300000900701000000000000000062015
000001060806000100200700004630000000900004800000600937000030512300009000010080000
700000900001003000028000040030048000840007002000590003900050000300100000002074050
100000504290030000000000090000007080050000640020006001609401000400005000001302007
052800061400009003000060200008006730000005080000000005000000372100600000390040000
503007020100002903002030006000300000097001000040098000050000000800070002000804600
032480006000600000040000050803000200000000471010200600304006000009007048000003000
030709000000000001610000735870300020060008050000605400000400670000080000000007200
062000700000004900080010050003000000408970600750000300007000000500100006000320507
000700040005000600900080000800009053703000006000000020017406008000853000350001000
000020000000471806006005473005200000000053000830940000070000009200000108000000005
200050000075000900003009000380000060000501003000040080700320000060005037100090008
002006000080090200040000079014000050000208001005000900000485002090000460000300010
030040080019050040000600020900008630700000009004500000098700000000064003000900002
000073805070000100000000030038005090500091000002004060000580300081009000240000000
009580007000002058600400000000000070000100062004000000001709000070608401090005030
000050000204170000000003092030000817600300004000000000040081000700004905005600300
001000000006209000000050009028000500070690010600300000002100300300002480089000020
094000080003000007500096400089400300400000090000600020000040001300010600120500000
000000009000042000000006240000700304018020000040060020004080005000005190005071060
702010900050003000600004002000035601000400000800090000000000400170650200000807005
000010207170000604000000050800000000060040300030756000300005090900002008045009000
000005002023800007048000690005040260080000000600013000002000003030000500060000704
000160000000092780000000002090008320200500040100009000000005010060703200080010004
070000200208005400001000000010900060000070900306000007027051009000493070600000000
400020000030006000025070001001300020000000960000050000900530040100700508000010076
000090027058000000000405000040007000000350014000000800010003005270008300005009601
035000800009000000004601075002038060000062009000004500070040680000080000060000007
009860500200350000610000000001000004000000218000008360000900473060000000400080009
710000300000000002036050918650002030008300000009400700000709100090013000000000000
030402600020000000407010800800000903000950100000701005003200000500080001002060000
000000001630000009090000502700098000800010000000547000060030005000020100000150463
004050000230001004508600030000000906020040007017800050000000000000003089000209700
000000063004070000080020047100030000030905000000007090002500970000004200350080600
807000000000000402000401070090040715200090000000000203650807000400000100001500300
800100037700059860000000000000000050000605001040700000003040020020001503000028040
000618300005300008001000000010000430240090006070206100030007900000504000000030000
010508200006009000400030800000090005360020010000000620001200500709040000030000080
009006207000050600200001830000710000520004000000003048800000006040007050070000003
000080003000060001031000600020700005059000020400000390208400900005009070010020000
000009600600000000790041080010004700000030000003000829900085007005400003000260000
000801000400073090090000806000000080002500070086200000000005004050080061000106700
035002800084600000091000023000000034000000901000730060019300000000890000050070000
000006802000004000630080004000900076007000005300200000010003090000502040075001600
096007200340006007000000090000300002000080010000700084670000530900000700030201000
004005700700600910000390600000806470000000001080050009000070080051000020008000004
100000602009402050000000780004800006200000003060003100010080000007900000602500010
400900000102600503000031000080100070000002940000006001000704056000000830800000400
000000402007290005060000000300780000050000309040150070500401006000070200000060001
003000007400000500169000000006020080005001003300000069200900436000250900000007000
000050000800009050000060009002018060530700001000006007060045890000000070103000200
000000002920500100001608037009003000500700008304900010002401003000007040000000000
807000000000000402000401070090040715200090000000000203650807000400000100001500300
000900008010003090508000061000000400070100002200370000050000000409720800800000620
003000000004009000006040512000407050000000106090500040100000603500030000009021700
080040000164000708000001000000080400000300600070050102700009000800006200900420001
400200000000004900000380150008020005902600070075000008700005310000000800000016000
001708009809610003004000000000000070078000032000120900000000004950043000006900000
050200009406800030200000450005070000008500096000000310000136000500000084000050000
000789000000000010650300004006490800000000000200600900070030000000000207815007490
000000074000039000800000001000400280070502003000006709000064090004980050601000000
000105000860030207090000005700000000009061000003007840000600020008050000000024950
000089050008000002000500000000000005700106300092000080000063490010008560069000030
007000000000060470500008100000300040036000000720050003060400059109072000000036000
000050090010002800000409000207000405060080010000000006003000200002070938640000100
940000600000002037100003050716400000300010086000000000080750000005200900400000002
085700000090200000030090410002638059001000002000000000000020805000859074000000000
000693050000000700100000039000300284000000000910028000080007000400506090060000302
805600201090080060020000005000000792030000000500100600013000000000007000009063057
000008006000000250050004000000459300030070024700020609000000000003086000908700040
031708000060200300800000109000190000000002648000000000650000004000000830080030907
000980010020006900001053000500000000197000400400000209006000507040002030000067000
607000480000005009000049000068000007000008000430000210900700300001020000070306020
000001076000078000080049003294000060060003000000000450000020080002010000100805900
000490002030180007060000900900300060000007405000028000103000000090000000002815700
009000600004015003030002504000704000000000080058090020910040000060000000000601750
004837206000000000090000080006000009470095000100200007060001000900000602002040300
401706800000800000000900420050000394000080000730000000000000000620070050080510062
050006009907002050200040080000030542000608000001020000000000020500089060090000007
040000010103000600006510702009005860007900054000760000000284000000000090000000005
020150000000007203060000000100865000304090006000000900000010300000700610600003082
080050190400090020007030640120000050004000000005007000703001000900500002000680000
010900030007041000000063000030890004764000009001000000000025901000000406050070000
500006890000080000000050026080009460003000070200003000400305000007160300000000740
000590061000000035000000802008070600007006000010042000000607004052000000080020590
050007006003000800040000092000021000080905000000070450020000060001000043960000120
000003009002004000760509200008900704000070800500000906000287000030050000480000000
009100070070003600000506020920050000005000360067040000010007006000000081000900500
400000000058010007000653000100000520070000000560009000090240070000030009610800003
010030820092000046700000000940070038000600000030004000000029003060500709000006000
002069000064000000007004005000097400080000060040800217000000002000001030100780090
000700020005000900000009431000004000010050090250630010003092800082100060000000000
040658037001000009860000000070000502050300010200000090000807000010000400600203000
570000069000003800090000000801600000000030600702000050000060501000702000006091032
000005026004230090010090480307100600000003000069040000500006000090000000008050700
003010200000006051904000060000100005000003000070800100058007600000020007720400080
000390100080002700000000000005100400090085000001603000030006097200000600709000301
020300010040900820700000060900000400000002001070504000500100900400089600003060000
000450070007001002800000005500208630100600000009030700046000500001000000000900401
600040000000002706000600089000009000200000104070000020000027900060903001087001050
000000010000005900020000430090016000105000860360507000000401000008030000010090043
006540000080000006015072800000900701000007260040800009000000000003004100009030600
000300076020065840010040009040028600000000190000700004009000000032050000004009000
000009006908300410005000700000000009080060070500000064006985000002016003000007000
040080100000009060006003200008046000010000030005090000000000378007805400600001050
040000600072600104005030000000090800010000049000001000030006080400900012000280030
009000080500000640020050700600037000000020150010085000800000061900070300030040000
900020000000010475010507000078049000091800050030000007000053900080000000300000060
004209001608000900000004020010000000000080600000007400070503080203000000006908047
090057000008040000000000509200008073400000800063000040001760090000800450000030100
600000000003510008000020640080602900030000050010070400000009004000043005190050000
000019020007006300004020006600800100003100069100000003000970030002050000480000000
200000000000407002009510400000003190006050000030008000007000653405000800810000007
000000000050019000070026009084000300500604010007080060000070000000402506002001007
005000210000000600063010050390002000000400500800300401000900060200070300010030800
000000607000000940172006308000104000030700001800300000021005000500002000096000003
006530000000010780001020003500407090000090007000200000008000004720300006000050902
005070184100805090007000006041000008000900002009003705000000009000700000060380000
830000000000501000000304508100009007079000825000000006000097000003260000040000079
000002100050000640700005080080407000000090000170000506000010260000003409006204000
280006040069000810005000000500000080006130059040000200000000708000907500010008000
800629030002030100030050708205000070000000004000000850000090000380001500070800000
002100085000200300740030069080000000000460003600009020000970000500000000014300700
400230000605090700070000000006003000058069000001800000080000600030041820500000300
000004750030007000007060082000006029090000001108000070003000000024170000000400016
970008305006023100000006000200000080005000000109600007000041076000000090060000801
300006008800000000000009321460200080050000007000804050004070100000000765000005090
080031000901000030000000102067010000000000240028000300056080000000026004000050078
920106003000300250000004000010000000090060008000859000086030007000000060300040082
805920300000060100000000070000043000030050090040002800092004050000000682003000040
000007208900000100005008096040001700600020540002900000000039000003600000000800904
000000002004120800050000700300400251000000300000700006100830020740006000026000090
005000103100000692006700048040000000078050000000386000000000020010092000000063004
002000060350120000609000000000003007200090300010000040000500080000870926098000001
000600240080003010600409000040130000007006000000002039820007000000000054700900800
900074005004051290000000000018020070000000100006000004020060409080300000000508600
800000054021080600030000000600009000000750009000000031008000900000200307009406018
090000060105200803700000500003040700000050410820000000300410287000070000000600000
000000003200300800015000006006200300800070002000000090060005000100630070708009501
000800020200001000006700503080000000005000470000025800004600781000007090501000030
000000010300200065020190003002000059060002000090300700000000000400007008035489000
700301000000005020080000063009000200000004058008009006902000007040800100060100030
004005030006100078500070000007908020000200000000000961100000700020006003800390000
009008050500006804400700006360120000000000000090370010700002100000000060000040930
700000190000649008000700000400000000060270005030050080009102050506008070200000000
008100002000002000000054930002030600030020000010700050000480000007600025609000040
000071380073600500090000001834000070006050000200000000000900040007063000000045600
000000508050801206000900000009000000000082000070000012080060000924030087067000009
005000000700054100013090000069380000000600080000001000006030702040000510080002600
000102000090000000006000019008000000007050302030000450200700080600800021080401500
000000204300080500050000037500402700400630100090005000019503060000000000060000400
701000000000800014040603070410005002802000003000100700390000005000004080000050060
090000020000100006000025000020030500000040300040080002104008070900003050307000160
004500681003000000060000204000130050000040000000007010000398000805020007009006040
002140007000080000301000082006000050090200700200600090800031000605000420000000070
000000907006002080004090306000800010590060000007000000040170008050209040000000091
200600500900050030000701000004907820008000040000000907000862090060000004000000015
090326000040000907000000025000000050023040000008000001000090013900730040075004000
090060403003900810067000000000000000000000500089645300000032080000409005700000001
004090000200060041000007960058000000010500004049200670000080300000000019076000000
070010009000070560009300400100009034054000008000000106300002000762000000400090000
000005063005000000760004000000010080600040000493006001020000104006009208001030000
009100070070003600000506020920050000005000360067040000010007006000000081000900500
000000200400000000009804003001080050000602307042003089060350000000000000500209001
004000087080007000000005400000800030309700001007003045520000109001000000900002070
054020008018000070090007000002401005000600000000000010809000040000130600600940700
007000000006081020003020900000000300000004705000069080000000000082500130705402600
006000901210000050080000600007640500000009108000000007002007000600004703500003200
000005080900200040056097000020000060009800000560000209040600050000000400000370802
000070060000290803074000000901000004000040000052801000108007300300006002040000050
069000071000090500000002049020418000000000700000005002802079000090000023010000600
200030000800000500100004903000050024000491000000060000030080061020000070987006000
006800051904006000500000400000718200000002030200000040003007890670000005000080000
003506000000201400100090860000070004701000906520800000000000609000000050002900001
000400203609000700050900000001760039000100000000034062090013005070000080500000000
005200017000000800000084000000000040078000603900000702003010070020700089850030000
000003907800002000010006040000000300000010274070200500432000010057000000060700009
000030000903007004000204060790023000300070600650001008000500170000040802000000000
150080600000304080003200000060520009005000006001009030000400020000030000400012090
600038050004000001000009040000090006500000980080070000830050000046001700700604000
000070000000600741000030009090000200800700400006902350005160020000000000410003080
840300000900804501006007000400009708020000300000020000000900040050000080000508170
009604000004500300030800020000000010100006042050300900060000100400700856300000000
000620000863004000004000007006870000005030208000000900000000802090000050078001409
930004000000006000020500010000000000003609002280030100000103980007950200400000050
000090080500128040006000000000006800004300007000000320150000090400001000600803710
016400080072000600000020090000890057000040208060000000090005001800200006040100000
020040035008506070090080400000200000000000506041600790800000000007801020000090000
007800640000205000608300000000000003009000800006070021090020010002000400804900030
000001720907002000400000000000020389600100000009030004070003000000008040500097203
590001000030000059080500340906020700000900086000004000000407000710002000003008000
526000000070020080000600070005000103760080200009400000000000004900850001600040007
082300000000000080010004620000040170007600000063100409000806090009000000004002007
000800203009106504000079000000300700000020481900500000285000000300000000004000038
002090005360070009070000040800100004040030600003000000005300420000050080901000003
032800010097000030500004000000075020000360501000000900820600000000000076000001340
000060400002900700500030600000006007740000000003000201870600050000051800000009034
006908007000005000030700604000347000800000003004020059000200000009006000270004080
426010009000009100003002600850040003000008070000700000000060450104000000002000360
000000072007090013300000800010009000080700920000040105090401030800670000000000500
000607023021049008000000000006000000250000060807000100030000000010506804000071009
001000008900000400430000072000200510000000000072103900000608000020004007306970000
000704030020001490000005001060200700003900050007010040000000270300000080090300004
009000203060040000070020810800006497000007000000500008090058000406700009002000000
040007000003004009000060030005100003700900012009800006087020050001000000630001000
000097800000502001005060200001040023930000005000050010002001004050000070600080000
070601000030000090008009030000100340020000000600897000000006000469020010001000082
070060000000008000280370000100803002030000000059000760603000005000400890000200076
409000003072608000000010000000100090000000040000852000007500001003007508008020034
070005030000001074000006109041050900020000000060024000650000000002040301800900000
000000000930600000208490050000200500801050000460010007000500084003080070000100020
800030001000080020675200000760009008000020060009000400000000000502900073090500080
900080050000026840000100007050730600000060080009800000310000009004002500008000003
060000000000200013250408000000147020086002071000005000005000000700000300020804900
007100030004000600900600002000387020305092000200000000040800000030000950800020010
000000006600000320200007000000850000500000001000049000004762103010030400000001578
004002069003800510010900000600090050000000001070000600000005090400080000800206305
000000008700300000012800904000904750000060142600000090200090000080406000900700000
030000007050060000600704300007100038009007100100900000002400600000308050000016000
090070003000005000805040000030006020004700009007000008000003015000400290019000806
800201003003000040009006000054800009000900030070100204100097050007400000030000000
000900005040000390000080000000021003200060541004700006000300020001679000060000009
400000130005000070010028000090610000060203904020005300002000507000060000000800010
000600040175000090400001000063000208502000000000560900008026000010058000000070003
030006020000050903005002007000000401090030080060071000000000040028090600370060000
000050000000830076020000000075100000900500010004092060050000890003020001609000040
063000200900000070070000960004037000000600000000002800600300007000004098038070012
000850010000000003006900050047001309000000040000620007465000030309100406000000000
000004900000300400000890003030059000000000305140000070089060100200400000003007052
000600400050400000000028100010005007002000980076009000020000004700090502001000306
007100000006009005200050000000080903000004006902000700400700051080000390050090060
000900004030200080000500000002490500010050007400000120700006050050000000040070613
090000000010360009000040530000900002000078000000052670200003010000000006046080907
500000030000008017600070040000802000074003008000040250040005000000001096863000000
100023000000000000000960730000000000060500081008000476830000012900010000070008059
000006905060000720205000080003000000500000102900150000001700800078060030000800200
000050040009047000001000059057360000000000080000901000080000102700800600000032570
900060002000000856200000300090002508300800040010007000008001630000040015000003000
000000079000078001500030000000200005020090030900504060300010042010002000006300100
004000070060000009005000040000002700700050000090010065000091286100008090200037000
000500003090140086007009100043000000052007000000060007410000270009400000000000041
000000061004802000003070200032000000000031000070400605000007400081040029000050100
800006000963000007100500002608900070000000004000300090200008009000020013070630000
030000090190000004000206700000700005400908010000100280200010000009804000601000003
000000400000725008000098000006050030140900205000000001080000153012007000003006000
000019020007006300004020006600800100003100069100000003000970030002050000480000000
095017000030000200010000070000000600652091300000503000800004060000200410000830000
000600040175000090400001000063000208502000000000560900008026000010058000000070003
590800000000000063200060050079200000300000004005000000020401300000002019008607002
700060000005020700023000001047000102000003509000504000600450000004030600002006000
000004970000189005060000010000010300030000040809070000000007690008600500050201000
032000007006090503081004002000600095000010070000005000700346000003050400000000008
002000040046500000030016000900000030000000010000000206000780005008900124020005098
000007400906000700080301000030805270060000050000000004000008109000406005120000600
000050009090020760200063010400081000000000400006500020801002000703000680000000030
900060005305000000010005007000900004020000010508106009000070903002800000001009040
001000004020000000000507930000020300009604000080035010000400070006001500048200003
000300684000004970100006200071000360800070000000000000000900730050260090200800000
000000030700160008643000000060005049090800003000000700810300050006000020970004000
000801000400073090090000806000000080002500070086200000000005004050080061000106700
800060007000029180090400000071800000000000070040200003583040010900000060010000040
400060078900000004000003500009650030000800005007920000060390000020000100000070240
900040012000008009000009000003080050060720100028000007002000700450010008010000040
000870000080000001200000308093014020000030407000000000570000000800400716002003900
000095800009040730000000001206000009008000460001006000000502300700401000032000100
000716000000000400003000059004090200070500000802000000500401020000800010006002987
096003040002100300004270060009300000060054000500000870000000031000400900000068000
000000207003000950805006001000000000040285000500003094000100070004050008700900100
039000852000000000054000060000062087000100200080040300000000400500703009016400000
620000010703000005000006008000803009001402000000000340290000061000095074000000500
001805090700040000060070020080430100079000042000500000000000400190000007604000009
001930000059100003000008500000001000000040681070000940040600000500800400032000070
000065090000200300049000005000009108051030070000700600090407000300081000010000200
000010980000804000042000000300000060007053002009600070000002716000040000530076000
084000005002700000690100002000800020400090500000205900350000000000000180906080003
001000026700001930000020017030005001014000000000706005400080070000530000090200000
000205043000010206010000007100800960000300000070009004037500000020007000048000500
000057800002600070006000059700000500800004000004000603090500400100040000000010398
000000094070000200000003705500064100080000000009081000006107450021030000040000001
000205000032100000700000006070500304090003000140600000000000670000026005010409080
050030098380000200901002000027000800030014060000600000800000000000950000079020100
600001700900000004058406001000170000801009300000032000507000040000000000000590107
000002070000030000000001008807050900005008030409700000900020004000460700602800300
092000006000900000040080050420000080000000075750600000000030000069021300000046801
004000002009682000001000780500020900000010300000007008400003090003000840012000050
970006100800004000005800000000301800402500003080090002000000000200900030001042070
000150003000004000543070009609000100007000040400000805025000060010300070000096000
000000804409000500000050706007080000002500007590100000001046000200030000060070038
004900000300500270000008300000020005000000730160040000607403800000009500009700600
060049008080000000000307120000050000032090060007000904026008050000020700900004000
062000400010080005309500020000024190040600000008009000000001030000230000003000609
003000724006100030000000010007300000009060087000009040040050200090700000200038006
040200750000300010091076000036007020004020008100080000200000003070001000008000500
908470006000002850000000000009005720070000000200000030600900082400601900007000600
000030000063900500010000068096020700080650000274001000008000000000000005000008642
000002400008000010000510008073020091060008000059060200000800300125030000000000040
300000040067050001008120000800703005500000700001006000000600098004805100000000002
000490053000200000000630900020004007000020400010809005600007000540000031000500002
000004000000980401020003000000600803701008509000000070203050000500000640004070008
030007006000006987000100000001600000059004000007000140000051200000000030840029600
503009060000010904200000050030200000008060490000708000019000082080000500000300040
000070000090005002000028043000000987000060120180700000001400079600090000070000500
700000002005003000200509000000004150040000000002308007064002800080630000001400700
000000850100030070603708000000807260000020000090060001000005004806000000000280309
500000003000000142010007050860040007000601020001032900007000005400200009005000000
090706005600800004000010200000609040500000009003508100305000000008000907000001008
000000800500000009321000004080001700010008040005920600090500203000740000000009007
500608100000040900030000080000004000189000000023080000000000570006009403000135600
000072080001030000070140030700500000004000716900000008502006009060000004000900020
200300508003007900000059000084200000100700000020006804000035200008000070900000600
702000030006003000090000041940201003000608020000000700000000000200109574000300090
008102000700000100502900007039007042000000060600004000300008000000450690080090000
500300400000020000004000058056009000089400000007008036030000670005600083000000010
000086000700300020086000004000000439090004001203050700007020060002600000001007000
000270005000051200001098000000910308790000000003000520010000086040300000000080900
090140002800900054100000070000506010000008300000001040000300000003000085704005200
096030000000008000000000070060020017100607900020050038503009000400080000080500020
005000680100007053004300000300001900007090005400700100000403000500000000820600040
000051004841960000900200000000000027000000003029000100003005000080090050490007060
004000090000904380052000000000000863300070005600508070008000031000006000000210400
000008000000000036350009070000002007726080004000050800013020000007005040200060005
008006400000520070509400000100000000302968000000001300807000050050600021000000004
000001003000000710046000000450090000000043090060002304000730809070900600000005002
010000000802407000000000008500803496000690100000000085004000010790520000000300040
000000804409000500000050706007080000002500007590100000001046000200030000060070038
000917600000082000050030000106070020003009005000100860600740009200000000000008700
009000000400008003600597000050000700000001958042900100008400020000600809000000004
000000298060009010000087000975000030000000620004100050000905000052001000007030004
020000003800200075040030800002045097030000000001000360000001004000000609000674000
000060000001700000040520007000004152000600000203809004300400005000000093807000001
000240900203807000000001008060000090000000000007410500006300001025000037084000020
400003500000000900010000003700304060080009000000010809000000002500640001370902004
200000008003045001000060023000003000500010000002000704050900000300000862604037000
801000030306010200005006007900030024000090500002005060000001070010058000000000900
000000706705420100000080000657004000400000000020950000008510000000000008304700950
000009100802000040030700005000600030000002750050803000100500000500968000060070008
904700000000005006015006030001204000090030100006100240000007902800000000000540000
100030000070902001000000087700000056400000009090350800006000090000800200309720000
006900408800300000400020053080000000000000697010040000000200306000001000003078042
030720080600000001000400500806013052200000093000040000000009000040260078008000000
000056092000000007500904000142000003003000000690000010000800350000020100700109400
400030001000000000000000842090206500000750000030090006002000080071400009050071003
003800000000005001700910300010620400050000000040007082000000020900050014000078006
200700045070203000009800000001090054090000017000600000083000270027900000000400000
002007000000090450150000000200908600800012003600040100000003000480000760000100900
030045006700001050100000008000030902000200000600107000010304700040500000020000830
800050070000013800000200004001040592000000000070000140004000000030406020057098000
600000000400008930000000460703600020010200700002000090007030000000052810500700003
000500000006000400700090805040008007080010620001000000090000000800400251175000060
071040000400306800000000000000507006000000250906020007200000000039000581007800300
106009040070000052005000000000900000000040120004081060000076000050000280060400093
005200000400300700600000010800020100040800500000095000083040070090006080500902000
500819000000045000080000000090008000010350820000002700001090506000200470300000010
090100000000263009000004028000900406003001000607000000000006013082300000700400500
000090830014500070037006000006001900000400105090000000700000600000970503002060000
060000020000780500100060403480000006000030004001007900004005000000000370030100602
000000400000060000009000731400700296000004000280001000003080002020500670090007500
320010000000000400087300002000042701000000003006000080200007004070600500509000607
480021000000500000000007600090000010000206090001003065310000049050000070000032008
500900000904000700000000600000506000090071006000080000007150008061490007000020403
002000730040300000000027600100506800360002000000000005080000401700004000030005207
640000805050600900200000300080410090700560000000700020020100080090004060001000000
000006792000040000100000003000085030003700000000060847910320000060000970008050000
007600050006009000000700400080050007760000825000300000200900060001030004800500300
306070040000504700000020508000600020000002100070010003410008090002030000008400000
098026045020000080300709000200047000001000600003000020000900000000004000940032700
000300070850000001030004000070048000028070030106500000000000700004601000000093210
020030090010049500000006020850013200001008400000000000340000750000000060002750000
000100090000200835002005074000008009070306000001070000064000000000430007050000208
100000050050600000000080106000000400032090000060500783070004010320007000400900007
004000030100560900000104706000070000900000000025300000002000071093000602000608040
017480000050000000060900002000000009002073000035009280000000100300210804000006900
080060000000000398010230000000000569000000020050004070900701000420609001005040000
030000520570090000082000010805000007000800004000300050300601000000200140004005070
000000000450000080000082010900004702700000000026000003000930004100860030007200860
004280030700600000000094006600000007903070050000300002005001004000800000000030125
002800100169000020000006040500400060046900300000000054050740038000090000000000002
060905000500030090020010007000000806000254000000008005003000218807000000040500900
000020006000007350019004000007500080020063109000070400050089001600000000000000038
000008039000093080000000500060080002007600010043050900600001200089000040200000006
000000000200100009007080650003000705150600304000000060009030000080000010030046802
000000000690000010007200408000000234060001000040708090000910047002040000001300500
070006001030205007000000090006000245090000000420000008000080002009760030060020010
302076000000000700008000046050010002600320080000008009000050310000040007010000460
070090600000615089000002040000000300930500006700040020000004000000000890340078000
300000091010030006900540700400000003000002600000100500100004000090680010000005260
090008700063000001020000390056230010000000000709006000000400650000073000000021004
080004000020090083710000000000030802000006000007940000300000004004050098902000760
003006100810000630005700200600009000050200000000000490000080020001000007084590001
000305070500000009000210004400650030000149000018000000150000600009003400806000000
000037000003000400000018050360009070004700000070000001000003020000050810506002039
000010000000000070000609435006005702000007009002800010061000080870000003300000107
050000300000702900031064000040820000000400050005301090000000047000009281002000000
801200630000009008070050009004080000000045096200000000002000007009003040000720060
000030090007100040030000600940000871003000000768000050000000000400060580020059400
200300000970001000001060800002940030000027500000000080090000020000614900800500100
004020038080000001000908007000000703009000450040060000001000086790406000200001000
095060002000020000120090870000804609070001000500000000060000003003000705700006400
006080300302007000000500100000002400000400297000000080003000040000200800608900523
000096000000004896001005030000152700450000000000000000804001070900020000025800004
098002040300000560076100290000050030000006400050080000000041300002700000903000000
000600004000390050000000786000006007509000240000050010020010803306000070004000001
000040605000000080060200007000000009020509000100083000300014700700000091006000842
000300870030020009000000001040670003085002000000100004000000030029040600070506200
080000000003005087050014000200097000000300050100008700000600805007900230001080000
100000000000017060400320005000005370600009850700060001000000020509700000040080900
040008109000067005050020073100006900000000008003800200000000480600003000001050030
000700000008020506030000004080040000000052000014060270009200400700000800050390020
005000000000700321000900450067020000320000090408603000000000200003007804050004000
046003800000010650008000490000000010050200000103804007000620000027100000800007000
700080000801403000060900000310000090000001002000090700090800610000000047004006230
000020605001000073500000041600040000000081907003900010000010006020050000080600500
007490000046050100005000700000000009001002406000530010009006200060700000004200600
090063050006007003050009016000030001070002009000085000810000090500000000003050200
000408500000039000960200400076000090000000000001000002800700005047001960000050810
007000840000090500000003061012080000000035200000060094081070000020000000930002600
080070020900000500000000300020190004000700030054080170300000901000000050215000700
000000906000010000010072000040008001080000075020609080005000109008500060400100700
400009000000260070000030100030026000700100098000004006010008002603002047000000005
002000000700000504008100030000300040000001700134600090040003005006000020000589010
390004058000009002700500690002090000010000800000080700050000000007310000003005206
027030050100000002003050040000704800002900003060300000070002400000400036000000701
009000020200000800085007900000013500001095030000020006050000040000801000030009608
000100060070300109400000000000500000000090001015230704000800400300700502200000097
030009000005016000001740000047050092000000030000080004100000005306000200080000673
000000600000000095140060000007005004050091000200080070001000006000017920804000301
300008754000000980400000306700614005060000200000000000000900600000700092058100000
090056002000870500004000000002000000010030020007005080000060010320004890000090307
000000000050019000070026009084000300500604010007080060000070000000402506002001007
002607090000501408003000200080000041170008000060010000000460020000002069000000700
000050902200000000000890004600008040900035000000004206836100009090000010005000070
007003400000000050890040302500920600680000001012005000000000000064080010000130000
205000400000000010603008005050079200000020060007600100000002900070130640000006000
400020000010700000008019000040050007009470050080000004900005002070040165060000000
609800031000050090500000200000001000081006002900030014020000003070400800000000740
000001000000004009307600020003800900406000051000056300200000004600400005010067000
000400000001700000800000007310000000605907300007500002000000009043609000020014670
002800400508000000070005032000618000000040500000023700000000000030700081009000324
001050040060800005000904060004000200309500000008000070013720000000095080000030001
070000206800006000016402000069000500008021000000009000004103000000704093050000010
000200040000007000095040106000803009503000620000100300050090000004081500100006000
807000000000050370413008000000000900000060050004582003080070500040000006000290700
004200000003005080086010004008000910000002400060400502000791000000000000179003000
803000020500000000961302000030000407000006000008049100000050800000890706000000032
005020008004000165000001000600030400000080001000064070070008509912500000000007000
006800900540100000000002706300090608900005007000000050024057000000620004000008000
000090020809004000004800050640070000038602070000000000000000260400080100075010009
200036014500900007100070000005000000030102590060000000000017680000060000007400009
002803006005000009000002050960510000700006500020000000000061000000040360004900017
000010290500709000600004010700000600000005001409070005040800002000000700056340000
040000010103000600006510702009005860007900054000760000000284000000000090000000005
600000709003000005040019308030200500000901000205006000970000000000603100000000082
005000080000021005100034000010076300004000800750000000538000020900050007000100060
000000160900040003040020000001700300090000400420069075000208050106000032000000000
000105008000090706870000000480060000012080000000000009000700300061350040005004600
900600700100040605000020003000004106690000050031005000000000900004907000000083010
800000052040000006500004080080070500900010070003020001070003204000807030000000090
009000050020570000180029000060000037000030000090048006010000020000090003003006708
000000000820300070019000054090850100600903400070004030300496000000500000002000000
030000000008600000210850340000040200000000070005200603003509002009300560000010000
039007000500060700007000590054700080100006000200039000900000008003400005002000600
000000026300040000000010450004050000160008000080706940090000002020594000001800000
001000070502400000040000016000000628000001009800750000000028000900100000000540381
080060000070000850009000007000005079100094006000370240000000000460500702200009000
010206300704008200080000000007000020000400896000050004060010000000000080102800079
003070021060800090140000000006010000070098200000030507200000400480700000000300900
285400000000009004000003708001000000450000060806907000700200006004000003000018090
006530000000010780001020003500407090000090007000200000008000004720300006000050902
000030150000006390025000006570040000008609040000000500000000000009020638400091000
260030700080020000300640001000580037000000002010003089001007900608000000040000000
072000000000200003000090005050800000003006802000025106090060000704000030020080709
000000000210089003900701040408000001000310005090020000807460000300207000000000004
000000070000570006400006850031000407000905000060000000004001002000008069000603104
050020090400050001009010860010700030000000720000000500070008000198300000032006000
040008109000067005050020073100006900000000008003800200000000480600003000001050030
000400010009600745005010900000290300030005000487000090000060450000300000600000080
000950106800400000003002000086179000007000000000005049001000008560000300000206900
098000000705100006060004080030009000174020000000040000000053800000680040006000027
000000607000000940172006308000104000030700001800300000021005000500002000096000003
000002000008040007065300400090006000402710560000400700300520000900000000000034002
700000000053000200200070130306200010000003400900010800000500600000782090070090000
500183000000000010000042709800000600030200900100600005000070000008010490000405070
020000000000200460010079003000005030008003900706004005000050040000006009103400006
000501000000600000070000100100020970950008020200036008820000040009007003000002080
000000050510000703060070000100390060900502800004706000402000130000000000000630400
007000504000010300000008060000007000000020096300000200203080600080040003004590780
700003800000970060000010000080501402000040500090000300050009003108065700020000000
000060200109000000040003050300059010002010006006408900073084000060000000005000400
000000000006000320000009584800003409740000002200070000405091700000380000300000010
070005400000000076000061900008046000047000009300000200000008005004000017690300020
003000905008001000000000100082600700060000058010900400001040006407130000000089000
000090002000803700097010000070036000508000000003009000040060070000207093002000051
610000307000900020000000680267104000000700002000000040501000000040010973000090800
400000070691007000800000100000005000203090460004100009009000800000400700508602000
040001023520060000030070605300000000809307000150000000000008304000040006000900010
010009030000502040500010208300000980000007000000050004703800000001720000000063100
200007000605030000008105207000070000001200005007003090000004600030010902000060070
301000000004980060080500000200400000008076003010020408090000106007000904020000000
083100000020047010007200003509000000001020009006080000000050240000070690050000030
007040000060050000003090105070000009800700042000000000500604028020008700004200001
000000000041500063700060198000002080008000400009700000000400005006005009070090230
020000000000600020359001000000070000000183960000000003600009030085040092700500800
006800400700000000018002000800900052000600001905100800000000300037006000000280910
005600078027001006000000030010006802002704000000050000650810300000000900000400005
008000005020000100090034000000560000005010040000008001059800300007001200086029000
300760000060050000027800005005020000000048019900000006002080100001500000000006480
350001800060400005100030079000000900504719000000506300700000000010050000002000006
000000003000050060100060879070000046200103900000000300050010600008005000030974000
000403000080000000061080003020010000070206400805000320009000000000040050600005819
000000000000046000003801065000600903980003074500700010001000006690107020000000000
870050900000020008000308004350060020000070000900500000080006307025000009000840000
302080000086000090001003000008000000000000064030104009500008102000050080010020603
604020010000039000003000040010700000000000200500082071070500080008290000906000005
000040020010058000060001000450200091700005006000000700000070800508064013000000600
020009037003020408000507002400100700000000900000308106005000000102000000006805000
000020005006000980050700100000000009060500274000008060730905000000010000900280010
000080000000000048502000076400001302200000007000093400608035900000060000003108000
028400060009000000400030709000008000010000000600140000080305000060800052090002078
080206000034000000000030480900000056002000900000020040540300090090015800000070010
000050004400700060309000100910000630200003075000000000006200017040008500001005000
070900000001085600050047300009601000007009000000000850004020080020060705000000002
009800600002065000300007001000476050008050406000030010003002079000000000500010000
020000875050200100800307009910000000006000004002090010000910000000470060300005000
006080000900000030027000004300026057000004010002150000004671080000005190000000000
800200905070900206000046000080050004000310600001000809104703000000000000092000000
005140080000900000008070000000200800400009700000510609004060205600000000820001004
050010000810000030020900700000008500000020840000100002000200080006040370008670900
007250003500000900600701000000007030010086200094000050005002094000000020002400000
000900004000000570040020800000000000006078400700316002000001730300060051010000008
020000000903080005070040610000000050580000060001320000060070000000810700040003026
200000004004003060005600072190000008070000200000001000080096000900105306000200050
400800100700309600001000090000107000060000500500043809600030000000001002900500400
000000096510006020009502070050900010000060803000700002703020060000000000001850000
000000360419000007860000504701028000050000090000460000070600000000095103005000000
609250040030000200005009070000000000070800002203004000000560091080000000000002764
000000075000100003540006100107000208030800001008009050410030000020000000080601000
040083050001000000005000200508040069030710000000000100000067900900001080000905002
062000013009008000000304002007000040010090000000230005000080000083900051000105080
000000009009003860102000050000002000030500000490006000020040006000207090806001705
600800002002000007000030001400500000086041300500000000900002000070008064003060290
000000096049070080000005230400100528030000000000780000800001000002900000160023000
000300870020000000000074506201000000040500987700000400000460000300080004009031000
001040080050000006060270000000520700034100600070000103007800054000000002300000800
040003070000600405700000000000000002820040000507060001062009030000500907000301600
000060890010003000004000062080002010302005908007006400000000007200080000009057000
000070490900300005000000201000000057400060009500090300010900006640800000030040100
000760002400000305000000080703000000050031960100406000000080240010240600900000000
104000920007000000000506801002100030900007000005800200053000000200080040090601000
001000800860090000000007005000064200000070040000080700502040910070009050300500020
070060000000008000280370000100803002030000000059000760603000005000400890000200076
570000069000003800090000000801600000000030600702000050000060501000702000006091032
100070960000000007490000032005047000000000001069002703000600800020000000030201600
670080503800000009009302000050060380020001000000000200000490010004000800007006050
000001300890000000400028001000070003009046002012000700008000290006037008000050000
020375000000010876001000005000000319010207000000050000003006100070080000800003040
500030000000940000004010853000000400003200500040080030800000900007000061090500207
208900000040000700003080000006700830402030000000060005307250100009000200000000680
015800900006001000000000400000400200051930000000028030090004005080306004000000093
500060010010854000640001902002000070100000000000703590000080300000000000900500048
008006000000500000063090084000030000800219000700040500000003002070000093016020005
000450009509000020010207000370080450900000800000000706607020000020000005000530000
030001204009800100005304000000030007000706008046000020100000000900047003000000460
000080204130000009000900037000007020006509000040130000000003075004070006700000900
800000043000950800400700006000107080006003700005800000010000009703600000060000150
000027000000300406004060070000000008700200060800059014063000000000905000580700009
000004052300200600700000043000620080050000090801730000000400000009100830400000100
000000000030100002000409380500001026002000800043067005000900068000000000007802090
010950002400070000608000000005000700000390100003006400001030900006040200500009008
005007000000104520200000000000005079300081006800096003084050100032000900000000000
000204070000070960003090000600000007000100005020500809005000006908605000300002080
000000004320008070450007039000803100030000005000010600000900060002070350007600000
094007000000009507070000201007060000082000000450000800000021900001070030000053060
030012006105000007000900500001470003008009700000020090000230004000000008672000000
000490053000200000000630900020004007000020400010809005600007000540000031000500002
001050600409000750700030100000001007040070500000420003600310900200000000100006000
670000000000360000002000008080000000000908753050102000708000030900700804010030200
100030000690507000008400000000000030500100409042003000000000007050010026920008010
000020040007903000600070005100402000030001006000500900005006780002000030000200069
000004052084000760000701800200050073000003080060000400600008000003000900000290004
040002300500300000100500028001080009000090853009703000700008000000070004000000602
600090020027000040000570000003900000970005800000000054201309008400100005000000060
500004001090103007400000300000000000002010463038000700070902000300000009000750600
400000000010002806006030790000000063830400502000090000050800010000005630000060005
100050290002098300000400080004000000070000020805743000500000800000006005003002006
007300000000001090000000236000200500700083000009107060070006002204000005300000018
001053008005000000000807030084000009000000001060009300002005090000470650000300024
470000360052700000001090070000010006005030040100570000019020000006000050700000003
043100608500690000000000020005000000060420000910087000050000002302000706000009001
400070000000100608800609070000065800500000090607200300000051040000000900003400005
005020008004000165000001000600030400000080001000064070070008509912500000000007000
000000004200300000508000700000001600070050010056093020080500003000000260063009080
800040073100000000000270905000002500060000000030008091006000020010003006500024007
056030000000000213900100008000050007001000840007009060014700000000005000070008120
000800900000004000070010056000540000105006078009008034000380009006000040020000700
005100000073000206024000091500800020200370009000904600009030000000000060300009000
000207000700349102000001600385000000000000004020050000030000090400008070090002308
004000003060092005000000912070000090000000501300060200057000000003000089092100600
000500400050000080009070000000403600000200009800090500580700106030000070206040900
006000000000000300270000054100097002000010090020360100900000007005800049008500200
080000004607000010000000860009375000000000000000269050003801590020000003070500080
020600080050003002700004000490000000608500000000970010040060009000005071005000320
051004000003009000020006008600040280000900601000500049000800506000000390000070002
006004100020300050900000030218000060000000000070400580000000076000729000040001390
001005006470001230000000490000900050000800007030057000500000000007030010002408009
060000090000304000000070204080160040071000802000000009005090000014080060000703001
000100020500008030000934000002000000940000068370001500000300800080000050000097106
000007108700030005006001090000004027008000400000000009540280000010095000070010002
020080030000007000300001057700008002090030100100050380040000005050000068800000010
000400073300819000800000000100060054000000090000093600020046000001350060700000500
005200017000000800000084000000000040078000603900000702003010070020700089850030000
004009002080050090000600000000073209010042000002000010090001050806507300003000000
006501000000000000371000000800000230500690040000000008040230090600000702002709003
080000470000600000000085000000000052500901800000000900006590037043020500002000180
300700018090300200480001030000000000000080052010403000000870000700502400000000609
000000000067000002009000870005007400000180053020050900090300061500000090600001005
006900002000038050300605000000200018200007000500000003800000301040000609060403000
000000001010800009000305800820130000003007900050060000107002083000500700000000092
500608100000040900030000080000004000189000000023080000000000570006009403000135600
000005160000002080040901000007000523000800000010000400009050801800004952700000000
000000570000000000005400602040690000003050000500300420020008050860200700100700004
701000000000000360008002050900240000000000910005073040000508000010006700500400206
000802000016000040907010003500006000000290000002040130000083050400709008600000000
007000504000010300000008060000007000000020096300000200203080600080040003004590780
097050800000030045020600030070080091000000570900000004401000200000003050060020000
000400005009602000200030400000006080070010500090500010020008740001050030004900000
000709000000038400001000082709000005150000030040080000000403008006050009075200000
091050030500090006000007010000073004005600100080005000007080000000001620018030000
000000070002006000000389200000000085000041000305900040620010000400060908170000020
040000600072600104005030000000090800010000049000001000030006080400900012000280030
012900030900040150400000060000000200300208900000009000050600000003005010800302400
000000000501000029090084730008603000030057000000090010000000050980040600065000003
000000089070004000001072000102000000047006900680030400060000805000090040000701300
470600000000300064000050000000000301001080970000907006087000030006000000503708200
050040000000000000000102070070000300000008020000050764005600040762005080803020010
020300706000070034008000000190000500006001000073800010060400050000009020002060001
095000007000200160000080039000000008040030056020016900400008003700000000280060000
000500800060930007008007000000000004840300079070200506007000000904012000000006002
000008520005091000090300010032700001050600000000010200020030060800000430700060000
000105204000000000402309061800500109930004807000000000000800006090400000000012000
001050600409000750700030100000001007040070500000420003600310900200000000100006000
000000080001006000048037520003040010900000004080070900020000001000805000305020800
010050000000300407000796000508900040003000000070000030080010000140009802030600001
000000075000100003540006100107000208030800001008009050410030000020000000080601000
007005302890000706004006000030508600000000130012003080000030000000000008050024000
000740180040060000035000070900002040000000007000018090108520900604000000020600000
008600000300900704000302006000000500009050001070009000001048009006100003004003010
006800400700000000018002000800900052000600001905100800000000300037006000000280910
108000400046900000070800050001600000020001040500009030000402000700000000089056100
076300001015000680000008400050080090000026000000009102020094008000810000090000000
780010506000007090030000001040000000002005600000400230400096000060201000809040000
705000000000000045000000601004500030800040006601700080400070900000900012090060070
050004009090600000020008105600739200800000000002000001500080000003002000004075030
600000071000012630000307000000930408001000360000800000500040800940020000000000509
802006000007010000600900000004000107000080002508700900000364500000100043050000008
000000500708006000000900600802004000000600003046010087000000891050002000007430050
905000060030000010610020587000016000000000470000090000000002000002400050800370026
041090702080400000006002004029008000000003600000000040007010000002500170000060209
000000900000210068000509020007000600500000080006004397000160009700040050000002100
000050096210400000000010007002008031604000070100000600000975002400002500000000009
930001006001002700250000080890000000006030090040960000010000000000700045000500809
060090043003800700120003000000270000900008500000000090001000000005007038008420005
057060400800000600001070080000005000020080900003024050000036001000700040300090002
060480000000000580400503060107000000000907003982000000000005000200706000600002031
000000005000546020090003700060200900008000450004800000002030000030071090040000107
000003740420107000000004093000001000000050009000300807800060002970002000250400000
000010000743000005000850300970000000000006400480000631000060003100004062500000070
020000007000159004080006000040007000030408100100000000093064002000970806600000000
000000800007000003008390052070000008056004000089012406020006000000005000500100090
050000000801670503000001008003700060000050000920000805090802000400000000015400600
006800051904006000500000400000718200000002030200000040003007890670000005000080000
450090800003040910069700000000800700800031000000600004008005360000010002000000400
012007800379020000400009200000030000703000005050800079000410006000500008000000030
000000070970000100021005000000802001800046000000507040000000003006090408034000026
040008109000067005050020073100006900000000008003800200000000480600003000001050030
000300002014000000025000000000000470000006080096401000000502800100079540040100200
080007000000008620700000000004900862907000000000504000020010004008703000400002056
030001704000005023000060010900736000002000005006020000070048900000050400100600000
904020100007080005001400080009000006310002009060003000006500090403000007000200000
004800003006004009200009000030728406000000700100050000715900200000040800000200000
000000800000080764602000010900800070076104090050009043000607000000900200004000000
005030001000070800003000650070000100406001000120008004060080300000164200900000000
410308006007000540000000000000070300000010809080009610000400020500032000800700400
070000025015004700000090600060009500090008030001050090002000000000821040007400000
002000050000002009003600001214000000700500400000900000000180007001000892039007006
267100300000000800000603009010950032702000000600800500300005010001090000400000000
006700094070010082031000000000021003100004960004000000000003700020900000500180000
007031000000000502400207006041000000000700000060510009000093050020106300030000400
300600500200000003007340001592000017080070000001900460006009000000000802000800000
000043000000600070090700023800300000007209010003060087005008900600070805000000000
000000000210089003900701040408000001000310005090020000807460000300207000000000004
090000000006040800400029000000084070710006008050000002500090010009700006001600030
000700401500000209008003600000060008100000090000407100030000520051900004080002000
800010020100050000953000100000100300000090010006540009000000078090670040040000200
030000000008600000210850340000040200000000070005200603003509002009300560000010000
039600000000089000000000580000074005001000030050300000008007620700000094204010300
000051030050300406600000702208000005000809007010000000072000609500004000000007080
000073000100900008000000049070200081360000000000014000092000000710005900403090050
800000069000708004003095000000000820060001000090850000050000100001027000200900043
000000079070398040406000208004030000003000016800056000000100090082705000000000000
000001603010206800040700020000000005000018790057030000000000002600002104208000000
000008050000530009080000104000700000900342800000000026007000900000010078540903000
000000004003000000085046301000005000200003807004080900000702000900300100162800000
009630000001090006080070500014006070800900300000000064000168000000000020000400908
000300594000000070000060008030040052002680047070000006000000000005201030800004005
740500010000000500000009804000003020500078300060000000006030000850061900200400050
300000090090048102010000000000079006003650000000100807700000000602000903005000470
000004005016700080000009000000250006100800027000000004070001500030000470650000301
002000000608130000000080300000690000020000800009018032000400100065000007001007905
000040700049000083801500000354200009010300002002000600080700000000809004000000010
000000372000000000043028050086003700050000000000900603070030000005000400012007906
000009043000070020028000000060090070070036150300080000000000002150004700290000060
000012800000007000050090001500004000420380060060001007000000008306700005100009004
207000000000800007680100300106009000000604000003007050000730049000008003004006002
000000002650040900020300006000000017060000004041002000004000600030690070000007829
400020000900001405003009020020000001680005003000800000030004000000096010701032000
005000400070420009000000086000035000900010230041008050500802700200600000004000000
008400000300020090064900010800003000000008020001000650040809000090000007106000940
010040800000000530082050007005360004007500090039800000601020000000000700000601000
000000300907064050000805002020008000000300084016000900000000000050400071192006000
000071000000030706900080500800002900060000030009060020100008370050007000006410000
400230000605090700070000000006003000058069000001800000080000600030041820500000300
437008000000000000100020080001009500208063007040000960000045200000980100000000090
073600050000007002000054107008000700206000901000000000500080000082070000600401030
040520800000010000308006070004350000000090658001000007000000385009000000400600200
002100080070000600300507000000009000000065049090000700080300076000004090105090002
002000060070060000106008502300000000000480010950020008000000690090000420040700003
612000800000001703000500002000000200000480309900050060800003007001090000000820500
048260003002004000650100000000803400020070000000000190003400000000307058000010070
003000724006100030000000010007300000009060087000009040040050200090700000200038006
000003008600240000070506000100000079320690400000004000009007304050900010800000000
080010050005400132003002940000000004700090306020000000060008500001050000000300009
000050029000008604000020510070300000500012000000406380001030000006000230020500000
000000007020076080900050030300000000006900000000080002064008090830067025000009100
000801500008000700049037000000002000000700600020005809002098310000000005010600007
007000005000000040900008137093700000206000080085600000400010063000500000010830000
030000086500000000010602000000809020809200001000073000008050040000308000200100037
003600015070008090100007004000001000408050000000000020200000006080006049390040050
000000970000409000000130080000300002004800105028900040006000000010008067905002000
009600030400070008000000520007302001300000000018069000600400000080090000000750043
006000408000002650007400009000000000048000901090010032050070004000109760000500000
200078009000002010030000000070004000020310408000090056085000700000001060000000592
002000000400000058390002600008030009000700000000010500604090801007008020800001900
105006000000000040042000501004008700030402095090000600000670000000000007900500802
008000002103500000002070604690004200000130008080060000006000080000010300000706050
004080000090510004000004803900002600061007005800000040000000030050100060000030029
650000007000940063030070000010003000003000006007014090100000504200000130080009000
020503000034001000000700000008970460005000008400200300000000081000000003571000940
000490000091080204500000006080000070906002008070000005000640000638100000010030000
000009206060850000009000870003021040000504700076080000500030000090000010700100000
041298507000040000300000000000602100098001000000080000070050804030760090000000700
050900000006030100100400068030040010000500042800009003000000730020600000009051000
000070400000403000000028097510000006000010075080006000907000000003005020260040080
009008050500006804400700006360120000000000000090370010700002100000000060000040930
216000000005000700000008020004000001800205030030800004000780060000409800060000017
918000520500000040000200003700300005400805000000000180000609300007002009000004070
005000706000300000310080000000010000042000105650090003700020060090701080000804000
000580200070900300005001000000000060092300050000006900003010802051720000000003007
090174020000000800000020003001003000200080061006050002060000100300900004010000089
060300000000900803000000002000095000004000007308400500905640300070000605080007020
810020000000005100400000238000509000000000019000031006050068040000000803002040070
000500060020817000007000041000080610000900003804020007000000370200065100008000000
000000000000804900000060570000401002302000010084030000060070049000008000970003150
000049080000000305000150000000090100020300709400007000980000050004036001600005007
007800640000205000608300000000000003009000800006070021090020010002000400804900030
400030001000000000000000842090206500000750000030090006002000080071400009050071003
700000005006005002041002060800090403000000000209070000000000020000607831005001600
006005100000809000000024006010700020000006004300002070501000000070000900204081005
000006300700009500160050000000000090000080000308000010402018030083007002001000907
950003008800002000031000000060350090010007050000060010008000307000206009007000004
070005800630100090000000000005000030000020009027900510000200080506040100004080006
000620000863004000004000007006870000005030208000000900000000802090000050078001409
000047908030000010080090060001700000000005030002900100000500800500036700400002600
050009060607000000000070502001000004072506000009400630003000000015700890000000400
030050000008004010470020090000065000050000704090200000007008021002701008000000900
690000038000000905000005006800902040007060050030140000000020010700000004000003680
001000090200000067600800100000060050457000000009008203000000940700520086000600000
000000000002006010193008040000024009000050300500003106050700800300091070007000000
000800034000500070001040600006190000000000200800020905320010500900000020008009300
500700200001003070800060000000004000004685700010000400300092000005000009070508003
400230000605090700070000000006003000058069000001800000080000600030041820500000300
000420900001800000000005860000504003010000090026030000590300600002098050040000000
090007004000200005300000082000100000007009010080405003040900050010500600200001090
006007100000040097000800604007000300001050000402030008900500076610000002000000030
002000007069000005000008400200010049000430270000059600005300060700000000010020900
000040000600000008020000300009007024000050107010900800008001403003708009200500000
230008040058009000000050800100500900000000038049800002400070006007904000000200000
000000000300027801100083000005001000001370060007004002200060070004000000900030650
000094000000000005700006000003000029060930001402000000020700900040800050950060170
050000890004000005100008000809000520000000006000601000030007080000415072701009000
500000760000300005040087000000905600000104052000000900700010000060000803302000590
008100005200000070006870034060000093100000000752000001000050000000004008000603509
000200410002000005600000370008400000030080104010670023004000000095700000000860000
200080907090500000800060020000001500003070296000003008000009701000000000710000840
000900070400037006080060000020008050618000700003070002100000504000490060002000000
700000009004000070300000000090000400800230001053400000001502047006073052000010000
020003058000100000000200107003000004905670000000000080032068900106300000004000300
908470006000002850000000000009005720070000000200000030600900082400601900007000600
020050000000000260000003501300700000090006100706302900000000000048000613000081050
004380007000060020700500060000070031007600090028009006006050000040000000000100503
000000000000500904300200015080056309600000500200400800700000030003800400500620000
000000008000000001080104073590007000004320010030060050008003020100680000072000000
280000360000400000004053002000079250700002001000300000000000540002600080060940000
009001000050000004800032100020300000500628000000000706600000090070000652000104800
850020000070006001060000009009045000000060017020000004010000000200739000500002306
300500002720008630000000000000002000010035860473000200002080107000010400060000000
500100030002900000000000009600003000700060058000279010040500003000020500070006092
050017000007300000000082007680000000900400618000000400700000061000001500200805900
500080600000030000003007000004000800020000760670850010300040080041000090000690002
000050001400000300000002070000740003006001000000036018620400005008010400070800020
700140000000002001009000003040007800000060090100009306000250000500008029000003048
800000000005000000700021304003000700000090008004307602609000400100200000050073900
000040000209000300083002005000028059060070400050900001074500093100000000090000000
302001000000000060700304102040050000000000046100803700000007200008090003000000459
005080230700000009000034008000200805071050000090000000400300900000768301000009000
004500620050000000008190050000070400007600009000000280040003090280006000100080300
000008006400301000020400800000090050005002600002000007050207010030000000807064500
072008036030006000000004000501000300000240008000100050000000000000690027900507840
000200901004080200010005080236000100000000049000500700000300000105000320940600000
000740003069000000000006010000200070200870160008034000500000900003102800080000050
080075000160200000040000000000003009008760400014000800000120005000907082070000600
073006040000000807008000600005030200400900000609150008000080001006010002000020300
000900000020300008030000600080090057000084009600001400700000000150062090003010700
605000027000307081010000040000001463000500010000802000071250000000080000304000000
430000000008020000000001035000200700007084000000053192001000000200007014069000050
008300090010000004090000008000600000003400251000002607000030000002009046860207000
700080000000206005000043000009700162005100094200000000001000040980000037020050000
080000007000200006000001590700063000040500000002910000900000650207038000000090023
007012000100000000000400053000020000020009010009704038004005000070600594000800006
200009600009000000700003008000054007007060001000008500081400905605000704000800000
050300920024060000000000100000010000083700000002000008000023590400006000005049061
000307020500016700000009006670004900000000100000200805000000000901030050003065070
005000000000970851700000000003040500980600700060800400800590000020031000000008070
000800000006700100402006950080060000300400000090205803900000340100008000053000000
900300040300401050006005108000000875001000000000290304024050000000000000080109000
000020501000006000000070020700100205903500040400002070107400000650000004002009000
706000000003000470000005000000498605200000010000000803090800040030026000000900352
026090000000007020900080003073100005050023100090400000000000241800930060000000000
301000400008900000060000020000500700030040006089600000015290003000010080000800207
000000000006008702875004000001020090000009600083706100000600318000002000000030005
000000040000800300600002900006200008040000607700040030050008701071400060000003090
001009078009500200003270000900304500000050004040607080107000000000000000002000305
000800002000097041070030000000074030000009480050000027000401000008002010206050000
800030001000080020675200000760009008000020060009000400000000000502900073090500080
000020806090300000100005000060000907080000000032769040005080000000906080000050702
310020000000000940000000000005008030902000708000000204700012500090830000004006320
072908004080060100900300080004000000100200509020600000600430020050000007000000003
000007400906000700080301000030805270060000050000000004000008109000406005120000600
700006410000008090800003700900700503030200000500080000010000050456000007000001800
064001900000000027030000050020050100000130080800049070043000000500090000000073040
013079000200003060000005080600000200000700030700030004001080009070090500009000028
000204107008090060070350040600000095703000000000008000000020459030500000900070000
400030001000000000000000842090206500000750000030090006002000080071400009050071003
010000930020005080580700000370000000900800104000000500030020008000100059000074600
206000000080050360930010800010000400000900007007004050050006000008040900040020700
001050000003000082000003006000814000006000700050090000029007045000940600007002800
900000586008070004401000300002010900804005100000007000003008702000000000600040009
010005600079806100000240750030020000100074000000900004000000098000009310005000000
405300002300000406061000000000650010090008000002007003000005094200160070000070000
003600015070008090100007004000001000408050000000000020200000006080006049390040050
003000471000035006007000090000840002000900034500007900020000000100000000074690003
000046000003209007840000900050020700000004600030900050064080000200100008100005000
000504701000000045030000200008010000900047000007006080064000500020000010100002370
004801000000000000170090000000420009060300040000005080000907500200050104000048930
000300040190002000000500607005620000070104080900000070806003000200000500039000001
200080610080020007400000800004079000000006200603050000065000040100060000009004050
000000000000806020080400310053600000400108050900007060509000200000700005000094100
000020005500003001060000378000040000000208000816070500230060000050100690000000004
300000005000300900240000000000001000010000803098060001001000608000050300030086179
970020000000300857000000000069000705305000080004002100000080260000000043621000000
007040000009070805080000000000000001001500090005200407090003020200019030008004700
048900506006000090000300080009000030050080400170000060000500001090037000080002040
000004300507000004000016908200801060000020039060000107120030000058000000000040000
107500000800090000090074000000000309030000000004006805000980153010000900300020080
040008096908000100003000007500000408600700009004600000050004002006000040000102500
004600370009080020080020000620003001100000084040000000700000060060500402000100500
008090000000041720450003000020000006004000000005700400030080000100200560700006081
040090086000800002039004070000000120050000700008003090590000004071000250000002000
300000540000309000700800020004200800060008050000105000258007000407000030009400000
009000307620040090000000002010007000040310000007006080700050000032000000091680400
017500000060000008008007109203000005000080900801040000000120050020056000000000890
504000000020005360700060000000502000080003001002094005000030150000900048090000700
000400700000706000005000008010090407000504000036001009003000906062000000090008301
028000000030001500060940000000057100003000040510080062000000000000030490002500087
000042000700000020950010080030600000000500001200300760010050208008030000324000000
000700000210000060800000700000162370000000000000053840000640021500070008602300000
004000906010090078060800003040020805000000300021000000003206000090030500005007000
000890100001024560000000020210300470500000000000016000709080000300900006000000703
000007000008000790302050008005180000000206001000000620050610004804005030003000000
037090800000000009000060070080000420903100000000087601300400000054600000000015080
000004005016700080000009000000250006100800027000000004070001500030000470650000301
000003090001002000000700080590000010010060007000290050036009800020350070080000040
104900800007006000000000509009080723060097001010000000030000200000500008420000070
007000401000800003000493050000000060051047000000000107900700000020905000308020010
000000060070250004005814702000003010098000000003000005040700600000305207200000000
000009000056008007010074005000000004400200680603400109170005030000006800000000000
000000010408070000000009030000000100302000408067020050500080000201430000004050670
000003000105080020070104060030097100004001870000500000000040600050000300906000700
200000400590014000007000090000000730006200005080900610000179003070350000000000080
000000004200300000508000700000001600070050010056093020080500003000000260063009080
000087031000030089030490000000900050007004000280000100000540200502000067000008000
300900000006020700000310604075031000080760040000000500002048003400000000008000001
008207600000000000030000085021000008000010306500802000805004000097005000200100009
010000000002087040407500000000100784000600300000003005640021037080000100000090000
700005080091760500000900700300000001100000800080400000005290004200004150000000030
000507080400000370000830001840000600003000090100200008609071000000000730000020006
050000098000000004000070160000290000008000200000000349600037000740005800005108030
030800040006009000010000025020308000480902007300000004005703000000200000700090400
005000803072604050000020700000010040590000000040000306600200001020000007807050000
000009500700000040000010062030460000086750019004000000300000000000090001059602800
900600000000830502000001060600000900020005700000060324000000040008150000060400071
085000004020093000000400070006900020000800900500602003370005400000008006000200007
004009000000005932600800000030000001040001075007000000010006027083020000000700508
