000030014070040020000008000040050070080060040320007905001000490000000000530070001
090035000000071050801602000600008070000020000030000900400080000007006891500000020
900500007002013009000602500020000070500000090801000460000074000070060010008000003
040800500000750043010040000006090002003008009700020050000000601004000900060003700
040080100000009060006003200008046000010000030005090000000000378007805400600001050
030080000240907006060500089980050000000020010007000900000060000000200067800003001
070000000008060019000145000090002300000000960030080004700090000504803000000700106
605800020010204007700000640000001060080003700009000000000900305000730080050002000
003080040020400000604000000030006059400000000270130000005008904000500087000710000
008090000000050027000436900000005400301008006000000790580104000020060000004000010
010000402006084150000050000060000201000830007090001000000000000070690000031040560
000080000000050901090000005002100400000000003030064000425690010006400709001005000
000400000030006080008000100820700690907105000000020500300800000070000052100002900
000800002710020000000000000520170000800000600309000020050217900000680000040003180
070082300094700000800060000000000030000006020720045800210009000000051706000000900
000003069000000007001090050008607040300002001400000602080070000063050010000010400
080000000600108930001260740023000810400000002000710000090001006005009000000000020
002000007069000005000008400200010049000430270000059600005300060700000000010020900
004006020000010003200307900000061800036000000190000000000095070800000410000820300
062000400010080005309500020000024190040600000008009000000001030000230000003000609
028003000003005080004098500000000000090076305000980060000140700000000004000030091
001000600000300009090006005259700003060000004000805000000600000025047800040089000
270900000600000000010007060000086094000000002390000170001040000000090703040300208
000200007005000840000007500000009008010005064003040010906800070020000003001000086
307000950000400010500000820002308000000000001004200005020590700008102090600000000
002050000706000000300802014000000000005010800867090030000000920000060005090034008
004800005080406002002000006000040100106308070700000000090701000000500000001609030
050070630031020000400900001000000026067500800000000003004000000800006300720005100
900800000407090200080520000204050009050000870000100000300400050070600090001200000
070030500950002300000080024000027000009000008467000000200003060000010000003406009
000000007267000080003006000000100260000300905040000001350760002000059040002000008
200030000800000500100004903000050024000491000000060000030080061020000070987006000
701092000000000064000300900020000417000204006010008000300001009059000030002000080
805001000100206009390004000050030070010020900002000050000400600060000320000700040
300400000070000004002003805005030190000000000000950002050070200010060703090100008
000403600040002007300560100000005980000000000801000200730000008005900700210040000
008000170020004000900008040000060700000209003060070200007000000056340090240500000
010000050090000060008050321001970400700020600000504700000000080003706000050300000
002400000080390010040005379000000120300008000009000005010800090006140200500000000
000000007012000350090407020026000008001000000000010260000079030080002016000040002
003001540820005100000300000000000805000036000900080006609700030070092000050400000
003000460050901080000000005420095600076080040000100000000000806010800000040020030
000080000051000080003006704600001902000002006000504070010928000080000000007000025
090032480800045006000190000000000100300000752000024000001000605740000000009050000
120009000000000070900035400000000030400807006210000009000070324000580000041000700
047010300000000450800000006000007801000000500001280000080035910000020000600009075
300090000000070005005082000076009030000000500010308402000007008607000300050000640
010005839800000000570004000060401000000080070000900062004000700000700010000209086
002007003090100004060000907000700050000048100004905002000650020006001000800030000
000053000000780030000106200070000310080060400000000076790030000231000500000090040
080050190400090020007030640120000050004000000005007000703001000900500002000680000
000700000070400802004080500029650700060000000000000015003004058000001007000060901
605090000300500200400006900000004012000000004000200080000068100010005490052070000
000950106800400000003002000086179000007000000000005049001000008560000300000206900
037002000100070090050008002010000248500280030000000050000090620804030000000000070
001300470000070006400089200506000700004000060003004000300005000050010020908030000
740030000000800000000000060280001047070002000001380009300000870100400052000100004
100009000000060800000812005820000904090000006004080003000300709900070020086000000
900832000000405003800100000182000006000004709040500000600009032401000000000000005
000390000064020000280006000030100009000080102007209400000070010900001040010000500
367005000420000100000400087000020000000609305000008024000060201000004000506000090
000100008300040205009020000045000710002430000000000000001092000087050009000860500
000003000025000608094200050000070280000308004000004065201900000000000030060500002
000000030680753000000000095700000810030001400006800007040008050002010900000000204
002100809000008020401700005170060000800509000004003900000080006060000000000005081
300001200000609000001000060050002840670000000100094700000000004000208070860300900
009706000003000910005080070500010400010400050704500000000002000000000368607050000
006700840305080070007005006000028700050070084100000000903000000060009000000350000
000802630060400020000009504004070090720000000006003000530090000010000002000008410
000090000010038000000000028000500412000000060860004005092000041086970000000003006
080007050000630000010000406009004060000000049802000001450010000038070000200048000
028090501030000004000000000050300000000107980002050007000030140000900860203008000
000040600003012000029003100000000000801030700070000040200380960700000000004709002
105036004000000000860050020000008005004300006000760009000000040009002538000010900
017006030030001400000000850001020000900405016000700005006000020008004000000980004
050060010403009208800000070700000003000350000002000460006073100000100007000805000
050000403000000060003210000900000500006840072000090000000520800200601000107900005
000004510000070069092000000030800000000300107070020800017000000000000281040068070
010009030073050009002000010301080090000000050406000802800030720009608000000000000
000860001090450002406900000300200004060030700020009000007000003000000050080500260
000060200900000043008000610092000000300700500600000000000806009000054007054037001
020004000007000902001000006000300290000900001490000865100205007050090300000000050
000041008080002706000960030309010057008000100520000000002000080000003009007500000
000008001000410703000060900000300056001009870500000000006004500700003018420000000
000900045028400030007060000000080000010000502000004000100002009040013006072000084
000068010000201049003000008000005204002080000000340060100000000000000905090576001
200309000600000400035000090000060007100080004709050680003006070000000001000400250
000000090005000308920006001500120409001000200000008500000080000007060800034900020
080000600000009002004258000150072000006030000000910000003000201070300040460000090
103000250000028001000070890709036000030000480000400000050200000600009000008061000
006900082048000090000016000000009000230500000010307004000000029607000000400001670
001049800000005001900000070050038400860002730100000050007000300000080006000200900
000800000000052609000000140040708900009010000050003000006400071900300000831000004
080009000003048107010070000600003402008000090020000001000001306006000000200500904
003000906000368000057000200200005040000040508000600320420006000010200000000100060
000000085013507060009000400900300810058201004000700000000900000005008902004000000
000000000050000006900720001010540030007900640000600702081000004200080000060000508
000010005630000208000000906000004500000089004078020000190300002064000009000007100
000000070006430500000702000090000820600500104000080009009053600000200008045000007
100002080000700400020038000064000807007009120010060500000000000300280700000000095
040107853000400670008000000002500000000001002060830000007000400000005016903000080
001009000800000060000510040000050000070003000095200070000067008008000016300084057
063000900000209000480050003000080000094070068030000007005000004900000031020001070
300064500010000080007300000062000050100008060000009030020040000006900200089500600
030007006000006987000100000001600000059004000007000140000051200000000030840029600
600102408030000000008500020002000000100090502940000006004900730001070000800600000
000000190000030000083760400100040860007600030000002900058970000016000740000000000
030007600000001080000029053973000000800005900002700000001600700000000092387000000
500100200007000180200080050009000040000058000020000076095004010300502000000037000
400700000000090243050000900601008074000050600000000000805000012009000708030001005
400001008000006704090005020301090000000600000500008000007300850002080400600007009
009000800000301400000080003000002001080014507002003040900500060007000039004000200
670010008801000000240300006000080700050000000109000000000059080000007640000160023
000200030800000100030070890000720000090003450000049006008090670501000040000060000
000800003060007900501090700900000308000950004000320006003000000000100400047006800
038000206002005000000700900003960002010000405070000003000000004000006000004138069
000000320460050000000009100205040000030060009009030000000600700006097280070002001
006007010040006905001000008070000000005090400000203500500074080090000300083000600
600091005050400900400006002000080300100740000003900501000000080004000003070000210
000090480900003050604000100009000008300680090060000000000000504200158000030007010
000748001040000300200000005000456070026093000008000000004200600002009007900030000
007040000230080000000000103041008090090300086000500000300409000000005200079060001
021040000000007009045830100580600000010020000300010004000000090200001070090000620
000003504002000000081500002075000000030900800000007040000604010020001009004000358
200003500050800007380004000100006304008002000006000070000000100003208400000540080
002090400900800000000045300090200060000000000006070201020000140004056009050080700
000450001310700060080000030000008026900000000004006000030010200100020009072090040
000947000000000100902010608060100000050008702000003000000000006204000009630870004
002040630000200500900005000057102000008060007209050000000030006000008100040000073
010000400005080007900000200200004000004006300000009605800020060000000703062950010
700300000090400000003028071086000020000001000000049008000000006000030410900004785
090020040000600700480090230000070100500000000000000985007084000004350007000900008
006700000003600900094000052008000320000000000000109005007030080400910003030400007
000784600000000002600000043083070000040008000506100000700000006000050090215000870
504080003000300000003000600009007020305060001200000400000600002700005310000041800
000071200000600090291000000000000018060000003007030500059003800000700000003008167
000050709000001208080004000000000000050089000406102090801900000700600031000400500
420000061087000050000004003050090384000002007008000005100079000060000000040800020
700000301860010000000002500000730200020004100098020000003000000004000702000168900
003060702200700390090005080700000800000080009180004000000500900004300001000012000
504000800090037002000000030078900050005000627400000000000740000056000000007190080
078020006000000090050400000006000140013000005000009003000600710100053408000002300
530000090064010800080007005000700000000046000000089210400000008000000124000500960
010000267090001800000002000000040006600000000003500719000890520007010000004050001
062000700000004900080010050003000000408970600750000300007000000500100006000320507
004000095050000300009020007280000001000000000000609208600400109007003000000801604
450060000000003002006010080105000400003007960800100003070000000904005010008400000
000000057090405002030007609000000040002070800065009000700200000008090000000350206
070200080800004093200000000516009030000700801000000006050000400000907000000056012
700000009000020350050003010000096000000004005860000000607200400010600003009010028
600004002100005604080000039090030000002700081000080003400100200000000000900058007
302800000106004000400030000000001070000000840000380902003700000680203000000910060
028504000046000000000008026000000051000000200069007003050000004000400130073610000
000008391070200800038600004000700040000029100020000000060000023004000000050940007
010000602006407015000000900400000000593001000000000890000080264000006000104002700
000004060001003240000000001000208000150000000204000903003050680048000509070090000
003000096800003100006920000000060000009400003060000704000001589000300002080007030
106000500070000001000000086000049000002807910039006000600032000000100095000090040
002409000490050000010000070008007050005900006039000100000000060020503090000124000
000730002000024000004000800803040020070000090000860400005300000102070056000050900
000302506005000920000001000000063010002000095000507004000000100000000089984700030
060098000087300002000240090008020709000401000004070000710000803000080000000000910
000043000000600070090700023800300000007209010003060087005008900600070805000000000
009000036070003002045006090000600000004050000002007005006130000080095400003000080
080000005910002300700608200800010640005300000000024000000000070009005000020730009
000001060806000100200700004630000000900004800000600937000030512300009000010080000
000000002900001060600002513500000100000240000062800750000008009009050600008000030
070000016000000580000041700020080003007300100030002060000000009095007008040208000
700000040002006803080000200000002000009100060006005790054070100300018500900000000
000000001005700600300000970008040050000936000760000000004060705020170000010008060
348002007600000020000008000000200000023017000700080069800093000000001700005000304
040000010300000000086000972000200700905400001030700080010003060090001500008000030
000908010400000907003600000800001024000200500020040063002009605900400000000000008
800127000000006089000005400000090750009000100700012600000600000208470000100009000
002004000300000200000002409500080900900030006830400000006000192000000507003510000
102080070030010500005900020800401005090060040007000800000500400058002000000100000
000004270030000000000107809005000020800003507460000000000670180010000602000005040
007100030004000600900600002000387020305092000200000000040800000030000950800020010
000030020008000035906800001001007400000609000520000000010005300300076080000000014
020009030001400080097080006070000500000000002003005800000302060060901407000070000
000000706705420100000080000657004000400000000020950000008510000000000008304700950
605000001008000647040000900509000310000007080000041000060504000900680000002090000
000073000100900008000000049070200081360000000000014000092000000710005900403090050
800000000003005090001070040007604023000000000010050079000062000000100754300400010
000008002017000809060000043540006000000400960006020500002050300000009000000040017
250003004000400020000017009030021908007000000008090001704305080000000000000070600
791000280050074000020000000000107050000000300000540000073062105000900000640000030
000000900009064801040087020000000000604028070010000600006000390001030000500700400
720030000040700502600001000500000300004003056008006900000008430000020060000100070
000009200000050000450070008300107050700940000000000600004600100026300089030080000
000008006400301000020400800000090050005002600002000007050207010030000000807064500
090000170000008000002005000010700009400000300900006704030004050084050006005000038
000300000200095000000700854006019030009000200400670000000000015073040020600000003
900103000528000000007000500000005800003670000600040200000000021000907048010006900
000900000008001307100000042500100000000050080040090000070500860000067904009020500
030906028020100000000000063800000007014000005009580000047000009000050700200300010
500608100000040900030000080000004000189000000023080000000000570006009403000135600
600000000000000320800020741000004030900002000040560000004200570067000100005300002
060021000400000098370000000150000060800040300000080210000064000090003080000005601
000420900001800000000005860000504003010000090026030000590300600002098050040000000
204010000070000090560020100300009758700000060000080200000005080000040603008001000
056030000000000213900100008000050007001000840007009060014700000000005000070008120
000700004000046000008000500020300800700005003030002146002160000000000095007000460
010000006002860030060023005020000100000200003000005020000700000083000019001004057
040025000010400000009000000090600400003000000200507810600002008005910002000708050
007000504000010300000008060000007000000020096300000200203080600080040003004590780
100000000907000050020470000000020006000007001000090020008042007006700003039061400
000400200006028009000903045804507010500000000010004000000030407000000000020000836
000960705300800000010070000003280000040001060700600200076530004500000000008090000
050000003700380000600000107000600000008001090010428000030090400502000700490000002
003040600007001000060005009006000003010020058500009040000013904400000000008006020
006004200007000005089050004000000018100040050300008097700310000000802700000060000
002005097397000000000000480760400000100003008000007600600000300000030072000200506
000000320430500001000620058750000060004200000000040003000079506000000080109008000
004005030300010520000000900002941000005300000010020006000000840036070000000094700
008002000000003120030740900005100300003560041000000000000000400080050036700008005
001930000059100003000008500000001000000040681070000940040600000500800400032000070
000040005000031700000000080100000600004080070085600901058000030013062000600070000
008000005020000100090034000000560000005010040000008001059800300007001200086029000
000080100007600043000302006050000090003401800108030060070950400810000000000000000
006000008407069300000014607000000003609002704010390000900003000002000006000000050
000060005080209400000000000019050003007006000000700000008307600300000904006842030
108002000070003000009080540040070605005000000700091000020000090000000106000049702
000901003007002080019500000008050600071000042000240000000608904002000000000019000
080070000430050020000104300000000107260000000050310000000000970000860054000037600
000509620000000040040006009016000030000003804070094000800070000000035190230000000
021000300000000000000570049030000000000700056400901000396400802010000094040000001
076000400041005002000002036560300009900006000700000301000000750000008000000650003
070004000009200104050300800020700000000060003000841970030007000002000080090000065
526000000070020080000600070005000103760080200009400000000000004900850001600040007
000710000000009400730600000006300804045000070000000050000500706090400003070003520
000400700000706000005000008010090407000504000036001009003000906062000000090008301
000230004670005000000080930000509000000000020054000300038020700012008006005070000
000009056012000000600200800007504002900700000300090400109070003500000004000900700
000036870008005030060010000007000609040000007000100520906000000000200900010003054
050004200000170000000060000080000074306000080002050690009000000037002910120000008
000040600003012000029003100000000000801030700070000040200380960700000000004709002
000301000302006007000090000000205008040000071050080900000070640500009010607000009
080100507901000000000004006000201490000090003009000650630002070000400800200005000
090300160600070000000000043080005230009000000100004900070000008000020750300760020
000920600063100509100000200000000000804600001016040302000030000000000008428000700
001400006800630000040000009002000900489007000030001042000080500000500790025000000
080210060003600007001000052400706000000000500700801000050040013900000400007000020
900000405008500000040006100370800200020900060500000047400300500890050000000002000
000600400050000200017000306001067000800450000000080060006090007000800040509102000
090000007000030090007000280006507000000090620020401038400000162000050000100300000
300000820020000000090030510000940005630080900000200040009410730000007080040000000
020009004804070000003000270200800009007093000600000007000006000000050040019340008
600025001000000802905000000709000300008004905000000026006001008000806070030050000
300002510200000030040068000030050906000080020060020050401000003000000400080700060
900604800001000306000000000014000000050000709700002065000028900000009430070300002
020010050900020000000004080005000860003000570000065203052900000000006400400007030
600098400002600009050100076000000062009380000006004000005000000000407100070800004
900040210025000704000060300050070040080400005300800000830002000000080000000003601
600003009000000200980000500002090007009100050400008906000070004000254000307800000
006040000300000100720300058001006487040007005090000000000071004000000069000900300
040080502030004900000029400007000000950000000001070000600900204105003007000008050
000000831080940000000000900750020000040007000000000105006094003094680700000300006
470600000000300064000050000000000301001080970000907006087000030006000000503708200
001830060000060000000209000000000510090028300054090002000040800070906001300000070
030100080007480100400007000000090020300000900020600000000009018000000305701030406
100000000907000050020470000000020006000007001000090020008042007006700003039061400
070209080900300600500040000000506040700000100402000053000000000000851000086003002
000960705300800000010070000003280000040001060700600200076530004500000000008090000
300760000060050000027800005005020000000048019900000006002080100001500000000006480
000704050001006000630590070007000216080000000000040709200050001000070000060080090
010030040390002580400050200000200100200106000000005007800000312000980000000000600
458000200006004500000000109820900005007300800000700000200001000004630010010000003
009000000004000319500003200008000006006091054000800090000000000000040060035610480
004000000103050000050180603070000096040006300000500100000000900080600002300092070
070060000000008000280370000100803002030000000059000760603000005000400890000200076
000001280000805000030000006000000002200080035007024109010007054090000600006000090
800503000000709000900000603009000004002000761073100900700800010020005000050000070
203401008071600000000090060700064009500000100420009080000030000000708000000005002
008051003500070006000300208000800900900000000704000800000000140060043009001900030
050017000000600000406530082503000000002000970070004008300000600020100000000400590
800950400054000007000006010000300082000060000040000930060001000508092000070400200
060100039000004000050008000083010260690040070070800000009005410000070000000009700
020050080008006035000090400004210000050300700700008060000000020000001309900000041
000000320760015090001002000000000600000007000500090000056400009009050476010900080
100300090007002400025009003001000000050006008800090620000000500000040080430000206
058000200940005800060000000000000405034000062000008190300209001000006030000540000
000409060000060108800100000240000003000030006090750000000007950002000000070598004
500008620000000085060005407003200000020090001000650002005000000009000100008702300
001006000000900001300700900080000207009000410000015090004000162800000000000653700
005760000006018090000300240008000007090020030000600000500030401070900800060000002
710000059000000004000290080000807000040000500000010023206053010080000000051004300
009000670000000805000100002090010080100004720004003001020300000600000098730500000
010000000208705000095012700000003400000901650000008001800000070000000020607500030
002100080070000600300507000000009000000065049090000700080300076000004090105090002
000736000000820090000000108107002800020000000030590000000000017042000380000059400
100060900000000000005009003000000340080450600000801070000087020904016005000005006
810090002000602050600003000000008243001000007084000000047000600008007000000504020
000200410002000005600000370008400000030080104010670023004000000095700000000860000
200600500900050030000701000004907820008000040000000907000862090060000004000000015
006000540000050000540862070000000000209000010000309000053010002600900850000008004
000096008000800041000500360006000200200430000019000003100000050090708000007203000
000000061600009204720000500000561080000700300000000000008004000540030900062807000
002000470080070002040003008000854100000000900004060030603000700000000041000109005
045000800800920000060503900000070000030608027000030080000001004000040000007006205
005010307000430900601000000000064092020390504080000000000500400000000063000080100
000504701000000045030000200008010000900047000007006080064000500020000010100002370
200000000000091608070038005000080013009050700400000000007060500940000000850300006
000700060702005100000304000000000050000000749090007600580400000030016004900000380
080005600900000030005081000000008170100020000004006020000200500002003700003074010
600500370200300000001879000000100030050004060000938004000000806000000000790000045
000000040001503200026000001008300000309700500250000400000002910000000008065078000
050000002380900760002008000000040010000010600006702400090000000800005300400006180
017000000500023800090050041300000005000004007000800120030500600000402000970000010
080703009000001600007800000008350000601000000004009087000000000000175004056204000
094007000000009507070000201007060000082000000450000800000021900001070030000053060
000030100003000060010095080500009400089003000070020010000560000000002700800004201
007000903200000500308200001000025600400000100005040000980100070140006005000002000
050000900040020610008009002010000045000700000002060000000000081000031020020086409
003000000010072004290006000000040006000010040000695000600003012708100050002000080
002300600004061097800000000009006003500000820003007049000400010200000000070150000
060000080940700000005000300000001400800930067003007010000060140000100620000209000
700003040003060008001000000008040700030000800290056000000002150500008209000001007
000002197000709800000010000009000000200060050060100000500608000006400320703200900
102004005000000003050100000000600000003805074700000902060002500007000801040090030
000004005000080600350000100045070000807000001000005078090002006700006002000007480
000300280000090001090012500000006972006000800400057030000001003003020000200400000
000900680002000100006480030400105000000000090870040500030600900000001008960050000
106009040070000052005000000000900000000040120004081060000076000050000280060400093
000206305000000000000130080070050290090000800480000050010008600008000007006094030
001050800000008040000000527063400075000080030000025000700040002012000006000063000
000000040040000080060005100000130000028064000300002805100090004000006970970000010
003060700026080300000100090000000620300005001000021409000004000000070960009000084
070400032058000007000010000000000003200000090060090004006300075530020060001806000
060000950030100000004008030800010000000045002006090001500004000000020060042083009
000043000000100004170000030000000000267008000098700020000600003800004500300050247
500600030000090000060032070000001300300080002002700860040005000005060207000000089
000901003007002080019500000008050600071000042000240000000608904002000000000019000
800070020002300051009804030000098160000000900000400007500001000600000003090600004
003600015070008090100007004000001000408050000000000020200000006080006049390040050
070005400000000076000061900008046000047000009300000200000008005004000017690300020
300000100045302000010004000060007240500900060004003000200036800000005002803000000
000003000406070090008900100050000030700000050000080041000006000500049003090807460
030072000600080003001000027100000030060000091000003500470600000800047000092008000
000090000010007000000280609002900000076025000000104730050002008087040005000000300
000950000500000304000800700009000000018000460026401007000005106003090002000304000
000806000020500098070004200000700010000000400800460002510000003900050760002000009
001007500000090000920003000030004071042000600050700400005600009080009000003000108
040008109000067005050020073100006900000000008003800200000000480600003000001050030
042000350000006900005000002004003010800000540000000703000230086280701000090000000
100050030400000900065019708000940003007000000300805600000000800050007000090600001
000008300206000050000090408000000007042070000005000140001030600700600580030005004
000260500803000007000000042010732000300089000000010006200098000050000030700000810
090700000000020060000013005070092086004800300000100007000000008600030250008050070
010000230872000060000000000009160070050040020007030000004000000085002004200700350
400600003002078005000030000001000000004002030800000750509007008600501090070200000
000007000000300026090000050670403080850000600010002030000010804004700090100090000
060090010040500062300004000000300009900000107070009000085006094000480003000000050
050400061000031002000005000004070810009060000020100097070008006040000205003000000
000400508000006002106082007004000750090200030000030000700050901000008000602000080
870050000000940002043200800200007000004000010060490003750000000000063051000000007
098002040300000560076100290000050030000006400050080000000041300002700000903000000
070406008000000010008007950800530097360000000009000040026800070000000000000370100
008000007300200100450090000007000090000300800000600000005020380029006001060780020
060000005000600400000082009000030000200007350004100200600000040010509080903470000
009020040800000003030100000350400000010600020062030057000060504000309080000000090
800067010000050096000000500000000100004200000600095072910080407008300000300000008
000600000060500042000003007009460070008009000020008100054000008800000315030000200
200000000794000000000496000040001090830200004001000082005000100900100000006900530
000080060701006420002007003090200831400500000070000000160003000047000000000400006
900000108000000062002006050005000000600900070007308004070080200029000040053000006
000700039400002000032000000004000600010000000605031040060800000347005006001200070
000720400206800000000096000090008010000003802070001350000500009000030080001009700
000003001000007890000010400600000230007602080003090100740008000000050007050409000
000061540000300000040005002000900007509830006008000200090070080003050090000003005
050200106030000007068040032000007000005060003000020871000006040800009600300000000
000490060040100035100200000600058002030001000905070080002000000070000304800000700
039400170000790040000020000500000000000040200000030456710500900090080000020003008
003010007005090100000803004090600002000240000060000050500001890100000000086002010
200056000000000003095000060007803400000002096000000702000000300059300027008400005
007280609000000070006001000000008401093000000460000050030700910000800002050006040
500000020030009607070060004008000050050000800300000009100407090400020000200080706
009070041001400006050000090060000002390005000002080000000004700003010804018030000
001067000008400972002008003020010034500002080070000005007003000000600000900080000
000230004700068000009000506102000000096000100007000849001600300000800020400003000
000042000090000100003000079009060705000000001080523000400301028000000010000208006
000010600080000790000049050340200070006400000000603020000100060090000001205080040
104900800007006000000000509009080723060097001010000000030000200000500008420000070
040008109000067005050020073100006900000000008003800200000000480600003000001050030
007200453000004000060000087900501030000000001008000025003090000002000000001007864
006408000090000000007900801700020000080003010501089000073000080400600500100000007
070150040105000083804000060700010004000000600000804052000096001000000000006000370
000040068009083070000200903560000040000008000300000100007020009600007400025100000
000000000006309000380200000000007369000000001000510070040090500065048100001050002
090000000006402008105003007000071200500000000009800003004000671000000020000710045
700000009000200060020003514005300000100048000008001300079000026000006003000700008
000000070000027000000006304100000049000000702020580006005070900200000000063090857
420000061087000050000004003050090384000002007008000005100079000060000000040800020
000630002000045003900010000060000300080300407050890000030120005600000809100000000
400000007010004008008320000000001006052030090860009024000000000100900040290060000
904700000000005006015006030001204000090030100006100240000007902800000000000540000
070000286405080009000000010300060070000400000100700400000002008000950600800034090
050009080002000170080030600006100000073000000000020000005002000010304708040800063
070000000000407060000090052053002000004600578007000000000080300060030015008140000
007000108049000000001268900300004006000900250060850010000003600410000070000000000
300008000005007006060000847000000070026300000000400100100090000003050009004610308
500000020030009607070060004008000050050000800300000009100407090400020000200080706
000900703001400000000612050000000032076000005008095400064200001000030000300000008
900000000010007040423800090604010000200000500075008004000091060050070038000000000
000001000000307209000280060009000048400000000300006700104500300070069050050000100
001800040000000030000024906090000108380090007005607000000000804409000520000200000
050000000006040790030060500000030007000002100910000840000003080005609000007050320
200009041001005080400000206100000058000060070800030000500390060090000000002107000
000048000104005006000200040430850001060090007000000500000000000016007900000900814
020000006504000090009002708706400000200300070010050400038070000000030560400000000
000010000040003008508002000007000000000050006000096010680300091020001040150080007
050001000400300500009000106570020004900106000006400000000002000700005900000038470
000004510000070069092000000030800000000300107070020800017000000000000281040068070
009004128400090030000000000001008460020000000000720805006050289008000000000016000
095000007000200160000080039000000008040030056020016900400008003700000000280060000
000500000000000408000601270100023000603004000400006009002000800050900704000007960
000005000503000001974000000000000509000630000180004600700200130001960700000500006
030240800000007000020650000000000760610005002000000018870300000200709300000080004
300700018090300200480001030000000000000080052010403000000870000700502400000000609
000007530080003060040100000030000005000400210000001078090700000100050026500009400
800020549000704300050000070000000000030081600506090001000000800913002000000070002
060000040002004700450603020000390050006500000020000006005700300000005000007180400
000008000000000036350009070000002007726080004000050800013020000007005040200060005
050780610000003027010000800800000005005000790000504060000000300080106000703400000
068000103000000240400060000007001400200900000900007800020600980010800600000032000
000003012000207000000059080034000100900072003206000070000000009002600000008394000
070600000004000009600500310418000060000060400009700025095020000000000902000070030
409000006051030090000050700000092000000000083000800400030600000840000170005980060
000000009800000002004073010080600904000100050000004000900500020003018790070000806
150000030000517200000030004000060403082000700090071000908000650005000000000050040
000000042700200000000509800200090006050046000090802700000010903000000567006000008
001000800000000700600071009030005210000700000014308000003806000800004090900020004
001004020200000305400020016002700000000010794000003000010890000000007500000005031
200000400310000000000609000000036009090800070000010260008400510027000080001080040
070000020450900068003008015204000600009700000300010009700000000000000204000256000
000100450000080000100500000800050007070960000000001693006000100400006020200300804
059200600000700000037050100000020000960001040170600000803005004000007009000480000
037090800000000009000060070080000420903100000000087601300400000054600000000015080
201000800000970000004500000006050938800017200005000006000000610000246000900000004
609800031000050090500000200000001000081006002900030014020000003070400800000000740
000030006800100947006700210090000805100000000060073000000000000000200004041650009
000008060700300200050060014090000000004030000007480020000009040830001070100200800
000040590080620014000000208006054000000106000000090000401060000007000009500308006
001007003000090054200034006100060500902000640800070000000040090000605000400800000
790000032006070004012000900000700020000835000004002080008600000070000001630000090
008560000060000034000900500000090053000030801000078200050010900093000000700000085
049002000700301009008007320000060005004900810000030000000080200003000000057000460
001300000560078000390100000000900502400005080000000010000000079080010356004003000
000000480006040000890005607000200001000917000507000000708003009300000075040001000
010403000007090300000000046000009230900306080500004001000000070070100690020008000
090206030000090001000080020109004003080001704024000050000060500000009000000438000
040030098700000060805060001600504700000000010070000400003000080007209030200001000
800051400000040060904000018000030000000500004706008020092070000100600002007004000
700000082052000000000000605000030010090008050036107400900003000070084030005000040
062000700000004900080010050003000000408970600750000300007000000500100006000320507
080004000020090083710000000000030802000006000007940000300000004004050098902000760
026040085040300000000010020000701000004050060008006030080002090200009000061000007
000000009050008000000070480007402000000100700003680105800000500700240060130000004
004000905020800000050006043500000006000009010000204000000400170200058009009001600
070090600000615089000002040000000300930500006700040020000004000000000890340078000
000500000020000050001003098006890200497001000000004500010030800803000100600000003
006900700000200040009080036070090005000000108000801020030610000514000000000008300
059000000800709002000000100005017020000040680400800000030002401007001000004085000
061040000003860001000002300000080010704000000600075084000000200050018000090700050
000000008029600040801000200610000300000002071090700600000400000000098003308206000
000480607000100050000032008200000079008600400490020000000000100175000040900000003
830000204020060900000890700000000000000005070700340005000001080100709002050020030
009000300000000098010800654000008207500004009080031000705003000000000060000900105
780400000004020100200085070040600000000301000630070000009000030000200601000708040
000600970000000806930000004010309500084000100390000007050020000807430000000050000
001020000000006005009870400900000140600008003000007060040000950010054702000300000
500000030600007050083610002000701000007080021000040706000403900000000010006000300
000080000000065000010000053030050070000090080006004905009020060020800791040000200
000170500210000000400050300090000000004807209060400000009003010000610004030005700
000000000017008000000070035009000517008100002003067000002001800000600400080305090
800003010076000500000000240080000006000100300200590000020001000500074930000030072
000000089070004000001072000102000000047006900680030400060000805000090040000701300
000950700500000030030000460070006100900080600020000000001260900000801000050009210
000000300000086001000001590840010023007000600012000000050000760060407000000903008
000600400070240003003800016000005001000000098012000007050019804800070000040000000
000007020005100600009200000002030001000000430700008056010080005084500000090600007
001040060900010300000000807030050001080200000120900030040000920200000100000600084
000170000102040300000305400083500200000007000970000004008000000420000560010006009
407000006300000010150600970000270081000501000006048000000000200008450000000000039
001030800007009000200000000000000002004560790000080060080001546000053008020000301
050001060000000104000906000002000070085012000700000850009540006000060030000800907
001005003007003000000800109000050200400000300800000540012030600060092080000064000
094000000702605001000008400600000000009703080000001950000090300200830100070006000
000000459000005008000090300003008100007030200008420000200540000000079006064000002
000700500740001000200800006006000090000070108008040603000603702090000005002000030
006009703000070060200800190004000030970000000020004000000000850830027400000001006
000000001750200006100600040000000054010370000067050309000890020800036000003000000
005000000602009503000680190980000040403000700007000600200100000070900001060300000
000800203009106504000079000000300700000020481900500000285000000300000000004000038
200000501004000270016900030000000300940000007500010000870006090005700000002309000
600040590704090100090000020320070006000002000000910053000008000060000070000050042
000007009002000043000100000000040095960230000030050010600000000020600407040800602
040002500000000218100063700070008000000500002000030694009010003700000000034009000
000960008000000050002431090090000000500019800000020300300006000004000902200003570
040013000000800000038000012200705608060000007004300000000070045007000291000009000
060000003000008200000230497000002064800900020032100000500000071070000000049700000
000090004000804290004000051000000067010079000002600000100538000005000800907020000
000040001000200000700098600508000200000002503003010060870900000004070000020600450
000180090002003005008007000000940700600000000001006304500070800060050142000000003
740500010000000500000009804000003020500078300060000000006030000850061900200400050
004008070000001826030002000600000030090000608020076001080030040000000009002405000
000000600043000508000037042070000000602010807801000009009020700000080003000590000
020905080100020900000040051700603000063000000010007000050000706000000400008069002
074008020000700000900030000000002005800160702010040003000010040080600001000203600
000048000900500830300000005001830006506007002700090008100000009020000100000004050
900000586008070004401000300002010900804005100000007000003008702000000000600040009
000070000090005002000028043000000987000060120180700000001400079600090000070000500
200000014301000006060000000008000040020600000090750320000004750000280003000091008
000700380630400000000060520009054000020000800800600407000106000000009170503000000
000030000903007004000204060790023000300070600650001008000500170000040802000000000
000900000005030000000025068870043020060000005000089000007000010000010904001002057
300008007000070100000100600470300000090000406500000071000003010008049200000200540
009000000700200805020509006060000500080000000001004702100060000000401089000080230
005060000000020000210070050502003100080000400006000093700506300000980004000007200
029004300350002900010000000003000072000000000000680003004001008086500090090260000
009005000700012000800000910000000500090030420050006071402000006030008040000029000
087650030000008009090420000700000000000030075306000010010792400400300000000000800
070003040000000000806049000004000720750004830200800590001030000000720000460000000
200005060070000302800020007000060001000200000700000943000003754000040008005087000
050600023080009600036000080000300012000060008005090000000900000807501006000000470
020000049700509010801060000000305900000000003600070054004000000000208000000006298
740000008000910060000000010200003009000004600080600200057000400008100570009060080
500067040000108000200500100000040005030000007000000890004086503020000009300010070
008003000030000170000620080003406000000800950009000007400300008905080004000140000
304017020090800000001040900005702064008000005060000000010000700000685300000300000
087009503063005001001000000070408000000000907056000300000100000030200000000950410
009000800070005004006100000040061000000200401050000970080432000000918300000007000
800601000600700005000043200701000400030900007080160020002000000005036900000000040
400020005070508000002004060000900000004102053010000006036000004000070000750009010
080400070009000200000002005020940000008300600000000840000524310000801000270030000
000050003000820400090000271003201005000005000002000600006583007041060000008000000
007056902080100006300900000000008000052000370009070200070090140000000000100040005
487069000006000000000000040020000000000504030050013420908000700000008062070000903
054070009000004030008306000000001007560409020000050060000000240002000000090000516
008000021010005000450000930040600000003074000082000000000008640026000010000230007
000060089000509703000000002000046008700008000100925000080400300090030000052000400
002007400000000280080000096004090600000150020000020000027008050491000000600070100
008137960000408000000000070000849000004010005000306000270000890009000400060000002
000030701000800060500179000000000009300000100076200003090580007000004900000700210
800200705050006000091070000000080500120600000000004010080009400604000000007050032
000000900310000080000800070080450006020000009001000700207080600000760040003509010
004000000036280000807000400009007080200010650700000003050001002600000001000806090
102000000004903000090200070000090000040700032000030965500800096008000200000005001
950007000040000671000200000500690200000000000000100580400008000080521300002930000
000070600090150003004000050900387000073900086005400000030000005050208000000090000
000900010400000205100050706200006000008003000005082040510070080000060000020040300
800409000234000000005000000000008000300902700000600850000200108068001400000075900
730240008800000010005600090000023000600000000009060102000084003300000009000070840
050003000093004170000000020006000003004500700070000046280000000000072900010400830
016400000000000030020800060100900005000530070090006800001095023079020006000000000
000702001084096002200000000090500100601940000000060000530000900000100070008070400
000000406000019807040000030000008900004602000005031000060007001010286004000000090
530740000007016008080200006001060000002007030900000005010000970000030800000004060
150000030000517200000030004000060403082000700090071000908000650005000000000050040
001029007006100080490000000000806009010000730000790200007200001008040000053000000
100005006005000004000309500053900060000070000600001000840700000760000139000090080
906138000008706050000000000000000943000000000001094000027000810865000700000070020
160020000000000300000300500000810420000002701700000000049008005200090080600050140
000009600600000000790041080010004700000030000003000829900085007005400003000260000
000603904400001700007000800900000000608907000500000008000005000006400207003209006
100000068000007500300950001000030004600000070000004905590600000006003000703000120
009000036070003002045006090000600000004050000002007005006130000080095400003000080
030000000905300080100046900600200000000009701200000040050008004000600002000002397
000003050390000000007508013100309004000807200029000001000060000740000060000000028
001000000000000680402710030090200060006394000020100500500000840003000002000030700
100900002604000000900750006000008040000196080050200900000007004010000000000380609
200050030580301070006070000005400300060000007300910406000000000000090010100000509
103000070400000090090204800005010700000002061007960004068000000900000000000037006
097006000500000398800000062000059000010367000006000040000010000030005006780000050
000000700001008000460109025090504000000900100708020030902000010000300040000000670
050200106030000007068040032000007000005060003000020871000006040800009600300000000
046000700507001800030000002800079300050000000000083160000095007000000503900000020
200003100500800040086005790000024000000000000003100070607050020004370000008000010
000000890000604500000030060030000017700020900000070052408003070020000000007091400
000400002000060300048090700000008001500100030900020000005800003020050000300047068
000000008002080901070000020000007509200006000600015087019070000000003000004020710
300000010000000900000200006700614000010020308050008000005000400093700200201030009
780010000000008000613000200000000407900002800000400010050007023100000605400300008
000204000002060059000050430600001007500002000000090800007006000430007005050080003
000005780004000063090040001000010000430000002200500070000001008050060029000200640
006027003005806000204000000000049000000085060000300010900000070003000025010000346
030000500020000004508040206370002000001080040400030009005900000000760001000200900
006100208030000065009000301000605000090017000080002000000006400050890000402000007
007008600000030007205096001000000050000000008009485703000260000000000349100000080
080067050000004069609080000700006400001000730004000005002870000000000000000301204
000000001000087024908600000000000000001068000065204000200000100070040085300006097
500003070020000008070240030900000010000630400000087050034850060000001000050400000
004700020030900010050000096007002100800000000010684700000467800600000000005090000
008000000095000600060001908000000109002300840000000035204007000050008000000403061
005000340000000007600010000700082910000000000058006230000290108090350000000001500
080400060000103000040920810095000000030000009000000208200751000900002001000030004
802050000090800007600000003000006791200004000000095000000008005320000060005030049
002000000000000201100007068060400000009000004030021700810000040050010600004002305
930002004000300050002060008070000000100570300095043000080090000000000027000104005
000000000040700089590000230070380090200070000306020008000000000650004000904003006
090010400006000020000090501000005230000904000040060800000506380203080000000040010
000800000000052609000000140040708900009010000050003000006400071900300000831000004
001006000000900001300700900080000207009000410000015090004000162800000000000653700
000005207000006000407020038006002000050073040030900000005600074000001800000000053
002000003806005000000478020010007000305000047000000900000004080107060000240030500
000097065000200070000000040005000000030009000040360020700000008008105207093008004
090020040000600700480090230000070100500000000000000985007084000004350007000900008
540030700000000800800900002080090000030001070000673090020810060400000005000006003
000060020000030008900070500007009610000700000800010090020001940090040702030000100
050060010403009208800000070700000003000350000002000460006073100000100007000805000
009002000004000002000041036540070000010050800003010000000006783000008004006000520
107800400048600030030010000009000208000104069600000500200000300000580000070000006
000100700040000000906000840072000600084260300000300400700053100000081000000007005
503700000090080002600005040086004230000073008000009000000007196040000005005000000
080090000900000230072400009005000060040516700000008002020000008000000100000247600
000001603010206800040700020000000005000018790057030000000000002600002104208000000
650010040000029580000000003800190000000000060000400930938000005000008002010057000
950000001030058402007030500000000000500000710700200306000000600000064003890000020
000209000000004030000760001010000008008003047070010950007600500090008000005000403
000900043004081000000000070003090500009002000780006001001004250000010000936020000
805607090000009000009400005130500706060000340000000000070000004698002000000700001
400060075060302000009050006003000400086190030002000080200000014000000000000700950
079800300500009000010000200000900028800207000060000000050680040000010093024000001
000090480900003050604000100009000008300680090060000000000000504200158000030007010
020000000907060014000000800003000607000090020601200040050001090008000000700005168
003080500004000030052070900000030640000810000000000029020100000600053000300200850
009010078000502400000004003204000895065000000000020060080300106000050000600090000
200500601000000020300006000800030000000091300000400078000070064080140002007000130
000000920000082007009005810900400000300700106056800400000000000280000061700001000
000047020000000900200080006103705604002000050000069030300100200000802040000090000
400000006300000000060003008000905300002000607800406000050781004020030000708000900
023000500000000036901400000000007002000501060800000050000905804504000019708000000
070040001000000400020001003000000046590000000402000809007400600003008900000960207
603028009000007430050000002005000000071690004040000390002910000000000000000004180
000190007040002000030004150500020000008001009497008000600010070001000005000000630
900083070003090000750012000000000507087430020010200003000800000000000154000000006
280006050005000001006000007000793005104005000070008020060000070000020400900300080
041000007070080020000000105000001036000000090086070000592014000008006902000008000
005102300600000000090800006000400000000087009006001072057020008000090167000000400
600028400008000901000530000080600000001000000306402070000006702010070006000300050
000036870008005030060010000007000609040000007000100520906000000000200900010003054
402081000008050300600700004900070000000800000007360500000000817000430002000908000
040009800700630001005102007574200600000000400030000020023090000000000000400008050
007400100010000000020056009003000400600043500002507000170090006400002900000080000
070304000005002038000096070000000003634000500000200090000070000008401600049000080
000800000000001375062030100006000000000007040081649000003000020600470090020000007
080000604000000071047000000051040003300900010600700020000090000400010037000860900
100030000070902001000000087700000056400000009090350800006000090000800200309720000
007605009040072100000000036001800000000006001009400520200083000000000000095000307
003800020006950000840020000005000084000000700007091200000700060002000050500600803
900430002304010506000070000000800000007004900009001025002000090130020400000000060
610000000005004000320000004000500001100709020080100076000050893000000002000810400
000008006000000250050004000000459300030070024700020609000000000003086000908700040
006908007000005000030700604000347000800000003004020059000200000009006000270004080
000020460002007090000030070020700159007080000500400000030000004000900300870040500
298105000005080002007430000000060000710000040000000530900000800006800005002009004
500000100003096057000100090070050619600004028050000000090000300008000006406000000
000700050007800190006040070008970060201000000000000020000200040002008600100064005
000080100000001329070000000050000000000460080600295004005000900030900000010704806
004000003060092005000000912070000090000000501300060200057000000003000089092100600
005270000000900600090000030080006002000143000510009004300008910070000500009000200
001208060067000100000000000504003700000920840002000093700010080005000020000040600
038600500000002400704080000000000160071004900800901003200000000000070305090000006
040020000000040097700003200000004001000500069000100030170200005008000000006859003
008600070000008036040100000920000003000000920005000607560049000000007000090003708
000830950000000002080906001038105704100000000004000800070003000000060495000400000
510090070004001080009700030601000009230010006040000200000024000000000000005100804
000060040000019200002008930700000100000050369603000000000900080307002000009006400
000198500000200030500000000200800000000000346013604800000000153100000020092000008
000000040000058002000600010075096000004000900013702000000401070037000080200080090
900804060870000004006020500500000008010790000600008000030000040000019007700002010
004073002095000060007000004450001000000300100060005030000108020000006000800290070
000060500020170000700000030000050000060900825040020706000040903600007140300000000
000004600050800002000000900000008060083000070402509003520300000000600000136705000
105032400000000900000510008700000000004206000610089050000000000000147000507000064
800000000002000079000590003006000020000208060104006300000080000500907000039065080
030004000000038561000006400090000002000700000301040809000000040400051006072000900
009000057002000004000800200600100500140076800090032000000010070000007462000040000
000000003040209000010000790000703650500001007000005028080040000100000000793800002
005090006010000000900000050000100203007300000000006900584060002600002000030704018
000300000005000617006071890010000060000006451000009000000090008000003170021040000
000702000100000603700501004010090008900000500000208010200000100054000360000900080
000348010000001403000029000680090300400000000002010045000003070020700060501000000
607020000000004800802070400030000000000240007006190040054001000900000000700560030
100050030400000900065019708000940003007000000300805600000000800050007000090600001
300098000000250000008000500004000800020000009001030056000009200007000040082704910
000000090002307080090000500050004012041700950200010300000020036007060000000400000
000200009009000007002040000000070016007060800081950040004000000000080020090100368
094000001000000308000009020000900070000016000100705809060000002020168007000070005
900000107000200900764000000000002000000504000000870050690000043100900508002030010
590003200000002000020090630000960005400308000000010800008200000006080704700050000
004073106000000000200600048006590000023080600000000090000004321100008900002000000
000007000000160035045000062008002050503400000007089006000016009000700080000000010
000005080008000502020600403000020810070409300002070000009000008000054000000008690
210070050006001002000800090105007008600000300900000040000032019000000000000010435
000810000060370200300900000090000002004000000002004057006000000008000509021700834
003000406040000090000001580007093000608050000500080000200000640001009300000007028
060000040002004700450603020000390050006500000020000006005700300000005000007180400
006005100000809000000024006010700020000006004300002070501000000070000900204081005
000500931003700000090020600000218060000007400000000028306000005002090003800100000
009000800070005004006100000040061000000200401050000970080432000000918300000007000
001040600000007000000695004900000000000802140000400032083000900060010008010004050
001000006004580020020670000190008045002030009300000000000000407500107002000060000
003080006000000280094700100130000050000900003005806020050400900020070300000020000
003500800406800900000000020000010705600980000300000000000054090200000067965000030
000050000000007002001900400403000080050000020007340160074080001200070000080030009
004205000620008090100070000000006008007580030000000104060000200030000040080194000
000003084000050002000824563070040001100000900620700005700900800000000000003000007
060190000000000004009060038007000083901005700008040000300070006000410007000600020
008002790060080000020006108400930000001500000085000000000009003000470060009060002
000062005600000100025004000700008601000056803000200000000090700004100030003005004
000041800300500600000008020000000003005600000040852070000100900900000001018039200
002000000003700100906120000000000009100009204507300000400000761000000080075000093
600430105000015800000070000000004020020601000100000500007800200000040000030560047
000903502000200000000010009009032060061407000700008300020001000000000094005080030
000008001000410703000060900000300056001009870500000000006004500700003018420000000
700010009000002308000000410025600000004970000006004000000058090000069250100030000
000000006004100002006002590000030260000008450050000007000029000170004080900610000
070000540000005010000678000269100000800903000010000060002030000000004138500001000
700000020000016000000900105000230000039000451800001000010300004050070003080504000
526000000070020080000600070005000103760080200009400000000000004900850001600040007
054000012200000003000000940000700000010000800500028060092060000071045080000003004
300048090070000002800500004020860000100000040059000001001680000006090020000002030
020050407000270300600000010000017000050004030090300600200000009000508000810960000
020000507076000000100900230005000600980000000000384000007050000030870050000409060
001600004000425000090008006230080000100000003040500010082004700000390650000000000
702010900050003000600004002000035601000400000800090000000000400170650200000807005
005000100098000400000040009500021004300000000000086020000803207070900005100600800
000090450000428010000000060400271000000000206058000040000700000060300500107050008
020000000854700300000001000300800010070005600000002004007600139000000706900080005
000700000210000060800000700000162370000000000000053840000640021500070008602300000
030020000008064007100000600000501709000000058049708000000000095001405000007000006
059000000800709002000000100005017020000040680400800000030002401007001000004085000
030000082045900000000000000050040100002060004000001620900804050004300260000000039
400300000000002300180007006004100002750000004009000000000060078000014090007800403
001002046002000000850070300000130700403000010000400050070000009060050031108000000
080001620009000700000004030092080000004035801000007000001060200700020400000003050
059000002170000000000000690014029060200004010000076008005080000002700583000000000
000009000090700050600004000004090782003000500002180406020000014000315070000000000
000056102000409003090000508000305000030980004008000700000010000071000005803004000
821000000000010340000007009906500007040700130005002000050908020003000070090000000
740500010000000500000009804000003020500078300060000000006030000850061900200400050
000000050009801007040030600000040010362050000000308000201095070008000900000700100
308050001052000600000906030000041009005000200000008000003000100000002090020670805
000000008003067400050300090006000000000742000005010829007000006090008070010000250
006005000020000064009030708703000000000000346100500800000480100907000000000020490
003000150060400009010000040001980000007200060020030008005809006000000027030100000
600000000003510008000020640080602900030000050010070400000009004000043005190050000
000600070839050400700000009070004206001000040204800000400000810000210000000409000
070000002000070900106000030009084027000320000400000090507000000010060005020100803
009240350380500000001080000000030000507000104000090070700008003008006902000020000
000500813300010000060400920470600190009008730006000000000000200041000000000075000
000370060002008000001000004000812000200050300000000906400120000600000540083005007
002000000000900470084201900020000010000407600100003004030596000000000509000000280
003000905008001000000000100082600700060000058010900400001040006407130000000089000
170000046500003080004000050020040009007010000005832000009000000200006108010000004
062080000000002008709400010008000005400007800600100003000059700000000002500264000
008040000035016090400000050006000000800520000700000531000000020000200068060090310
000000000000090250000020894060100720100204005070600008200340100010000000090000080
000406000200005000000000184800600000000000009671020008009000000100200937003078040
004005700700600910000390600000806470000000001080050009000070080051000020008000004
000040300000000500030060021000600905300700410000009000004398100060100000500020009
500183000000000010000042709800000600030200900100600005000070000008010490000405070
070209080900300600500040000000506040700000100402000053000000000000851000086003002
007402000010009000000080090070001050000530006090000840045800300030000420009000007
000105008002006054007030200009010080050000000600040000000600410080200096300000070
000000057000502000009003000090100300030890002001007046503000060070000005620000800
000400071095000000043006002000000020870040060030760000000012800001090007000600500
080000000000036000060782100076900400400000020000000015025000060003000001000090273
029004600000008070410096080000020050050400008700009000070000060200900000000300140
008027006000000309000900000070040010510009000090260000000400003750190800000008070
000400000001700000800000007310000000605907300007500002000000009043609000020014670
020048000079000601000007020000000470000070006000085003004300095500009304000000200
800305010000006000007000420600070004001000060002000958009400001050007040000090200
024000100005080700000004092000030047900000005600507000180640000009700000060002000
000400057046000009005002003080006000100000000067500200000060000000021794008007100
020000000903080005070040610000000050580000060001320000060070000000810700040003026
000900200003510004400008070900030012600000005000006800070000008316000000000002103
010063004060900008402007005204080000030001000000000040006005070009000200700046000
360000490010080000000000700000000000045300670000092030230000006094150020051000000
000007400906000700080301000030805270060000050000000004000008109000406005120000600
000050000705900030000000402003800570010047080000002010200403000306010020000080000
003040000000100609000079050006030007070890000802050100500000401009000200061000000
610000000005004000320000004000500001100709020080100076000050893000000002000810400
000000070040000096600003805002000000180040629000007000000098004014000002093200000
201048000000706010005000000000000720940300000000065000000000802860054000030109040
800092000610300700032700400000000350000805006090001000407006009000000600001000002
009004100070506000005000090800700003030002800602001007000000030000040900000010468
050009008800007000000000690000036001002400000006700940060000500400900800200500370
000700039400002000032000000004000600010000000605031040060800000347005006001200070
900700504100000600000060070300204000081000000500036400000008900000095001205000030
004002060000003902506000710000400008003000500000201000000080000740000300600090187
010000680065002030000093005001060070400000000000054810000000700000237000030001090
030002500000700030800004170000290000700005000105300090000000000004153680000080004
000004530075008009004200070000000760000000800800510003009030100300900080000080005
000830950000000002080906001038105704100000000004000800070003000000060495000400000
261000000009000040705080000000104008000200050132070009000520000000030806000007020
001340080000000009700000000000002051000430000000610403600000045043080007020070800
000400005020007000700109030068000002100506070000004300300000800050600090070300001
000008240000009000400050007050000380309000000010063090100005060000002530003800400
006000000002037900150002006000200040208006000000080007030008012000045000000300508
200090070007000210050100000000000050080000042006574080900003000400000000005469300
000100065009004000800000000000070048401900620700060500006097000032500000900000003
000010000000020000000009013090100768650000090003007000020008000908043600070000082
000001000000004009307600020003800900406000051000056300200000004600400005010067000
009073000060050003000000004002500000010000607600002000006800030800100469030090001
500090030008300097007008000806000000000000920900140050000050071000003500000200083
900300600107000350000002000040070000800000709010240000000007030200600897006000200
000062000003000904060380000000001630006700001305000002800100490500040080000000005
000020009900700010010000428200090045061004000003000000000057000306009000000000276
040002500000000218100063700070008000000500002000030694009010003700000000034009000
007605900000090000600003005300000002004910000200004086008000759003000000000500210
002080000006700980000905010403000060000003750000000001000839000000000020094052100
000000094005420306000609002070000000100800500000040008040000000500080003012093080
000020018000070609040580020050009000007400800004700000600000070200090360000001200
080060020000008400060207100008900050000000007600084203459000000100000340000000005
000040006030500801000003000000000060000258000040000100028039540001720009700000600
000000000002004091000100000200000074070560008010000500063040000500380720009070040
000000380100070000000620004200006570060700000000000030010800090090400120074900600
300504000004000360107006920000001070030098000910070040200700000060000000009000001
009000080000608050506409070060005001000100000020000060900007003050003400400020500
800030090000000701000602000032000064600010000798003000000000005005086000003920010
030000500020000004508040206370002000001080040400030009005900000000760001000200900
090000203000102006070040050800350100009401000003076000000030007000000090020005004
003080610005020000210006090000000100000037060000205080057000900040000073090040000
000810000601409073000006094000080600970000000002050400003002506020000000009000040
000000008957204000000001005500040069006010200000009073700000800018070030600000000
400009000987200000030000000070000080200041590000060403090020040000000300000906801
000400010009600745005010900000290300030005000487000090000060450000300000600000080
107800400048600030030010000009000208000104069600000500200000300000580000070000006
009002003000600050000038640500000001400801097000700000090000010700000400006480009
000104060657000200000007000340009700000600913080700000008400000200000000035001006
007800640000205000608300000000000003009000800006070021090020010002000400804900030
304200000900004200100750004295000003000000080070400600000000852000080710006000000
800005030004600007031000004300700160000001040000000000007060300020090000650210080
050630049000000100400000000030850790000403060000000510892005600060000000000010002
040000700000010580918075040780000000500002003020907000007090000000000362000004000
000040005100030700000200010008360000001002539009000040070900300300000008006700001
900000540000700082020010600000400009500086000100200400200060000000053006039040000
005042007040701020003008000000807056600000000030005701500000090000000205000900300
000005001140000900700061000000930042000000500000000009065008007018300205004000300
000500000600910078090004003000000430000047002080002001002000005069300010700000090
001000070502400000040000016000000628000001009800750000000028000900100000000540381
800005030004600007031000004300700160000001040000000000007060300020090000650210080
000000000004600020003010400000000860020004013000060700750200008200308005030140000
008090000104003500000006204000400000021009000500360000005900081002000400000050309
002000005006752080000006041020000000041900003009005000000097000004000602000023800
020090080360200050080000000000510009000600040032080600000075020000000090703060005
000006000010470000820500000008601004000300700090002060080000300900000801600007405
000000060000000108000072045090305000004008900280040010000203000500600700900000504
601000007050017009000502000723060000580300000000070500000240090008000001040000006
000050968000060000030007502000005700060492003500038000900000000100040300004000070
020005000603002078100090000800000100200500097000016005000000940000073000908000006
209030700405060000000700906000006007001800020300000400050000002004020009702000300
070010009000070560009300400100009034054000008000000106300002000762000000400090000
047900800009820005030007000700000100000300000000010968056000007000080000390000520
003020400014000903000004000000007000068200000000800059600000080000009070042780301
000000709406000000700002010004083000005400097001070000800097601000005000000006803
010063008000002600000400005860020010009000470000001006050000129002070060080000000
210000009090304000600001008000090030007400000000703006500006070080030020020000805
004000902900708000050000000062000000000305009030200657000000020000659003780010000
000560700007003400002010009000008000001007002000020108000402037000031000026000040
000048000000020001697000400060004009002300006010000800249706030000805000000000100
060100300040072000007036010000000500000007081500043020000000060000000109030000247
000006050000100080030978060156007000002630000700010000200000900000004020500080400
000001000069003000750020801400608000000000610600040507200080070008000009000005300
800029000016007080000000052007004000000506090908000340001005070400000006000300001
000017605702008000000060200040970002000000180000052000009000700104000000005196000
200006000080700030000090570004100900007200000050347200890000004000001020003000005
906001020000000040100000000000000004000080290070490081000005039500000600600103502
700000190000649008000700000400000000060270005030050080009102050506008070200000000
080005063050000002006020008020700000400000030508060001010870400000900710000002000
007020400000018000000005109409050000230000058000007000090600800301000006008000905
204010000070000090560020100300009758700000060000080200000005080000040603008001000
060080520200906073070000080080004000000009004000600008007000000015000060000527100
709050410805001000000600030008000520000300940470020000000000860002000000090004300
000000000053700060720049000010000080506000020082000396000002007000401200000090001
000705000000080310037400000058904060000060008040051000500000003010000024000200050
000048020000009070040500006806004250000103009009000000390006000508000103000080000
600100800000070050000405070040850000050090006023000000030000008109006024000040005
000000602080000070070080590060703000000020000235009000090017000340008000008090007
300000000060700000001080060273010408008370000000040000100000090500200084700006003
020607000001000280068009000500701003000000640000030001200000000000300460090012030
010020300009000047030704000000408050300001000406000002060007090000905000000040015
000003000010000607400060321300096100020500090004000000250300000007000008600040050
000009001000602530000007420030014000000000900060000048004205000379000000210000090
400000030000008900000109008000500002030604000050090603109400800020050700000006001
708000006036000070009000200000700390800900000007006012010000028002408000000003005
000010000000000070000609435006005702000007009002800010061000080870000003300000107
000007300000500002200400890000001000400906000008070006076005200000000537001000604
009045030080002000000000248003000015000000690800760000028000000000009000050070983
000080090008000040605200800901000050083027100006000080000901074000035000000000030
080020030000000070000801900000306480050000000000084200520000300000040001039072800
000069045002000708000002000000903010450000006080400000000700630017005009900008000
000009085030600190400080000100000002006090000027000600001500003305100070000006001
000054760000000000000206590007000800918700003004009000040508000201007000000900020
000600000109000054070400100060730010000060200200500009000020000840010702050000900
040000000000017000000600503030070002079005010000901300002000008004090700008300904
900000620004000900000000070500960000020001090001000802008340000300805000000296003
000000000900070135000500002026980070000740000000000089090000001860000057002003400
070900000001085600050047300009601000007009000000000850004020080020060705000000002
000000300004860010250100000009200000500090608080001007008605000300000900706030000
300020001090000708050001000000002004700930100003008000560000070009400306000070050
900000000010007040423800090604010000200000500075008004000091060050070038000000000
600004078000030000080000901090050006000000850500700000008900407010060003300270000
000400035023008000700000000000500641840206000030009000050000000008300107002014000
004600800900008020000030000031050000040010638000060400006000004820001000005900002
030000200060200051050009007070000000000006009204001000025030080007054106000600000
000600000000209000306008020490000700000000000007500832100005300920400107000700040
190000300008093040003050200007040000000210060640000070030078000000600500200005000
000007300000500002200400890000001000400906000008070006076005200000000537001000604
000600004706530900100000000280000130000003047000800005000090053000008460000204000
001009078009500200003270000900304500000050004040607080107000000000000000002000305
120009000000000070900035400000000030400807006210000009000070324000580000041000700
001000070502400000040000016000000628000001009800750000000028000900100000000540381
001007004004300780000804000200600900009000000300000100840900300603015000007000005
000509200708000309020008000080006900000100500004030010500000004000900650047000800
002007003090100004060000907000700050000048100004905002000650020006001000800030000
080090056000203040010080000001030000700100093508002061000000200400005000005000080
002005071004700006900080340203000000060050000080003600000061008000070032700000000
030004200080750091009002000510000000000030106002580040000900000750000009000000503
000003040087006300010500087060231800000000060009000420600008070030024000000000000
004050060000008300360000005000060500020070806930040010009000600005120900070000000
000607023021049008000000000006000000250000060807000100030000000010506804000071009
060014090005060100020700008000000002108900305000030010009100053000600020080000000
907000005000000080860079000072500000000207004600001008000400003000006009010908020
405000009703000000000009010500060000000700008000000763608204007050000000070510980
030000000000000809000100046083070400007849560000006700040008000100063002005000000
300000000000708000008406000000000090014600300050010804005000007009100420070390050
000023000001700000000480070000302064005000907090006020200000010100000609007030002
703604000000020490001000000005003016007000008000908050006000009000805000050370001
010700000320000400060040721509007008000360000000910000000004600040200080090000300
038000206002005000000700900003960002010000405070000003000000004000006000004138069
000600000000089000009001004030002000000004300050090021008400060362700048004000050
000005000000210080106007900807000200000000000400060109080040020390706001000300004
200000450504300000000000890700000300340001020000006010075069100400507000600000000
007800000806009030032000940000070410001000000000320600000003001508000000040000786
090070004602000000013060590000000000000307000000201735000000340040006270100009000
000000008920000000003605000000017004080000901690000302030100060000796400040008000
030000506010006070008051200004600080100000400780000031000000000000149000600002700
100300090007002400025009003001000000050006008800090620000000500000040080430000206
020000000018300060060000900000030601000007423002050090000000000005879300100004005
080020090390070400400000053070009000000001302000045000900010006000080010000000784
000040600003012000029003100000000000801030700070000040200380960700000000004709002
003008102000005000008710003000000728307000410000600050060050007010000890009000000
000020000000010002900060013050008046600900100040000900013000080008003600700004001
000703100000020407000080039002000004705000090090000300800106000023040008000050060
700030204040080000695000003000700050000500000018060040007001000400009610000240000
005000400100608000087000001040050093060001805200800070000000904000009600000004030
007040000009070805080000000000000001001500090005200407090003020200019030008004700
200007000605030000008105207000070000001200005007003090000004600030010902000060070
040000000019500000086000095000902401000007000000060007290000050004050008070080034
090002030007400009400000007000000203106004000020600700000080104000025000810000390
000040050000000287009000001530600008090000040010005003001020000057301000003000809
002009008680205700030017000017500000000000003000000204004300007000008046000090020
010000300000061274800070000000609030000040005000005906002504060008000009003000010
083000006000000900010420700394100005000000007000060300008300259002001000500000600
063014900000000100010300607300025080081900060004600000000007000000000840005080000
405000080000000000200000701170000000000008000800650000901400060007026013004070850
000070003010000070000400601001500096250034700000006000098000005300002000004000309
006000002507080906000090587000000320000409008030001000310006000002700000800050000
000000000206400008000900207080020900012600000709051300007003000000000020000010835
004060009075300004020508063900070000002809000060000005080902040003000080000000000
060000300003090518009000040000080200000070031200600000002000090680003070000048005
000000970000000803000002000090068507180003000003700000062080000000010080030970045
000000040017000902000760800000006090465090000000200700109030208020000105000020000
000009806204000003090040002070005000900700300080300400000008000600000504000091607
000000730000072605740000000853004000000800904060001050000000120600003000002140000
000105063607000000030000900000020008093800000006001000085006000000000102009314600
006000000000001830000230005002004000000000329500800000090740080000000057067302100
000080401706000000043000005009200000024630000080005203000000517500093000000000800
000031008060000004501060090028000150000000070650009000100002000300070080084900000
150000006000000008008401003002003600706000000000010200000506080000074050090800107
600900004007000000800024109049000030000000607000047002008000300000080720002510000
405000060230100000009060000057000010004003000000090007008000039000600158000320040
090000020000020070700609504070800000402000953000050000060002000300708400000000608
005008900020030506100000000000000051400007020070080000004000060980045300700010008
001900008000203900040000000000100403007006002410090000082070030000038500000609000
700001800000000005003002010200500460000704000008000502001009000050370000480010300
069000071000090500000002049020418000000000700000005002802079000090000023010000600
300107000400000020500030008800201007000060010000983040000300200080600001010000500
090040000400060003015800009100200070009003000002000300000000740650000200040001530
000004052300200600700000043000620080050000090801730000000400000009100830400000100
000000180805000096000090300900040007500006018600005000000803004007000009020400800
090000650000000001024530000400000900200009005006100300000070849000080000005090027
004000030100560900000104706000070000900000000025300000002000071093000602000608040
059004060000601000800000500000060435010500000000002000090000008200805001000390046
002000003480000205000100400803690007000004000000270900000431000015007030090000000
090070405350000000040090080000000000008004500009307060000006000072049000000520107
070096030000001206080000010092080000001007090000000703000405600000000000604008501
000000007008260400470005000540000029607080000100000000000100003001926700005000002
005340060000000000000080902003006020400500100010008053060000030280000014000010008
000000080001006000048037520003040010900000004080070900020000001000805000305020800
020080009603000200000004000000001008000097534004000000008010003000009746069003000
200010065050020801000048030980064000000800400000002007005000000060007200800090000
000094000000000005700006000003000029060930001402000000020700900040800050950060170
000005001000607200080230060000700030000068005400090080203000000005000000901020504
010000000000000803000064000140050000003201584007030090004000000030706002090000035
006200010000070000042000009000309850000000003080015000023098700000000905670000004
007300080005100900340000007006000152020005000900000600000047000060030090000800204
