003500800406800900000000020000010705600980000300000000000054090200000067965000030
000600000000089000009001004030002000000004300050090021008400060362700048004000050
000207000700349102000001600385000000000000004020050000030000090400008070090002308
000040000500010047800500006230000005005003000090000780020806000340001500000200090
080064020090000600400000800000080210000390040005400000000030056000009000004027093
300091700540000002000000000600002184003006005000050000090070600000013078008005000
090107200005004100002050609670000000000090000000300090000040010000001076000632005
690840000005090000003200000042007100700080090000031050000000009000000285000020470
006000804073000000004000570000090060800100000900502000001020706030010000600040109
930004000000006000020500010000000000003609002280030100000103980007950200400000050
003800000500030090060075000000100300008004600000560700002090053070000200010002006
000010000000020000000009013090100768650000090003007000020008000908043600070000082
000000004003070060004100000706000800040000520050009000000025900087004003500060402
000000010000092700081004500590000204108020000000000070900010000007000030002057980
073950000000170090002000004009020010100503200800000009000000006000000000056410032
020970000900003800500400200850000600000840003607000040000100700001004000300000051
400006005072050000900000200006000001000000030539008004043005060000100000000030578
809000600000801500017060004004705000070000030000090000000000400080073100501600900
709010300100000006000000087000000000902000001000025704408063000001002800600090005
000500080050009100460200000037000250000000098000000700006001900000004501003907002
000004000050200000030007005048090100000010240100003009000000037029001008000070502
600200300050130000000000004008001000000000000000009706006500007004902080007068452
105006000000000040042000501004008700030402095090000600000670000000000007900500802
000602004900000000008000791000004070030000906000100200090047000040009500205001030
000000000000000913000961070000006005070000180400705020000000000756800040204003001
800304000001090000040007100000000964000008010405200730203000570000050000007000002
420030000005004800700002045002000160000007008500090200039000070007000080000060004
100600030003000074000003508010092000008700000000800006000080007520004061080200000
010340067306007000705020000004050000020060008000000279000080900000009503000003000
060090004000350000407000000070080960002100000000076020000035009200407105000800000
006902007210060030000008000000004720070000006050300000005040160130000000000010870
020030001700000000004800003000680100006290000950000800602100040307000008000004900
000080000002000495104007020080600000030900061000003508090801600000260000000000007
040000000020650000509000006000908300000020010700100690080047000000000940100060085
970008305006023100000006000200000080005000000109600007000041076000000090060000801
090000007000030090007000280006507000000090620020401038400000162000050000100300000
005072003000000010900050020090208050007000000800000309700000400004016000050040206
904000003020400700500802000000000650000009000265000000008040007302010490010080000
690000000082000070000138000050903000000000040020010600003005084000080007000071306
038600500000002400704080000000000160071004900800901003200000000000070305090000006
000000006003605000040030050000150602700040000000000371260900000038002000400006700
009280700000301600040000500170060050000000002000042070005470001060019000000000800
960002040000019068000800500004100780050030000600000000000004000000006039800900074
040083050001000000005000200508040069030710000000000100000067900900001080000905002
000008030000960000007000140080000400241000070600080000000056000050009701102000064
000000207003000950805006001000000000040285000500003094000100070004050008700900100
000006000200000090940000213000007000000400580180090007000002800015040030002063000
004076200000000000000020580000040312000100000600005090060304000003009058840200000
020000030600000001010000008907002800080600014500000079000010002008740000004008050
000000000900070135000500002026980070000740000000000089090000001860000057002003400
700000005006005002041002060800090403000000000209070000000000020000607831005001600
000290006600003000003000500000000009091306005005010470000005040002009030104008000
082001006000005000300000108000800090190500000006040002000698000001000830000400205
200000568010000920000000000000000206005001000009004830060920304000060089700800000
010006040000000039032000600000201003000000094007530001004803000000047000600050020
020000000000051720004670001002005000087020400400800000039200050600003000070000080
900003000001080006040020030000900042600200070020045013083000500000060000700001000
000869730000000008000040009005021600601000080490003001000708000004000003300000100
006000010000050023000002490000010040700504000002900500800190760900800001000000050
000041009000600200050000086000007000900000420045000100300080000108502040000900072
020090050000705000008006000700000200010080030042600000000020400050930006800107300
004702859001000700000005204000809000002060000903040001000000000060070020705000300
029000005007003000400000000290000000080710200050409030000060090800007000000532017
000000019003040000000100803060050008800030200005000160000009780096000000010500604
104007600008620000000100003709000040000000000050010060020040810080090000900086050
000000800800502601057010000004000500002008003000001000200067300041000000009140060
140900586070006010000000400000000000000764090402300000791030000008000000500000301
000900023001000004000007090000053002006200005020760000005000649604000500107000000
003506000000201400100090860000070004701000906520800000000000609000000050002900001
004900800010000003008067009800004032700201000000070040000020006050030010000009007
000087004090030080300104000058200006000000247430001500100060000000002070000000400
002000000009053000000900700508000200400008500000060003300001002080400056000076304
020000070907600000000000204083900000700305068000400095030010506060000040008000000
041000002080200007000178000030000050900001004000005903000700600500000408106002000
001000064005760200030400900000104020500200070000003000400080030070000098800000006
000030000400812670360004009000000000735000120000000065000023000980040501000000000
000020000000471806006005473005200000000053000830940000070000009200000108000000005
000900400008400100020007050000190000007802640060000000600000003000241800091700000
002100800600030000070004091000010540000700000008000962030009010050473000020000000
060001040000070138000000079000500006000910007040000802051046000000005001028000000
008000000042000000500080030200006000900800000060519040000020007000104302706000410
000500300090000000070106502000000006000080035024900010000700000000340028007021600
000000007000850160000104000001090005030001479506000000000400000000970836020000500
900060005305000000010005007000900004020000010508106009000070903002800000001009040
000010642004900000200000700050000800001080039702090000000000078020001306000460000
003140970509000000080002001000900063000003700900500400070000340200008000000057000
970301400000000000005000030002005000800100060300200819010007000504000300008600090
000000500900081060600004030060900080020060000800000047000000004500039000001640028
000608009700003040000001005600400010000009604100000700000294800010700920008000000
100009070300000009000000156406008000000020000090070485008417030000350040000000000
200030700000640000000008506040002601001000090920800300006080000005000010030907000
032480006000600000040000050803000200000000471010200600304006000009007048000003000
010000700000700050000100243093005600260000007800060002000000000680020000000040968
002060000036089001000000800094000000000001430001000006000126500050090007000300608
800200905070900206000046000080050004000310600001000809104703000000000000092000000
100090070083000000050000103070008004000200530000050009030005026700400910000020000
200403086103000042000082000000920700000000060600004001040700000051000000000800039
000005000006140005000000736000950002008006100000000004370009000500072090060030040
030070009000000006018005200800000000005400038040000060500047100900008007000201090
000005400038079000000620090000210000140050060360000009815000000000090010200000004
000175900000003000000000006000007009060000420082060070405000100026701000030900080
000900340007000600000087000103008009700000000000700413000805001000306080045009000
090680500000001020000370010800003070200040091000050004005000740020000006940000000
050000000007100006900007340001000650700400008008600009000000907000701060009000201
020008000000000860000200307003400005062050030000006040007060200009800100280500000
010700395000000000904305000075000000800000000000400201020008079000076500300009006
000400000013072000060001040000050430800000060900300007600000274700900000002004600
400009001000000005050000000000100900003204000904060070005370460760000010002005007
702050000900000034000000870090001403000000201000406000048060900150007000000002005
040100000510300004000008010060800009090001630000070080053007020000000060600000805
000300007050900004080060090800000009000072400004000210001049000290503100000000002
060000078040802600000000420000094007071005000003000005027600000000230000000070840
500300400400091060003000009900060000006800070300270690070140000000080020000000040
006100208030000065009000301000605000090017000080002000000006400050890000402000007
000000006308957000000001000004309002200600100006000800000490050050000000409020370
005008206000002400002000085000700030004105000000004100050000940130000500090007008
000000951000530000000002600300700016020080000040090300450600007080000009600028000
108300700000000000060800150000710530000063040005200810003140000600000000004000002
540000000006900000000720800003100608000007010000630700219000000007006104080000300
003020406000100300600500020209000000040600000000000059008760000000280970030090001
000306050000000001005000470001009002000004980000020706017480600320000000004001000
004027000000014000008000700000003100093000005540000087009000400800900026020070090
600080042900003000003060010000020085000700600000000400801050900030040000002001078
000900004405010009790000000000020000006080040000600075800005030007001600060702080
400600970080000600005030004307000400000000059000040000100009003008000500930480002
000030006050061024000700000009003001064000030800600000200000910018000007000020065
095060002000020000120090870000804609070001000500000000060000003003000705700006400
900430002304010506000070000000800000007004900009001025002000090130020400000000060
000000000400057068500401002073000040020000080004060100008600204790010000006000000
000047006000000008080096103061000000020305000005000010000000000000023061097001250
010009030000502040500010208300000980000007000000050004703800000001720000000063100
000090480900003050604000100009000008300680090060000000000000504200158000030007010
000000010000001056050203070090080600000000000008670301070900000000000734240500900
600002900007000060000050003000000000040310005500040839090000301000080000025037600
430900500076000090090008100004507000080003900600000000001800060000140003700002000
070000000906008074008050003000080060002300400090060000000001380009205007000040009
306070040000504700000020508000600020000002100070010003410008090002030000008400000
000000000600420500000570429060008000000340105700100040008000300470000000020000910
002900003000840060000000100000010630105080400960000000204000000010700340090005007
000094010500670309000500000080010006000000041090000000003405078002003000704000050
000030600080900001019700005001050076000008040060002008003000900204000013090000000
008000000600700400070940160030001000802300000001200500000650072000004000007002800
097000003000006097000900640400060030020057000500040000004000129002700500000080000
000200000009008000000070830070049600060000000302105000400010300001004500008003064
002070941080001000005000800000000070000024000408906503000200000060030004500040080
030040007600307000000001006000700003000030501050000000001002098800900200040603070
200000005060000004400016300800004070000300009050860400000000000000200730030007596
050100004000700000904000050005900062040006307000200010000497601000000800200060000
095307002000005060000090000009140003000030900070000040000020006000006154008053000
006100208030000065009000301000605000090017000080002000000006400050890000402000007
000000006600000320200007000000850000500000001000049000004762103010030400000001578
023009000070500003500000000039470000010000004800000970706000500000230008080000609
001008400006700201080100060009400600000000020600050000000002095070004100100305000
060010009900004000008700340000600000200000006010048000070061903005000000300820005
675000000000005200030090008067050002003800060040000380401000000000087090000200010
005102300000007009030000040000305607080006100007420000000200000890600003001000400
000470800020000040090020305000030004400000936070000020000005000007000010012948000
009080030000100070000700009100603000405002700006000000008020900090060002300000158
009000013000790000002006000050080070620004000003500026000005000000107894100000700
005009007002001065030000010000000008070800050020000900000040096090200480300600700
000000006020960070004700030000050020600070083000008001000000100840100960010590000
006000000810506070090080021000000006308060500400000090600103008000000007051000002
604009200050008000080012003000706025400000790000003000340050000060000041000000600
700080000000206005000043000009700162005100094200000000001000040980000037020050000
400000508005000000000840900000402010600000000003150200050010402080060730020000090
000100030401700800038400700000020600100040002000508009300006000800000100074009000
005007000000104520200000000000005079300081006800096003084050100032000900000000000
000070000019400000702509014200000000070230005600000043000000000000080500530100806
200000090013000002400080030020310000000009070009500006000190007040005061000700008
002030001004008530000002009020600000600050000900070408000007050080003700006190000
203000500000060000000020463005040200000690000009210300000004090070000084090700600
701002000000000007008005301080050000000837090400900000005700046102003500000000200
000450200008030460000100007006043000010090003209060080501000000060000300000020010
000000930080004015000160000100000600070000040049058020090070000507030009200000004
600014000000290000200080015000120000000000060024005800000000703309000650016009000
607000000000006920040203750050600000000032000000007080069400810000000672001000000
000000200400073000600420001003100842500600000008000700005700308006800000010005000
000900700000006054000013900080050200050007000006080003800090040030008005067200000
000002001000530070082607500000000790000100408000006000406000800309000000050090103
000063500000050239000080000090005010807004600050000490006000070400000900030208000
000120000500000208040070005007000009400007000003000064062000041000603500300091000
090000020000020070700609504070800000402000953000050000060002000300708400000000608
005030900800000200902504003700006008000040190001000000000002700083007000000063004
009024060030070000500009000090800406000003000201000930000080019087040000000005002
080200090004100000000000060097000200200000874010080039003070000000003500000540083
006030902300000000800000100000300010080690000000084079000400000015200000902700508
700010009003000020080609000000007280000000901000000034000400050000071008170950300
500000060002839000009000000010205730350007000004001000000900250000000348070000900
308000000000351006002064000000000004090100070000270530000605000100000000000407863
000000090006000800053000102005600007000070041460002000010004080002130006600080000
608000007000000304000004015201048900090600000700150000900000003000003029000000580
005002400000100020002098000000000000800007596300020000060001900900080741000045000
000082003000509100000400008300860001017020000005000062006000000930000800200034000
000080002079300060000700000000861040001500009040000050000100800400070600500002031
070230604030000500002000000000040900004000001026075000001000485003090007060000010
900003000001080006040020030000900042600200070020045013083000500000060000700001000
000015907800000000076030080500000000080700030002500401000190000000406802000008090
400085300006000700800601000000700030000004180000053960003000479000002000900400000
000600040175000090400001000063000208502000000000560900008026000010058000000070003
700004800020000003091000040000680002000030180000500000070003000010805200005000769
950200060400068000000400000300010000060007010000000549000870200020004006500100900
040030007300005006000000052900000500006050003800000010400980600700000298000002030
000780600000002080000030502004600000308000700000000000500090870609003041200400003
009000036070003002045006090000600000004050000002007005006130000080095400003000080
000740930600002045500003000000030060000028400090010050000054090048000000000000120
050040800030010000204070000000800002600000000510409603000000000020080374400001005
040900060006070900080020004063002840009000510500800000200000000000080030050031000
009081600000650007000902010000070008784000000300000060010007030040000829000200000
300000014010002800704006000070900053000010000035000000020700900000603170000009030
009002000004000002000041036540070000010050800003010000000006783000008004006000520
070041050008000007009000200800060405000000020000074000600007003000000502400936100
000200000600000080080005910009071008300000000000009070804000050200900003090086702
300020400000001000000400308090005000000600209002019000400000050607002000209007806
050007006032000074800020500000000000090705800407039000000500000000690130009002000
040000600072600104005030000000090800010000049000001000030006080400900012000280030
000030008000000300020000075900071000200080010080020000400008920000090601308200700
000000900140000002500107040000020005800700020002080064050006000000009007064000093
008040060090100700040905200060000008000506190700000000000002007800010000400080930
000080000800007200170000000000350400000200708050006302760003091080000040004000600
080000056705000000093060000300000040000300560000507093007009000004000010000810209
040030098700000060805060001600504700000000010070000400003000080007209030200001000
002014050048050000000000000003090001000020867005600023004000090000060730000000602
200000030000700060600030007000027004000856000009000200051040000020680003004000095
900004500702300000000000241080001000000052800006700005005000694000070000010000023
000000061098000200007659000050020030003007080106000002000861400000000006001004000
000000000050400090020038470000300000090810000104020360000007000089000100700090203
080000062100004000265000003700000000029000000000100609001079020406010008000400030
002007400040000035900000000000009800000065009000030050007090000490500301081400007
308406700049100006010000090000300100500010820000008000700000300060700004000003009
000000027302090400080300000000000100050400630008030070026700005005800040000200009
301000000004980060080500000200400000008076003010020408090000106007000904020000000
000083006087000000000000820901000000000000593000500600013008002409002030260090000
000021030070800000004000001000080400007340010080006005000009002002105080930000006
000060400069054830000309010000000041000720300031000000005090600708000090000080000
000007040150800090000100028300000016000500400000046200076000000000002300002009061
000870000730000805000000006000609004002000300000050098003000100009401003100092060
000078000006092170402000060000001000000005740800030502000107004203060000005000000
008020000060040000450000239000035900000001058000804300003000480090060002000000100
060109000090836070000000300007001083000007000300050002000002004500000600001908500
003020090000400780000000000070200040002015300009300002060001004008000009025003070
000400018000016200000005000000090305004007060006001004080060029059000600010000700
006304000000062005080000070000010900000470006100536040000000094804005000070600000
006000031207000000041700002025000000000002890000030075380460050000000000070090010
000010207170000604000000050800000000060040300030756000300005090900002008045009000
000038100002009003060000700050080000000000028001502460000000040640090001020100900
506007000080100040000000009000000902000020400001740058005000010070003000009600327
700000065000000001000004200200763509000950000000020300070000800900080003140600090
960008500007010000100600400000030200002000730000900051008309000000000902204000060
000000003040209000010000790000703650500001007000005028080040000100000000793800002
800000200000736900000040000080065007000002410000400008105000000900600052002080006
000506000003090528000000704905008000004002000000000083008030040000001006002400805
040008027000702090010000000600000075000000001931000600490001000027043009000000700
003097600010280004000630021409000003000400010030000508000000006000700000308020000
000030900000001280604000005009005300010082000500307000000500091007019400000000002
000001000005007206002035090000063500100702000000900074078000400000000058500000009
009000340000200700081000509000000000005701006092006000000408000004010030006907004
000209470000007091001000030504730000070000020020405000900008000000500087002004000
700200600906000040002043007004002019000030000001900080000070005090164000000000060
000001003000000710046000000450090000000043090060002304000730809070900600000005002
001000050009302010000005806700500000600000090915000070000000000200406309000070064
070000025015004700000090600060009500090008030001050090002000000000821040007400000
050000193007400000800090400060000205700000610080005000000040030000021900070809000
000029000000080021600000000098045000000000009040701200023500090007000000460300087
060070000001500000090021000006900402200008700340000900000000004004000160000016037
809160030040002060000059000007000010000000000030608000000003081026070450004000200
003009000000070068680400000050907000007008403000000100310052000000004005400090007
010800000000000023360009005650007400040100000000020056000000509001080030000030760
000004000000060015208000070420700000060059003005008000007000036003406100000300080
300800000620000000405000300000002000012090074040006090780601050000400003000000907
010000000530100940000005000008000503000000467000200000042006038050000706700093000
000800009200130000007020800000000080743000090500002014100060700000008000009004052
000630002000045003900010000060000300080300407050890000030120005600000809100000000
009860000000005064000030000967100500000000000401002709802000000000200105090700300
000007020005100600009200000002030001000000430700008056010080005084500000090600007
000000000080014000006000500300050800024708000070200009700060020009070130000105060
000100000300000840005960000080000060002300700000000025401709008007008001030510000
004030020020000000009042057030007605000000300005680040506100000000000900040020070
400000000058010007000653000100000520070000000560009000090240070000030009610800003
500000000070204908040003500600807000000040037000002405060080300007000802300000000
007000208000000050021003900000519000800706000000000026000007000009300107100000862
000403600040002007300560100000005980000000000801000200730000008005900700210040000
001050006020000008090001000004020960082140005007060000058200304000000609000000000
634000021010000006002000000005400000000070903060000002500028609006009800000307000
000050003000820400090000271003201005000005000002000600006583007041060000008000000
000370060002008000001000004000812000200050300000000906400120000600000540083005007
320705000000060300074008000293000000005600800000017000040003000000570000900100702
000080000002000495104007020080600000030900061000003508090801600000260000000000007
000000070600108500000064038200507040097000060040090000530201009004700000000000000
010400200048050063050020000002000000000043000100002908804000000005090830060070000
074000005800000310020400600400700008000002000100830002040085070006001000008000030
009600030400070008000000520007302001300000000018069000600400000080090000000750043
003601000005000070004008102000000700092003400080010209000580090000000600040007005
050096002400000071002504009090030020001769000000400000600000000037000690000000008
800021000000000000037094200010060027002070905004000030000000050600000800093200006
400600980000040006907000000000062308600000050008300204000008530000000010003070600
260000750000071004080052000000400009039000060050000800040003020300000070000890400
103000500090405000500200108000000090060000400000026010006300000089500300000098002
003200700000500060407090350000050000009060000500908030270000008030040590040000000
000000010000360000409002050102000830006003004000070002200050000500200040087004060
000000501085070000001000060000000973400007100030090008000803000700010025500000084
000030000196504300004009000009082500580000900020000000400007609000000000030001027
000008006400301000020400800000090050005002600002000007050207010030000000807064500
500004001090103007400000300000000000002010463038000700070902000300000009000750600
060240300000000800100000547600700000009000004002090051004000000000069003500031070
007009050009030002000780009060000007300000480008510600946000100001000000700000004
000097510029000083400000000000700030100000006204000000001200000030500040082003605
860000400109040002000020079045200000080400060000375000000000928000000300000650000
970006100800004000005800000000301800402500003080090002000000000200900030001042070
006002000028000001400080000300020050000950800000000673009010006000000920500306080
150000030000517200000030004000060403082000700090071000908000650005000000000050040
700009000060003400000020080000406000590080300000030700040078000009260005002000901
400000090000609100360000800010080200030000500000450080500017009000520000087004000
080302000400600003009040000030050004000801206700003090060700089000009000000080100
309000008001592070000000000000005000002004790048130000003000060600070050007806000
000040000002000030000300148000000000600523000430980060090070601700004500010800000
000040009030001000600078051005000270070006000000250000000000000100000693360780020
000090000060070030087000904008000002020740300000002057000030090000085063500200000
850000010304008006000023000000009307070200950040000000006701008000042100000900000
000070084500030060001000009917003000400000002000700600090000000050300240100082007
000190020000650800000008000805000307100000090000000100510007603600400000004806002
000000006607400010081500000010300094090050007002000800700200050000007008904000060
000020000005167000800400000000052370300700060010304000040000800009018005060000020
020700000001403080000085001208900004073100000009000520100000090000300000700020050
005000067004002005008704090070010030000000009000009706001970002090000000400035000
700060000005020700023000001047000102000003509000504000600450000004030600002006000
000000309005000010703608000000000004000007936000590800070003602340009000080000040
008500200000020016000900570070650000060003940000000002000014000980075100001000000
308000010000109060000840000015000400024300700700000000030007000007000006080295007
000190020010003000049060000000900240003000078100457006000004080060000030008000009
060049008080000000000307120000050000032090060007000904026008050000020700900004000
007308020820001004000090000000400602600070000508600040083020001090000300000000006
300180050000003008900000100004800003000000000020604081050000926081290000000500000
000009000870500203004830100700000020000001000090006807100000048009000300005100006
750300100020000000004050060007000600000000359005630800200005708009400000300007000
000008209100090083097500400020040000000000007030059000360070500000400002000000038
065000004004030000083100097030000710000000800000001050000005070001040032008600900
001000000000000680402710030090200060006394000020100500500000840003000002000030700
050060000002000308010280970073090000900006280000705000008040000000000009000630004
000080154800004000000906000050000000004007698028000001000000000500060900006410230
003000007870016000090030000000000000028004000000075360500000098000009020001048056
003400800000100040204030950900060020300008000000200000060000015000700009008050304
000000000050019000070026009084000300500604010007080060000070000000402506002001007
054080600100070000000000054080000000000610407301000200003000800008420500010059000
500000908600020010003008040008004000000050000000009627000002001900640000017800006
003070021060800090140000000006010000070098200000030507200000400480700000000300900
000250004600000080024000700002007300190000000000400008050009060000006840000034019
700060000005020700023000001047000102000003509000504000600450000004030600002006000
000016002090050007300000400706004005000820040400500000530040000670000000000039020
000000000007590000000078610509140200000000000040200008000802900096000045000009306
200400070000095000000230090060050200008100000010700080002000908600003500005000014
010200406020300001000010500007023000000400060000080300005600000002005094090070080
001040080050000006060270000000520700034100600070000103007800054000000002300000800
000030000000850100090001502080300070000084600006000205060590000508010000003000700
080500612000000400000060080700000000000805000108090020002007090090306000003004058
000090830014500070037006000006001900000400105090000000700000600000970503002060000
500000000007030002000200390000000000703600050060079208809006470005040000400000080
830095000000040700754080000000000000001050904003002080002000009070009000300000526
050000006078009300000400000001050004000000008509008003700210000310500600000680007
800409000234000000005000000000008000300902700000600850000200108068001400000075900
040000301000000070100800000010047500004053789030000000600000402050000030090200100
500000760000300005040087000000905600000104052000000900700010000060000803302000590
205000080030407000100000000000060400000009500000200100800004032409020000020095706
470000360052700000001090070000010006005030040100570000019020000006000050700000003
000002030090005100004860000500300000060000903012000680900000010080000320003000064
009600030400070008000000520007302001300000000018069000600400000080090000000750043
054000820000000400000065019902000000100000204080904000000700003000058060710030000
000000300000020090006800014070081009003060400065000030000040750000709000002005080
300007050690000000000095000106002830000070040000908020800700500500006001000803000
970000000400072803000000000300048096001000000000067000800005064000080000750036009
000000010000005900020000430090016000105000860360507000000401000008030000010090043
000000086000790000005360090000000073420000801007000200000009000093850002070600050
006089570000000063000306900000007080001000002900800405000000059300100000400230000
000000030680753000000000095700000810030001400006800007040008050002010900000000204
000090200034000000000005480900180000071204000000000370300052600400803005000000900
005007001000203960600000080400000000050064008000900300380016000004000100021050000
900500001000806000007000002100000053000900070208034900001047809000600000030000060
000400073300819000800000000100060054000000090000093600020046000001350060700000500
006000408000002650007400009000000000048000901090010032050070004000109760000500000
300901060000040008007603000000700000692310000070000400030060090006002000010090050
514000000000000400200005730000400000000697003760000000047080000300000580020301007
010000080070008000450002006009600470000200000004030009080043700000000860007050003
040000100000630050080090000069002080000008000200075000950080007006000810030040005
087590002000040003020000906600400028409000000030000400000000000000020705003180600
000370009500006008000100000009600100406090053037000900000500701100400000000007200
004003700000014059050000406507000000000930601000800030402000000010008000680000020
000400900003002000100007083800005096000000007407030000900000032060240050080000040
000000703200000010001075260010000000009000600005247300097080500600402030000000000
000807040400300000009000000010006820093000054000010000000150007001070403200090010
200090006000500432003000700070000003600007010000000000005069007980002000040301200
000007040150800090000100028300000016000500400000046200076000000000002300002009061
002000090100900607000063000000507340000000070050400900090000000076008030004052060
000070014030000007006004000008006025000003100000028300000600500500400006070100093
010003000080400150000000836000107000720006005600000020005902400000000000907305000
102080070030010500005900020800401005090060040007000800000500400058002000000100000
000170000950004000006000004002009800560000009008000300000030007023000060010068205
040320005060079100009840200900000080000007000004000360003000520000000070800060009
000050040000007000017080603000908060605000010901000300000103000006070000042000097
102040000000005003008060000000809001000506070010000295300000900020081007004000300
004600370009080020080020000620003001100000084040000000700000060060500402000100500
000006000090080200417000000060030001000250403001700800040070000900000002800009510
000150003000004000543070009609000100007000040400000805025000060010300070000096000
030100709000000032708200000000000194052000000801300000003070500000030060040080900
000860001090450002406900000300200004060030700020009000007000003000000050080500260
000070100040005090000800002600790005000008004000010300400500030080200009096031000
090806000000073600080000700300040000006107080051000900200401003005000004800000500
020000649000500700080000010009060800100000000768090000070300000030608500200045000
070304000005002038000096070000000003634000500000200090000070000008401600049000080
000000609005000002700032000090010007000740290080050000000080305000307041004006000
035020600008000001000000700092000010000065030000900002000603074083100000001000350
000490062070002090008000000000547106000000900000000087700030005903020040005006000
500067040000108000200500100000040005030000007000000890004086503020000009300010070
709200010200001800040000007000002900006009178000805000070010300160000000000500020
000000900000030051002504067005000170214005009000090000008070002000600030050008000
000000010008300006400080005000007000030800607007000950003400000009602708002090040
268007000000903000000004007000600500050000040900000370000000010040189006020400053
050020090400050001009010860010700030000000720000000500070008000198300000032006000
000000000010090450700520000001000032000080701050700009430057100000200060008009000
037002000100070090050008002010000248500280030000000050000090620804030000000000070
000040000200003000005007001600000100900086070082509040300000207006010008000030600
400090080000000503007000000061300400030040008000207106040005802000000000006708090
020030070070000005501000009050600104000000020009043007060800040100020060008100000
500001073001070800000400029006002000000000002800590060000700280050000094000080300
009000000402609050030000000020010000000200003800547000006000380107800002050100900
000079000405060007000000300100200000004703008082090050006107405000052000000000020
050006048000501030021900000013000000042000007007045020700020003000000805000600000
609000002200008000001900040500006003003050700006040000000067350030009000000104009
400000508005000000000840900000402010600000000003150200050010402080060730020000090
000007002091000000040006530000890015000600000010002040000060007050204061007000300
000005812000006005000093046004710020020000000190004000006000034000000500500301000
030100789000000002007506000000040230008003900090000004014890000000000001000001057
006000000000475201000000034700006000004758002000001800200010000050380000007000509
004000600050074090200000050107208000849000000060000007000000023000049000605820000
004200000200930086000060000000040000008600009500800107000070920300102800040003000
000000094005420306000609002070000000100800500000040008040000000500080003012093080
000010650060002830000000070010400005300000000070563000000005020108000060930040100
000001280008009001000000350620000000980005670000040000090400000503120000000700063
002000901000050800500900007090000700000040000004327000000070210807100006060005004
001008305000500000060700008000650001040100500300009087683000900000062800000000000
005301082070600010000050070600400000002080605058030100000002000031800000000090000
000305910001097080000000200000000168300009020000684000040000800002000000506003004
030000000406003000700900605000090010021000006000014009800071000004000070000052804
030800040006009000010000025020308000480902007300000004005703000000200000700090400
500007200700100000000042503090000040000000895014000600070904000000050026000601000
030650000005000800000007001000508000500000000682040000100700346000020010400060570
030100000009300180000059007020003860090020000000400500003800006000500040700001005
500700000006003200039006450080000040000010003200000090040007560000590000102300000
000408700007000806010200003906000500050000009000007002040009000008000100690005407
700021036950000000361000000000012000000500004000860702100043009000000000000009087
000509200708000309020008000080006900000100500004030010500000004000900650047000800
000007000007090500003001040020700060875900304401000000000600030010008726000000000
058900000400003700000080010000000100009607000006821030000000390090150048000000005
010503020000800006060000010000000209054008030000146050005000000200300000007000184
000007042005608000000000608002000007500020006007039400060000701089405000000000900
004500681003000000060000204000130050000040000000007010000398000805020007009006040
048010027000062340000000090300070002006409000100000500900000000061080009000207000
000005003800700950090010004170000000002900000000600400900860200000004006430500080
003000108000040050100530900001000374000068009200000000000005000400900021300610000
000075203901008000030040008008000695060000004000003000020000046000300000590006070
000005001140000900700061000000930042000000500000000009065008007018300205004000300
009100800000530000850000104405000906100000200000900001000040000786000020000026500
000080000200300015005000002000010500700528060900004800400000203090000076001700000
040000000710380000000752040050000600206000700000800032000020803000000050070603900
000040068009083070000200903560000040000008000300000100007020009600007400025100000
409008010007600005000300080870000006010702500000000020900003000008014000003000970
080040010000800405030091000701000503000500000300060008000004090000027006009050070
605001000000030018007000095450060803700000950000004020032100000000300000004090000
065001200008094500000007000400000000000302001000005708080000609002070100074000050
050040300000800000040013600090050020000601000004900001007200030009000062300067000
000000000030010000650300020081690007000007030000001090007500208400000603006000015
700000580050000000001400070610007030030500000800301000048003002000002008000096400
000108005210030009000000030060920001000860304000000060000000070300070400120005008
010704500000008060002100000000300450690000000004506000800402010920000000050003007
000400002000060300048090700000008001500100030900020000005800003020050000300047068
073006000400021038008000070060030000000500000050009100600140009020000086089000000
000040208500800306100200070003000700860300000400000090020000007005030100000001980
400060300000800000000007105300080000000002510000400086860010400000000059023740000
060035020008064000002090000300000800001000035050002070000040060000071400000900108
000000003503400900000001000600053000000140500008600007300002078900010306000005001
000040068009083070000200903560000040000008000300000100007020009600007400025100000
003000100091000026000950000078610093000400000000080015209000300005007080000000500
500080060000200875040000300006000039000100740000008010000002000094005000800307900
000970005600200340000006000000000037020700800960058200030000980800000400100060000
050000019000000370000603042000025000000060000849000000003000007400218600500006004
000601000000004008003000704009040300500200087006000450060800001002000006075000200
000000074000090030002060005200005000507310000009700080000001300000654008400008100
072003000900000800100070460000680079000007126000002000000506000040100700090000003
008000000000000465370000001754320000100009000080001000006704038000090000013000002
000207000000130057200005800009000003000006000053040006097000300500010900060080010
500819000000045000080000000090008000010350820000002700001090506000200470300000010
090060403003900810067000000000000000000000500089645300000032080000409005700000001
300100054052000060070030000000902103004000000020010000000000480040056201000098000
000003050005000007900500003010470000030006090000809001050080000000700042004905600
100040000000001300002007046000000000017300600000420070064095007000700008070060090
000008002004010050800200000030007900000960000580004670000000000300600090607350010
000070900300400087090000000000000200070040050400008063004000002085207009001300006
000006000000000918400800706000040020000301040000002800089005000002600000134009500
000007090007030050000925100509000000760000000004000008000190580000003002008060730
002040000060010802030075000007004300000638000091000060000000000500000034079560000
000173000600000900000000038000804010000530600008001090080052004400000000001009065
000270005000051200001098000000910308790000000003000520010000086040300000000080900
063740100000000003008000750900000060040321000700900030001500000670003004000002000
000000000002490000409035000000000700070824900090000360000007050007000638800103000
000050430600200905700001000000100657000000010030000800017900020009065000008000009
000900003600080400400070008078050000500040000006001097000000200050000810010062040
060109000090836070000000300007001083000007000300050002000002004500000600001908500
001000000700402093000000080000000020047180000036200009500070840009004002400000006
000046000003209007840000900050020700000004600030900050064080000200100008100005000
000020460002007090000030070020700159007080000500400000030000004000900300870040500
006450081020000000000610500000009007050106030704000000070000008930028000400300000
308500400007000601050006000000050306000421095000000000005097000006040012004000000
000002800000870300000500010906200000048010090030090071603000407004050000001000000
000807030005000604200000007000009008002000000060015300000950070004000815023000090
000000000300000010710590600000001002050739000600800003030000250004100708000050040
006030000270000000903400007040056000300100020092000005460005100000700050000800400
500080600000030000003007000004000800020000760670850010300040080041000090000690002
000001000009007020840000060000500800900430000070018005000092000006000972001000640
007490000046050100005000700000000009001002406000530010009006200060700000004200600
000000970000409000000130080000300002004800105028900040006000000010008067905002000
000000531900005000000000402009850017006000280007040300380000020000370000700001000
500000700000000090008061403060000008000094015401000900900010500000230000030040001
600000000098100004002008010000300000907600000003010240000904051700000009500000038
037100005000004070001970000040600910050000043000090050086000000300000802005080000
600401000000060000007200800020008050001000960005040308200000007070005003004003100
200700060060032000010600095900100700000000409130400000005060000000070008000208900
000400090071002600005006480000000800962300000030210000003708900007040000000000500
100060004000008000000000609800000007000420800060059200605030400410000000030040021
040000700000010580918075040780000000500002003020907000007090000000000362000004000
007004060060002400090008002000010028085003000300090004000000000003520007000030150
003140020004000000800600000390000006600438200001000007000052301000900000010007080
400000820002806070000007900071050406008000000040000000000061002050324000300000040
050040000000000000000102070070000300000008020000050764005600040762005080803020010
001090000040300009005006002000010005090002007504003080000100020000709000170080600
005000300040205800001049007000600502000120000000000000213000004059000080006700100
000405000060010002300700910000000000019374000000080200040009007008100005000020096
030100907008500060000204001000000300070060000000020506003000000705800400092000015
800002493000004205000060008070000009006008000340090002051000000000180000000900570
060000004907000000000007050300010900000024016800900000003740000409050003008000025
200100009006008001087004000000741000000002800054030000600000004900000230500000706
000080000030062057020050000008400010000800092069020800000005068007003000000000403
000000803700008000065020090040010032007003004009000080000936005070000000000150400
002000030000450000760000000400010900800000460000008013900006050016025090007000600
400600003002078005000030000001000000004002030800000750509007008600501090070200000
073006000400021038008000070060030000000500000050009100600140009020000086089000000
605000100080063005009500000060800000100002000020604000003020040040007060500100003
053490100010200030000001000096000800102060904000000020078000000000008473000300000
000015800605007030030080700824000060000090070000400000050060009200000000013809000
600049800000000003000070560500008004000000090090053200860500030020900070000002001
300008007000070100000100600470300000090000406500000071000003010008049200000200540
700000090080160700600000085010709000004000010005002300000080050000294008000600030
010000050090000060008050321001970400700020600000504700000000080003706000050300000
000060000000005370006300058030800010000401000804030090200100080005000007070000960
000000150069000004403200000000400030007002006030800001080173060040000080002000500
020480000000205080004000000000300049700009005500000301050000017210030050080000006
000000003006000720003608000002001400001050090300090010000000080090100600050082940
700280001000001003250000400506100000840627000010400000002790000000000600300000005
020700380009020000500400000080002004000003670001000000000000019815030006000040703
000010000040003008508002000007000000000050006000096010680300091020001040150080007
720000050019000200000030000080076400000100002060490301000005604000010000601000008
000002850000000000400000170069030005000000097000060400001040000920178340003000020
700040000203000700060000025410080609000000000000700081040030000000850060081200050
010208740020000300000160000000010584050003000006009030069700000700800100000000009
000000000000200060031004000000040900000900527900021006050600001093050004800000790
200003500050800007380004000100006304008002000006000070000000100003208400000540080
400009000987200000030000000070000080200041590000060403090020040000000300000906801
001000024050001060000080000560004009320950000070006000000030091090005000000060480
000900400008400100020007050000190000007802640060000000600000003000241800091700000
030500700004000000000094053600000002800100590000008000006300805007009600003006010
000000000000046000003801065000600903980003074500700010001000006690107020000000000
069000071000090500000002049020418000000000700000005002802079000090000023010000600
700000065000000001000004200200763509000950000000020300070000800900080003140600090
200800400000021000000500006300000500040600280810000030036080000095004008000000970
080000470000600000000085000000000052500901800000000900006590037043020500002000180
000006005060040179000980020000000040450001682000003000007609008000500000201000000
090052030053008200000400007005000063070000000000206000040000008016700002800300040
029300007000009080006700000000090030000005102000017090690052000080000000370000026
000100763030049010080000000006000020070006108009030005000800070900600050060000200
080000004604030050003000206352000790000502000007000000000008060100240900000600001
000003049037200600100500030000000208005000007020060400006004390083006000009000000
000000070009206000080000900050300000300008005700600040970030004004000329000014006
000090308000700000700006014040019006000800020050200000003002000004070060600000189
040070500000000906001600032000000300010500084309000000030002005200010400800007600
003450000000060009910020000050200070008000012034000500006000203000000045020010600
001020000000006005009870400900000140600008003000007060040000950010054702000300000
000005160000002080040901000007000523000800000010000400009050801800004952700000000
070000500056098030100000000090010043000000680300400700004000000000709014005080300
000402060000600090000008205008903000065007008000001003001700000009800004480010000
060800000002400018070002036000001000030907002600000090094703060000000040020000900
100064300000980000006020050000506007200000040045100080010000000000407069000000108
000500413080000090000030000207000601090701032000002080005079000306000007000006000
090420850080000079050030000500800600060000504904000000100500360000080200000300000
008000015960005004004060000000002900003700002000800040000040023079000000405070001
000000030070000900000286007380000020000040080100000049097000300050008472000605000
000800000020705006000640809034007100005008000960000000007000062000001304090000008
020080000008930004000100609060005700200700050030040000750001800000000030001008900
080050190400090020007030640120000050004000000005007000703001000900500002000680000
060390100300500907100706003000000402003000001000081000780900000020000006000005020
002000000004302107000095003089500204000000050040009000000006900075010400000000830
701000000000000360008002050900240000000000910005073040000508000010006700500400206
004160003000050000900300040050001800080090720000070030000000680003506007000010090
000010500000004076000702930000000803210000000000000000062050080070209045003040060
053040010240600000000000030005320001901800000030000800007910050009000020500006000
280006000000000030005301000001000200000009603000060007300205019040097006800010000
000040070006903400000010000000190000050300060007005008608400500003000002100087900
860020000030000087009030200090000405000067008000008093000600000000094300002001070
000058700030076009008000010400010002600035000300060400000000500001000047900000230
080005600900000030005081000000008170100020000004006020000200500002003700003074010
010000400008051030002003070300004096000900001070020000006000053500040002000500900
600080530400000010080501000700100004000260907000070650000003800001000400000709000
004000087080007000000005400000800030309700001007003045520000109001000000900002070
830000007079008060000000000410000008000063000007000005050084021080700000200091800
070209080900300600500040000000506040700000100402000053000000000000851000086003002
000003084000050002000824563070040001100000900620700005700900800000000000003000007
300800407000006180000002600100200060050040000020007030080600259060900000000010000
062100350400000800000000090045070000000006030003001007030900400010500000009200680
005000008000704020700000001007000650001579300030800000000090400300060002800000076
400600100000001090000320000020060800050700009839000010610000085000000400000250900
602030079180497000000020000000806020004000790000000000040000900800200005900000360
604000000052706000907000200700208004003000012000900870005000000000315006000040000
005100000073000206024000091500800020200370009000904600009030000000000060300009000
000000390038100000000920061006590200040286100000000900000800000050400037004000000
009003050000000300003704601000109000000020870067000009090206400080400200000080000
607500820000000307000400000000009080026000009500000010000040030400600001002391005
004000700000000580050090000860704005000069017900000000000002008001070006030001042
000100308090004020000000006000060080004008000005000279008709500020040900140006000
003007900000108600980000005000200003014600008072005400708000020090000000020900000
007200453000004000060000087900501030000000001008000025003090000002000000001007864
090035000000071050801602000600008070000020000030000900400080000007006891500000020
600007000053000400000002156070293008060000000980070000000100800000900060000050021
000000084000500009403007601820001000001000050009002003000400060008705300002090000
010006700003000900060540320005700000300020090000050080000208046000090070006004000
000900100060100040002007000010609007050000309008001060000006090407500008800000070
000403107000000908000800000208000600400000009950700002000005406003270500006100000
001200900870100200005000030010080004090760000700043000009000070000600500000400160
050096002400000071002504009090030020001769000000400000600000000037000690000000008
270080000004907050003000000090000506007019300000000008000070201000005007002403800
002007400000000280080000096004090600000150020000020000027008050491000000600070100
400002000800109236000060000090000010060504000004008009000000020100920008000070604
000060040070104060006008700040000000800050900009407023000600000030900000020080306
005020008004000165000001000600030400000080001000064070070008509912500000000007000
095006003002400010400000900680100039000000760070040000000030105000001000830070000
000408053000050620010000000000010090100534068400000000328009000007000010000002700
000000080080004002005000700000032406120005090060900000038000540070600009050000007
103000006007054080400000900700000802009000010000007650000015000004308000006070200
300000091010030006900540700400000003000002600000100500100004000090680010000005260
160000000090000003000010857040000085005007000610040000000002900006081070300006020
020060001068200003000000070310029004000080000409300010000000400040090006006003050
060010350000000007000705000002000000684000700001690000047000601000009800000260035
026090000000007020900080003073100005050023100090400000000000241800930060000000000
006700840305080070007005006000028700050070084100000000903000000060009000000350000
000417600040280090000503000050000000000700281800000009960000800500300000020000950
000000000000026003400508690910000000600010037300000420006002010000609005040007000
010030820092000046700000000940070038000600000030004000000029003060500709000006000
049000008300000006000000790000210000020600900000403005058000000003060007106008043
400006000900002800000910070074800050000200000003095000020060090008000700000089210
700001800000000005003002010200500460000704000008000502001009000050370000480010300
400730002000010009000200100000000257000000406203004000005000080007003090019050003
004017090030000000027089005041000000000006700208040000000000007805000004010095060
604005020000002004200340800050000010001490008700000000000200083000150000030008007
800000000024070000000010800035007040000000000000940670041080090300000016057000208
500003080000409500000000206006040970708100000003007060000000000000010802010500790
090700000003020000600900080067030900000010050500000402000200076280006000100300500
010003050005208690000090000600005000100000009027000003352001000080000006900002040
090000203000102006070040050800350100009401000003076000000030007000000090020005004
000000532007030040050009807000000058004702003020006010000000000060080000000943020
009005830630004002000000100000020080000600000813070000050740060000300000000502307
000208000000040900070060000350000100000000000807100020032400008900507016000012040
000020006000007350019004000007500080020063109000070400050089001600000000000000038
059000002170000000000000690014029060200004010000076008005080000002700583000000000
408000090070000000620000500090054000082001000750608001060070000000580004000000703
500800000000004080009006740040000070000000520102009806300008000000670000018020090
038067090000050060207801000024070006800003570600000001000030020000000000090004000
800001000000900000070030504050060308019003000300009050200508000003700000000020041
403057000000640007500000000005000046930000100000900500070001200180500000000302008
006000041010060000508079000100000000005007604000030290004003060000200000092000708
050042130004007062000000050002530090000020000000009701000000800280000005900105000
900700603087000500600053008050000000000398000008002001004000706002006004000000080
001200009093705060000009000000080740700000100806000090000500000000403070037000602
006007100000040097000800604007000300001050000402030008900500076610000002000000030
030040007600307000000001006000700003000030501050000000001002098800900200040603070
291000040005008100008540300040000500000070209000000070506900000800106000000020600
000000407809600000006040300005400006000005800600300050000280900030000040004000218
006000000020005009010029008509043020600000000040060700000007000000900403000850076
000000240080030000040010350000700000028009000009826005000390000007008000960005004
020000006504000090009002708706400000200300070010050400038070000000030560400000000
900806000020500000046070090870000900004300806090000053000050000300201070000000060
000000021005003000460000900004010680150000000000037012002600030700009000500200040
006000041010060000508079000100000000005007604000030290004003060000200000092000708
004000900000004003090073016007000000012009050000500890070600000000900605046005000
000070804000800260002004050600040000000000100045000006300620480010085000070000010
006000005800007000090800030100900020000001703002000050025600000000050012460020090
007008009026000040100600007000000905230719000000204000000061000900000000080300706
000005008000670009000000071058000304070000000030000520006058000980703000000402003
000000062009600030407020100040050000005008000103004078000840600000000010036900000
080005700000008000057090200000150400060009800301400009509000006000003007010020000
000000200400000000009804003001080050000602307042003089060350000000000000500209001
000000000050100080032500047015009400000400206600850009001200000000000100000070904
000090200034000000000005480900180000071204000000000370300052600400803005000000900
500000003000000142010007050860040007000601020001032900007000005400200009005000000
100000004060300920000002000879046000010000400400020005700080200001007050003000700
790000032006070004012000900000700020000835000004002080008600000070000001630000090
600400800000005090900800605000054000006000020000007009009000060080500071501308000
004010000900000014080057000070008360000200700000305001600800000003000148009020000
007018020009004000000207004904081000000000003000705001008000006000400705340000010
009300200007800040000010000000000700902050013000681090700000080600200001000040506
000040000000090602901007000802000305030000108000002090090070000500006400400020086
900000004000030000300002518008103000050007062169000000000700000000450600000018090
800000006074000080009001503063007090005020078090050300000000800000040009000305000
074090000060004700002007003000000507805000604010062000000001005000300000130900080
000704200500000071800060400100020006000400007040009000000200030000037518001000009
006009800001305000800000003000508007003000004720040030370006040100000000098020000
280007000400500000000068050000050089000600003000019007000090305070000004039021000
003070021060800090140000000006010000070098200000030507200000400480700000000300900
900000620004000900000000070500960000020001090001000802008340000300805000000296003
000030008093020000050080000000374206007000401000000003410800030020007009000000650
600017500004000200007000000030200000040900325000504000006000040000708003301000806
057800000100000600009700100000050090000100302600008000900003706710000930200000004
703000006090008023080093000000010408200905000000000000400080500000100280050060007
040009000700300040060005102000003007000000901000908050005206000070000094402000600
080100000075003008409000000002000006000000040350080020003401000000006504507002300
007524000400000000902030000000000008300047205009600000060000081000008060190000403
003006100810000630005700200600009000050200000000000490000080020001000007084590001
060030190800005000000000006041062058000003004002500600706000003000100700050000200
006001009307000100004026008800040000000300500700608400100000905000010020060050000
070500310000000050409603000904000802000000064060000107007098000130000000006000001
000400090071002600005006480000000800962300000030210000003708900007040000000000500
930640080000000700040050002000107060600490013800020000000200000406000000500003020
080607050001000600050000432300000080200890006005400000000014000000000003070030801
006094000000000300003800502300000009012030800060009150500040060007205900000000000
001000509000000068007009401009000106010000000082500000700038000000060302600004050
000000089800002107004005002037200006080000000000597000006020790105060000000004000
600010000000820007008000000000790080020000059000001042049360020005000000000140095
100500080000008062048007000000001000009080030060000005000050920000430058095000010
900060000080470002000009080005000030000003800000080470620097300000304000040005200
001080300000709020070000401300026000406000000000804000097001004000300050005000270
000000070970000100021005000000802001800046000000507040000000003006090408034000026
058000000107000060006030005000040800300260000000807040010003079000480000009100008
020003090030060070000704003900100020000200004000500001009000002105090800006300100
050004200000170000000060000080000074306000080002050690009000000037002910120000008
000900703001400000000612050000000032076000005008095400064200001000030000300000008
702006300000098000003000064000607000800400590020039800007000000008000020630000100
645000200100003800000704000700000004050800902010005008009300107000000000020050090
650000000000007000000000803400090060020106904000008032010080000000419006090502000
090000803000900070407030000002097000000050060036000049000000000003048701080000056
000400900003002000100007083800005096000000007407030000900000032060240050080000040
000400970000051600042000010030000000070508064000070000700030000300090000005864009
052078000000050000860002009400600100039000460000000002080001620000000005005300004
001000004020000900004010060090007032000030507006020800000073020000800000675001000
040000005050040300107080002000520009001006040000801200870300000000000600006200003
510089000006001004000402090008010030300800002400000010000000000103000900050020701
000040050000000287009000001530600008090000040010005003001020000057301000003000809
000300000100642008000079600804003702070000009000200003060700090000006200010000400
000002060800900005002048000010037604060000000009051003400060012006700000000000050
900087000001090030000000002002740000000060003006002005040010070107800096003000100
800503000059000020100000400000064015900000000080001090000600080001000039020700506
094007000000009507070000201007060000082000000450000800000021900001070030000053060
003007020028000600600400008000600400506903000000052000009000300000704200010009080
900008000005002300073600100000090001001704053050000600030000000489027000000000200
060030190800005000000000006041062058000003004002500600706000003000100700050000200
000700000070400802004080500029650700060000000000000015003004058000001007000060901
200000040005000000000179020000000000000483702801002000000740060010000800008520904
000083500009000003000160000040200006500000000080509312003000720000000000006015830
600007000000000090403605000030006040900000800000403902800000000000001580360209700
005002080740036000000000170050000309304100800008000000000009005000308200000450700
020300706000070034008000000190000500006001000073800010060400050000009020002060001
009500010004300000300061000040020009090005000005000007000006000057400301102700080
001094000068003000050010200000600479007000600000000005020040008000000006309000512
805001000100206009390004000050030070010020900002000050000400600060000320000700040
361020000079040000040007800100006008000300729000000040005000407000560000000002003
026050009000004630000100040300000050094000016005480000040207000000000870000500060
000730060080000003200090004060000410901406708000050000004103080000000602000070000
005000000602009503000680190980000040403000700007000600200100000070900001060300000
060040100003050400400209000020060070000000000308010950000800000097000801000004095
006000000000475201000000034700006000004758002000001800200010000050380000007000509
000300700100000000000000506080609005005710300007000009740501000350040208000003000
140000003080004000000090000500040308000007569001000040090060800305000007060051000
500900000904000700000000600000506000090071006000080000007150008061490007000020403
050009006004580030002600000900005040076020100100807000800000300009030070000001000
540000638809005040000002000003070000010900705000000490030000100090680070006000000
900000805004053000008400060050700000000009010700600400010072000600000052000980001
006000025002501000000000700000009007030008001080070430000090000203080004904005600
080004206000000038030020700009308000100000009300007002000250140090000000005000093
000050000005806009009071030000100006002060000030000184061500200000000008740000003
005490000000800002008065000060007510001000203000059600030004078100000300050000000
000030050002000000000040670000100902000000080600054300498360000070090800050700060
000403107000000908000800000208000600400000009950700002000005406003270500006100000
000800000096300001200001570005060709000000000000739800800005000302040000500200100
000500800060930007008007000000000004840300079070200506007000000904012000000006002
003000001000600500000384007200500000700000008001008090060070200070060005004035080
000000009000042000000006240000700304018020000040060020004080005000005190005071060
261000000009000040705080000000104008000200050132070009000520000000030806000007020
800090020102004050093020000000050097205000008006001003000008000001075080000000600
000000358002054000003007000005080001100020000700060039007000005040070200009006040
000300920640200030003001008010070000000003540058060200000000800000900410000005070
000400900003002000100007083800005096000000007407030000900000032060240050080000040
700000900000030260800590000000068400006079080000000370000000000039004501108200000
010096000700300001200750006000000604620070080000080050000500900000000023000027800
002000000050000691600090800030070000401005070005004003000083102000000060000047050
004030080000000059150060007009302075000007400810000090700000000900450000025000000
080100000007030000050000076076000000000071024400900008908000000025060080003702000
500608100000040900030000080000004000189000000023080000000000570006009403000135600
001002000209008507000040910054000090008090000030050006000203060000000008000460005
000004290900000005000003408105600009080000000240300000500820000001007380000009007
000080609041060020800100000004001590090600300200400008030000200070208000000900000
005000364790000002000020000070000106000040000003100700020360091500400000100000078
005000307900010000040030058300007800000900000410020090004003100027004000000009500
002050800000200400050639070000060500300000001009000020000502000000080090024017008
300000081009007500040680000700350010003000007000002094008405000000700009200006000
430000006000720001090060800000800070500930000004000000000600059750000210001002040
005309000000100057038600000000402000000000012020000978009003000450700001000010009
000000070000700000300100460000001650040009010005800300407000000056000930093006008
209000070000050602000060080001020008000080709004000050080001000100074000590600020
100064300000980000006020050000506007200000040045100080010000000000407069000000108
063001020000000000980032065040700080009050000000060500410900072000000009000020030
480000000007000400002908007090006025100230040000000070050000800008479060000800000
000205036000000701800003040009500017000000203400000005500000000960000100004798000
030000080001060090050391400000000005104007000007000804000000000900000702200510038
709050410805001000000600030008000520000300940470020000000000860002000000090004300
002005390700400000080306200000000600000050701008000020070040013009100000000273000
509001000000025006007000008000800019010000203000006080070030502080090007600004000
000000100410860000020013060000080200006430080800000007000740002000000540003002006
056093020400006000000000100000050402600700903000004500500000000700902000003600280
700009006500014000001207000000372100000005008000000640048000000050001380100000200
030000050000000008004120097600002800500040000007010004010300000000080405000097012
000160000000092780000000002090008320200500040100009000000005010060703200080010004
008006400000520070509400000100000000302968000000001300807000050050600021000000004
006007000003010950740002000000020000001000320070009800000090008400501000010460009
400900000000001006090006000130084070000000060008005309070100008080070200000240090
000000401030560700002000090000080604801006005047300200000000026000400000750020000
008003000030000170000620080003406000000800950009000007400300008905080004000140000
003000007870016000090030000000000000028004000000075360500000098000009020001048056
000000503050900000000280000980000470700000050000050002000002040001607090307004601
000000008000402300700085010000090005000008907028001600070000006056700004004020000
093000006000035080014000000050000160000102900270000050002670000006009010000403000
000140580002000100504900300000580730900020040050000000090000020170030000400000007
007030006000000049000092005000000000000000431701084050200005000970010000100007024
098000004100000500520093100050000900000012600000004002800000000040358009030000700
047009006021000000006402000000096010000100000100070053978000020000000700000004065
000100020100002070400057000030704092000003006006200000000000509005000063008300400
000040000200000309640000052000006098020500000098701000000000005000063017803000200
300008020460003010100902300000000030005007000000080279000000700001070040097200000
800000200000736900000040000080065007000002410000400008105000000900600052002080006
006809720000000000904005060008000000020040000109050800350470006060000010007000040
000000000400000620000508049020100008048070030307000004061700000870010050000060000
000900000600000080007180305000060024070028001300400600000004009000030007051000400
009000000700200805020509006060000500080000000001004702100060000000401089000080230
800070020002300051009804030000098160000000900000400007500001000600000003090600004
040000010000058200020060038004070001005000000160200004000000087009080100300000906
009010000050000000701400890004600107030000050000500403000006020080700900000809700
000030150000006390025000006570040000008609040000000500000000000009020638400091000
007605020025010430049003000000000100000250040000006007100407002000100070030000000
000003700020104000010090500060800050002500907000000003407000308000070002001069000
408000090070000000620000500090054000082001000750608001060070000000580004000000703
000000040030792000700000030000000000000410905970068000090070063150040002000500008
300500006251060007000039020006050000070100008000000760400090500000013040000000003
000007400906000700080301000030805270060000050000000004000008109000406005120000600
104090000250830900000000050000000600400015800000400020900021007583000000002000060
005000820006010090800006000030008000400907001902000570000370600700000000050049000
000796150000001003005020040010680000400000900072000000300900204500003000020000010
076000400041005002000002036560300009900006000700000301000000750000008000000650003
200000504306801200070000000803050040001408020000090000000005036090070000000610000
200000070300040801000000060004001000001070006500800002000089103058007000900400020
000008063000090504003000070001200000508000090260000000006007410047003050100800000
009000200000500000041000967020000080000002406000490000005803000100000703002065004
304009500000500003000860710000001060000008000913400800052000000009000005070300020
700090080801000500060300200000100064920000308007004000000000800000063002200005600
800020000000000600004000510000042007300000000200580930000600700007051004006074050
406000000580600034000000021050106000000005080600070010000000260007000000108930050
000005000003206049007400018000000000069010000050000083000004001702000060040603090
100700084000000000780001000090005002003008010000093460200000000007430100005000690
030009000005016000001740000047050092000000030000080004100000005306000200080000673
037000405050000008000809030040396080000040000010520003490000060000060000000000704
000072046000000007000340120068000450040501000070900000000000300000603000056000082
040900060006070900080020004063002840009000510500800000200000000000080030050031000
000020003000304970007001600200000400060000005005800030046090750000000000800002016
700000900000030260800590000000068400006079080000000370000000000039004501108200000
860000005400032010000004306000490000000800600007005080021000007000000900006000142
000274005050006009001000600500900102008020007000001000010340020020005000000000340
000010000405000108700000059000050023907000000000000070000208016006034200804007000
006020400300000106010040029000890004000000007020067915290080000000000002000300000
000000704003070001100000000006400005800095000000000097007080500600003002230040806
035020600008000001000000700092000010000065030000900002000603074083100000001000350
600000000400008930000000460703600020010200700002000090007030000000052810500700003
540010800010700005007000940000050003600008000000003060050090000006000024001025080
104009200006300010000500086000620001000000009002000450000005800090870040700006000
070300008000000970900180005006000004780000030351000007800030260000009000000040080
300000540000309000700800020004200800060008050000105000258007000407000030009400000
900007010003000080080900004000708002020000005007021403060500908000000020000084000
001600004000425000090008006230080000100000003040500010082004700000390650000000000
007000060000100004000045870500009007069000000800000200000210050000508400604900008
000050040009047000001000059057360000000000080000901000080000102700800600000032570
008000010962700000530000062820000001000091007000020980140003000000000000000250030
400700020008600000060000700043800000000047200000010008080320060000000850002009014
600090000070005029010006008000072080105008700000010000000003000704000000800029301
009540018060007020000060000000750000300000084516000090024008005090000000600070000
000500100670002000005009000000000010050000603800930027004380006000006090000100450
500000040000200300008074090070008901005001002910000000000000030003590004082003000
000700092003002008910000000000050620040001000600030000500000007709420850080000200
000060089000509703000000002000046008700008000100925000080400300090030000052000400
009007000000503290501600000000009400930000100040000380000000052005020030800900040
009706000003000910005080070500010400010400050704500000000002000000000368607050000
000008370090004006050670002500000001000060983000000420800007000601000000030400090
005800600009067000080050701000030000000005890001200000002690000047000020500004003
790400002500000100060000000400000200003000005000958400000009000009315087000080031
000047006000000008080096103061000000020305000005000010000000000000023061097001250
000400006060001005000390000980000060304000000000500019750100000030950000002700108
501090802000000000304000010030000400100800200000016950000347000070009000002150000
087005000000000000509730260600000800070200500000504006000000095000087402000100700
080007030000203008000010406260000000910030002000900004500002060070160000000800009
060000078040802600000000420000094007071005000003000005027600000000230000000070840
000000008002080901070000020000007509200006000600015087019070000000003000004020710
037040000200900076600030200002000800000000617100000090000490100001007000008300050
060000000090000467000030000001860020020000006040020089005700200600540300008009000
001040060900010300000000807030050001080200000120900030040000920200000100000600084
000072080001030000070140030700500000004000716900000008502006009060000004000900020
075080002000000008000705400040260700507000000000040009008000230096403000020008000
000700000000829301000060094051600030403000020000080900000000057000530200019000000
000000007030009050000050900600105230100800600000900000001607005704000310000500040
060000540802000000000800600103005904000030050050107000301000800007003060000000710
420003800001000000000600005000006200000290008000040057600010900009008030057400600
080000000001025800700000092070200340000000109006000050000002000000601400008300976
300080000000010060005006082006000074000300090070409803400800009003000000002001500
090007004000200005300000082000100000007009010080405003040900050010500600200001090
000420900001800000000005860000504003010000090026030000590300600002098050040000000
000130600006900004005002000002005001750003000030270009000000045000000090003028010
000370060002008000001000004000812000200050300000000906400120000600000540083005007
100509003400000008026000000080300976060000050005704000000000080800130000053000700
702100000400057380080000090006000000200670900005000004000060000010000032007000459
000000007002817003000900002000091050640050089000000030860204000050600000020000070
094007000000009507070000201007060000082000000450000800000021900001070030000053060
630000901049000000000200000058400070004000000000610005000090000390784020400030700
607000004008960000050100000000050000000006013031000400069002040015080002000070300
000000030030062000085730090009020700207100000400000002600010000800000469000009001
006000000070000100509001063000003090008109070300026008064000509005700000000090000
080003900063520000900010000500000400048300790096002080300000000050090000000000072
903040000000000000040000500306802010007003000000001603070900002520060170009080000
000820000019000700008705400000200006000004900000000382000030070340010250001500000
000000062009600030407020100040050000005008000103004078000840600000000010036900000
600018503000000060000700810500096080004500007020100604000007000008000300900050000
065000208700000004009007600000700309430200006007000000000080000001094000900001083
043000065600000700001000230000600809009080000000003006500070020100040000406020010
000000074000090030002060005200005000507310000009700080000001300000654008400008100
500003689007009400000050030300040056000007000015230000700000000000000302000902010
002007004800409070004020000600000900500206000000000048050730090000800010080095000
002005870000100000100870006000200005000008003009060280806020040000490000007000500
001090054300024000009100300070006000080200900045300010000970060000000000002000708
030507000002100080006008509060000400401000000000000360008920010000800003020000075
000008000000900035006000240300007106000010002081000000502700093000000000007896001
100200000046000000008070000000800020000107400400005078020001000050604007700090130
009005000700012000800000910000000500090030420050006071402000006030008040000029000
070060000000008000280370000100803002030000000059000760603000005000400890000200076
001006030800000000000700206000000060009000352745000008000060000400901007300200140
070000206800006000016402000069000500008021000000009000004103000000704093050000010
000049802000000000000006003100003090590000048702000000020031004060004100004090050
000600080000049005000070910000000458020005060079006000000000096090250000140000002
000041008080002706000960030309010057008000100520000000002000080000003009007500000
000920040290000050000000100004060800906008001000050074060700900417800000000300000
009000800000301400000080003000002001080014507002003040900500060007000039004000200
004006000098000002070000948900040010050000000000920700000107000300080007400030190
054200000900040010000030600007002400080000165000001708006023000000050309000700000
701000400400910000050800001280000006070000930000000540500700000000060000109240005
070905006000230000400000500035600070600407000000000008090000180003002000001000625
900060000080470002000009080005000030000003800000080470620097300000304000040005200
000390020045000000000000604006000830004005000980600000170003050090000703000080069
000000900043000201007024000002740030000800150030000080075100008060009500010000000
000500400050000080009070000000403600000200009800090500580700106030000070206040900
030004900008570000000080406000060102021000000000000030009050003007100650000907040
000000000300027801100083000005001000001370060007004002200060070004000000900030650
060013000003009000209004000000000670004000000000180503000560008700090012100000450
050000090090062801203000040040000028000120000800003000107900000408000003000000012
000710050000000096790000003904001000000000600530000004000905200080006009370108000
804023000000690800003000000100000926002750100400000000000400652350008070000000000
000000000002000034130207900027103500500800021000000000200000190780000000000364000
003000050400000000020040006000000094500020003009180000600500012100807000030200860
000005000600040930000708060000094001000000098001000200540001003072003800030000007
504000090007305000000100204300004800000002030000000100070020016060850000032400000
000020000547000000001060700000010006000000581032050000054900000900071050800000390
000000010000360000409002050102000830006003004000070002200050000500200040087004060
000054100000008070007090040006030000050420010070000296090000000048000060000005087
000906000000000806000040010070030200459708000060004000500007001004300000032009500
070004200800067050635001800000000000000049080023500000000010023000000704007000900
500000003000000142010007050860040007000601020001032900007000005400200009005000000
000260030800000000004390005100450006000070058000000000600007000008000302039620700
006100005001020009000030070070000000000900010600000082003000246210095007000300090
045000800800920000060503900000070000030608027000030080000001004000040000007006205
000000074000039000800000001000400280070502003000006709000064090004980050601000000
000085200040000501090700000900564087000002000407900000060300000305009060000000040
080206000034000000000030480900000056002000900000020040540300090090015800000070010
807000004096700100003090080000030400009400030000007000200019000010000570000008610
000093160000004000009100700000000200608500013001000000020030600000080000105026084
600705000008000500030200060000300000000001604003020910200600700060807053000000100
000005700867004000090008000008000002100000950009810630000950000320047000000000060
030076090000000007000009400503000001019000802200040750000500000400700006680200000
900001700042070000000000301700008206000300000521760000070000005060020010000000092
015004030090000040000009006030100000086070095000200700000000901040008070009307000
009120000200000805010004000000800007000201300000007500301900478004000900000050002
006070000007401800000930005050009000090600100010020600000140002000007900060000310
000000480010030500080605000000008000500900810860040302004002030000000070023010000
000105063607000000030000900000020008093800000006001000085006000000000102009314600
900001040002300500000900100006000005100050028080060300000000800405200090000010053
041005002807060400000007000002040305003000000100000890000020047000600008005090060
