000000870086500020000300506001003000040090710090008400009600100000000000207100090
000008006400301000020400800000090050005002600002000007050207010030000000807064500
870002006000003090000870020000000500000054007060700049030290000200040060008100000
000000627000870039000050000640009000007648000000700000071030002405000800003000010
200000807800609050000400009090000204000300900070006030000200000010048000507000086
020401560000809000005000300910000000004012000580090020000003070000000016700080009
020030400600000059000060730800009000000006047001002500240007900005800006000000010
010050200007000091004090008430800002000000900000034700000002075300900000270000800
000402060000600090000008205008903000065007008000001003001700000009800004480010000
000390010230004000000006000006010000500600000710503040000005170090000058080070400
010000002005820004008409050090050000000900480000270000300701008000000100020003060
000031800020050001000008002002000490070000000000580200017900500050020010000060380
000000238010030090002090057050000600000400000007005003001500980000906002008000700
009604000004500300030800020000000010100006042050300900060000100400700856300000000
009010700850000000400000960001090040000000000000234007002000000000000854004569012
800500604007003950000602000700000400006900503000000002002060080003051000050400000
070600000008000100000070008052004001080039060000000940730900010000250000009000605
100304006000070000300600210400000005050000060006700920005001070280009001000000600
006010040020000000090402000300007050008000704000395001000004000001056009600030800
000090050700080600386002010000340080100200004000000200090000061000000070518000009
307000005000400000480060020020000030900000000000506070800600041040008203070009600
070800904000006180023000700700000000000130000008004200000001030006502070004000806
030000000620090001000500340000047506000000070000800009008006003260070000700980010
080070003900010000000008416000000805000049700020000040105800000000500009007360004
700000000050910842000060507820000003009100000005093010000406000002000001030500000
061000000000003002040089100000810000079020400800060730000400500000030900002000047
800070001000006209097000300000000008000180700700050430010000600509200003003000007
400000300001003002089024000000067030600100800050000209000075003000300590000000070
001000080067900000400008190005001607000030010000006400000340001000080000300095004
064300000000090000000205308003000400000060902000000150008009020016070000340500700
010047000000000450020300009009004306000090710000000005000080000500120670030000520
106070900037000000002000000000000784070000050843005000000017000001900320060500090
061500000000060000904000006005700039000800000000030080000305047300049002006007010
000086000400000103200000950000609004006040000800500300000401000320000005081005002
085600000600030020000000360039000010000000600000093050021080009800207000007040002
000003290000080030002000604007800053000090000500070009000000010071005302300700400
400030618000000000089000023008000030160007009000040001000059000000082040030460000
000000030700160008643000000060005049090800003000000700810300050006000020970004000
000006005090000000000030708308072060060050000000080000000304000050020084002095301
802300006010000300900105000400987000000000400000000290030008520000000008050029010
004875090010000000002000064600001430400000206005200000000008305000740000900000020
000007008020003090604000000070010000200008000006500073000030917000209006040006800
000070900490000050000000002604080001000300000080005304000021070025600103800040000
000920600063100509100000200000000000804600001016040302000030000000000008428000700
090806000000073600080000700300040000006107080051000900200401003005000004800000500
000000000200004000005000130000097260000300800960002004050038000007405000004700380
750300100020000000004050060007000600000000359005630800200005708009400000300007000
004609050503000009006307008000006900000480006002000000908004100000000007010800600
000000010000360000409002050102000830006003004000070002200050000500200040087004060
000000607600000038000001054000540096700000000000002000013029060024008100070030000
000230004670005000000080930000509000000000020054000300038020700012008006005070000
000000004107030020000008059000000670006105002075000400902000000008200300003706000
000000041004200950790000600080007309000300010070500020000086000100950000800001000
750000160000100042000209700020000000300001500470000000080050070006400300030006090
040520800000010000308006070004350000000090658001000007000000385009000000400600200
000409700001000000000075890700062003002103000080040002060080210020000070000000030
010470020000010690200600070000730008607200905000000000000000000009058100040000087
000060002809000070000012005400108300070030800100709040008000760001000000000503000
000214007000090025030600008010030000004000006300150009048003900005700000000900000
052000000000062057000000041031700002000050086040006700168000000000004000390000600
000031008060000004501060090028000150000000070650009000100002000300070080084900000
006008030000043009204105000000400076000070300100000004060800900003002060920000000
003000200010004007900700600200900000008625100030080500000000450000000000006530908
400700005030200000700000390000608000009050076000030000000000400090010008014080263
800000170409002000037000000004000060000005380900070000000147008056080210000050000
020080009603000200000004000000001008000097534004000000008010003000009746069003000
010300000000000900009720006003002800106030000000060020840090000030050008000400759
001008900070390400024000000407000000830050000050009200000780000000000706000063520
500800000000004080009006740040000070000000520102009806300008000000670000018020090
000000830010040002000300700009080000500009368020000900200090000645000200008705000
000000070002006000000389200000000085000041000305900040620010000400060908170000020
900000000010007040423800090604010000200000500075008004000091060050070038000000000
002000300607000000000060500000904000005001600009300701001590006006400007080000205
000708094010000300900000670008300500530060042006802000000200007060009000000000060
000002030090005100004860000500300000060000903012000680900000010080000320003000064
304005009000080006005900800000300002010000040020708000000000700590002600100400098
009001000000009000302078950710020035020000008006000040570000080000300000000040503
080000200000000004000038060026000809500000003000004050041000000009081740208090100
600000207700000300002090000048000006000048020001063800000300078000017000000050940
730006000000008900280970004000004506000800000020000048600000305800007000000043600
000603904400001700007000800900000000608907000500000008000005000006400207003209006
006000430000002050020000900000070060001300000000820005008260040010050000070084610
000002000050070680070009400000900000060403020001060038700004803012000004040000000
000403006007090080000080000080006742000020000060000050600040100100900000402067003
005000008000704020700000001007000650001579300030800000000090400300060002800000076
000020000001000850004507000000390002010400070009000008090870400500010060002035000
090002030007400009400000007000000203106004000020600700000080104000025000810000390
069000010000300002001002700500009000078020500600030070050040000300007040090000061
000006700900000002000320100002000007600804000085002930009030001060007040070000600
000000000300000010710590600000001002050739000600800003030000250004100708000050040
006000070200900031049002600000000000000070029080400005004000003500306000700209004
470080006090500400000090230000004009000000060201070003800200000006000800007050041
010900200040030000500006810800100000000500720000270400006000009001005087400090000
003400800000100040204030950900060020300008000000200000060000015000700009008050304
001003200602007050300000070700000000008020004103090008800030010000089000006002009
080006001300015089705000004600002000008030000020000000400000960500260100000090040
080000000360800900000700085100006270050000000036970000000000094470005003000190000
791000280050074000020000000000107050000000300000540000073062105000900000640000030
090801007700000803130070600000000000004000108087500090300087005000065000000000002
000064000100020908083000000000600070000015024005000891070000006009050042300000000
070003960000050000009000200000309500030000480005142730300700040000060000001400000
009500003000000020300014600090302004000090806000108500900030080068400000070000000
000300280000090001090012500000006972006000800400057030000001003003020000200400000
080000056705000000093060000300000040000300560000507093007009000004000010000810209
400590800000100097000003005000800002720001503000002104080004000500070010060000000
600800000000472000000000020100008054403000600000001003000000700007510930200009560
000400750006500000300120000080030000001008000400760080009000400010000230003050170
000603000007100005102070004340000700091008050070050000000002000500000003008400920
000000036000687400002000107905000000060040000870306000009200010430001000008000900
000000600201000000094060037000025800800010020000670100008009500300000908000000043
020380004800210000000050090610000000300500007002000300030000908900700050208001000
060000005000000080002000013000008700906005200050060000004087000013006002000023540
030000040008050032700004009807003001000490600600820000015000007000000020000040800
008000204007460030000005000500000020000030017700000900000004070006002040000378109
000035001097000200004000005000076008000310070010000000000080067600490300401060000
000040000003000580020007096060009005008035000900000100000000008094010000006503410
348002007600000020000008000000200000023017000700080069800093000000001700005000304
104000090003000000000003210856030700000500000200097000000004000080209001030060820
085000003000007000100300000843000002002040560000000000070402010020160700090000028
000006803000302000060000025047000062000000470000020000401070030600010000520090008
000020301000870009063500000084200000000000710700050000026030080510000003000000906
000004602001000080040030050700020005090005000000103004020090000500801000380007009
802001007000400000509700400010000380200004090406070000000000600000050000050003928
200003500050800007380004000100006304008002000006000070000000100003208400000540080
000001400000307906000865000020036000000700009800000703031000840009020005006000000
400200007021000009070000056500007004709040000000008000000300905006000070302605000
000001208000870009000060050605400800301000000000059060086200900040000300200600000
900000004000030000300002518008103000050007062169000000000700000000450600000018090
000061000003004700095008000600030120079000005030040690047190500000000300000000000
000190002500000009090005030050006801000003200001820005870000000000051403000200000
790010000100000030060000102050009004000004805008700009800500000014020600000830000
090501000504300080000060000856000030000000001043009570000007000007020050900010002
000003006090000008000061043020109030000080400500040000150000800000000004080035092
000450006000009030000001802904060120600000093030000407400097000060510000000000000
001703000080900400000000070000050129000430000002007000065000000240010006300600250
234008000000409810000060000008010002060032190050000007000780000020003040000000300
000001520003000000000904007104700200070200003200000109600000730050008060008400000
000060803000040105090002406000054000579000000400600000000580000760009200100000009
008309200000700000640000009060900000395600000020000006000010742000002061000500030
003040050601000002200900000002060030040008700007000020000005040000090081005070290
005008001010070000000400038030590000100080600690037500000700002000050800200000100
004030051007200000096000300000000035000001040005060700000020010700650002000300509
000000000079006001000003520040070312000300005160080007000100000800502400004030000
000001000000004009307600020003800900406000051000056300200000004600400005010067000
450007000030000009102004000200000806000000017008021090709000100000000402000082003
040090500700008000000300007000050004900060002180020900060000020500030410000080309
000070804000800260002004050600040000000000100045000006300620480010085000070000010
000190020000650800000008000805000307100000090000000100510007603600400000004806002
009080000004010000800009040000003004000700190102005060701020000020600710030000200
405000000080001057000600003008000934000008710010002000001500040090000000000746090
400008050070405160000090082000000001001000300700004000310600809002000000060709000
001094000068003000050010200000600479007000600000000005020040008000000006309000512
000080000001030450070005000005001009000523000740008000000006004960070008410900000
308000010000109060000840000015000400024300700700000000030007000007000006080295007
600980020000004005080210400007000060300670000200000030000000046070100300040002800
105600000030000009097803100000000040000000200870400316080006003020000400000120000
002005870000100000100870006000200005000008003009060280806020040000490000007000500
000000083002000000940000000006100930001786400000400700000002605005070800200009007
100300090000910005093200700000006080007000000042500003038000000000680000006020054
000000800000809620400100500000000409704000200680400000102005000507040000000901070
000013000170060090003000081510002704020000005000000060000075008090200300000004600
034000009600900720001400050000000400000006000000000875000020500903005602100800040
040076000900204000000000300004305000060090400000068051075000080000501003090000010
000000008250807930000031000390000000410000060000006200005040000000000009004908126
006010200000000079047000000013507904000209100400000000000000000002000060971080042
000000000020008090800702040090000600006100300582900000060040800910000006000080057
070000200000300005008005007005000710004086003007090600000400002300000080049060500
300000400000030107000709052000653004120000800000008000030280700650000000280000000
900700504100000600000060070300204000081000000500036400000008900000095001205000030
006009800001305000800000003000508007003000004720040030370006040100000000098020000
904020100007080005001400080009000006310002009060003000006500090403000007000200000
000000009000042000000006240000700304018020000040060020004080005000005190005071060
400800100700309600001000090000107000060000500500043809600030000000001002900500400
040050703000000000100007400000800042000109005907205000001000000006000008502908100
005008001010070000000400038030590000100080600690037500000700002000050800200000100
038000004000009001040010780080090050760200000500006000050607002603000000000020800
000030800005080070830000004000000000006004027040067000002018050063020000509000060
000200008040000009800076003200080900004000050000407300030004001060020070050008004
030040080019050040000600020900008630700000009004500000098700000000064003000900002
050000000006040790030060500000030007000002100910000840000003080005609000007050320
000000030093001000005400000009080000000900872000002600070104000800070060506030094
000000000053700060720049000010000080506000020082000396000002007000401200000090001
008007200000043010400052000000028000004000070010000800007086049501930000000000006
000800065034000000000020108009034000006500730000609000002000610713000800000200000
009000800000380000000000064000000080050816009200009401010070920030000050608200000
006090800250100090004000000000760400000001005060000300000308070400000109070002603
000000610058009002000703040000080100670300080002000900200008000000430000300507400
890007001000000060100002005080200000040060830200730000301000796050000023000000000
000000302500000040000098100000000007308700506050004039806010000070500020000083000
060000200009070500750010000000241008000095074000000100506000090030000006000300840
000000008004709603090052400050000000006000000140020056000000900987001000020070010
000082000700005300040006052300040000058000010000000038000620040000090800109070005
502000630100900005006000000300010000604000000000005790000000340910500078007030500
000002364604000800080070105500006008000000790000130000003500000200040000408000500
200000000080056073306200500025040000000000080100000062009000000803090004000407600
000248070000007084000003000403850020075000900200009000000000006920000100034000500
006300009010007000700061000030006852000004000200800007000003000400008200500070061
004000700000300200006100090000000000800907010010020047020000460000035000560280900
090000040073068000100007000007000309300901000040000000000030125000079030008050007
600400000508000000209000540094000087001208000000000000000079060007001008000623700
017006030030001400000000850001020000900405016000700005006000020008004000000980004
000701490000205030004080200000062904010000020500000003600000000470003010000600300
063500007008000200500000060100080026605000030000000150080900004009006003000018000
510004000008350700000020003000000809001600000000000200890702040000500070000403108
000000050780560000056200000002003670800400900000070008105600090000000000207080030
306070040000504700000020508000600020000002100070010003410008090002030000008400000
500809300060030100007600080300000700000100290000028000000000000800006079000901804
090060403003900810067000000000000000000000500089645300000032080000409005700000001
000010000012003005300870010020980004000067030801005000400000603000000070090000080
000007014000500060000000708006025000500070090407000200050800309100203080090000000
240000000003090170000020085001700540008000000009800006592004000000900000030000021
000008490000594006080000023700100030630000840001000000500081000000020008000900600
000000009060490730050700100000002094400000000620050000315000006704060085000000000
010000049000500120000000003080030000004760005003009084700000000200090876000104000
010063008000002600000400005860020010009000470000001006050000129002070060080000000
000018049008000005009000300600005800000039006000000000020370008700500000093400720
000000300000020090006800014070081009003060400065000030000040750000709000002005080
004500000790000000000060100000095320060003500003406000000000010120008070050040290
070403800060085003000000201000072000000000102003000590100608300500009000400700000
400030605020000400000508007000020050005309000003700001001000000030800900600900013
006104007002000360000000018100000000000000036040096020401027009000500000020810000
900500001000806000007000002100000053000900070208034900001047809000600000030000060
000000000017008000000070035009000517008100002003067000002001800000600400080305090
900010000070052086000000000620003901500009870000000030004001020008000003000407100
008005400000400180700900000006070050000000001000090308907003062000217040004000000
005030400000000093400000105000010080008000917002004000000206000060049000000803059
040002000009300601003800009001000000000098005200057904058000006070000000900000107
050004780000000256100060300030108000000400000094320000402000600008031002000000000
006000000020005009010029008509043020600000000040060700000007000000900403000850076
000000000300027801100083000005001000001370060007004002200060070004000000900030650
009010078000502400000004003204000895065000000000020060080300106000050000600090000
050800003000003504700000000086005009100000600300000027930048100400201050000000000
009070000000890704020005000000100000030000080008060172000058000400000920501009060
001028000000600307040009825008000000050000400000053906020000030300700040005002000
100000004060300920000002000879046000010000400400020005700080200001007050003000700
020007005004180000009600708000000050000000012410000096000406230000005004002008000
090502000010800607600000009700004900002000006146000000000015423000030060000000005
000007008000600000502910370007508002000020001609070000005000000470200000000000194
000007940014000600700060000690000050080600021400700000503004000000500080000013090
960005004004290000000800001600050000300001209002370000015008700000000045400000000
000005070002078000000200010700083000095001280000000009509000100000000630106000807
000000900070001060000700030000300005040100006600589401007000000200430000086002500
900007010003000080080900004000708002020000005007021403060500908000000020000084000
000730000500000000080001709003010005020040890018006007006480000000000042000200006
000005400038079000000620090000210000140050060360000009815000000000090010200000004
070030005000504920000000000006000002400007100002690300000380006000005001008002407
035000020000100800600040090000000065000054070100002034007026000040901002001000000
010000680065002030000093005001060070400000000000054810000000700000237000030001090
020070054000300600006040000010008079000060000000100020004807003060010008003005200
000060200900000043008000610092000000300700500600000000000806009000054007054037001
000100020500008030000934000002000000940000068370001500000300800080000050000097106
010007000000060002060004300008000007007083064500040020600510080009600003200000000
050002006060004800038000057601080000000500002500000040000000070000095620000010509
000250004085000000006001007000049000020070030003002009500060000068000090007810040
010700000030600508000005090500009700080003006002000083260000800004006030000900040
100023000000000000000960730000000000060500081008000476830000012900010000070008059
000070051008000000006010040000000400000932005807005009603050700900600103000200000
010029076470000800020050009000030000000040910607002080900060000008500200000000060
000006000007020640000040702000108009008000054000070000096000010801000005300690008
000900000004060200052040030020000503600080000100006709407301000000000001010420000
000060002809000070000012005400108300070030800100709040008000760001000000000503000
000203800000070013090005000010004280002000000064000009000800001000302576009400000
740300600000070098600000001003025800500007000010080000000012043000000200800000105
006007500100009004040010000005004906010300080009800017000080000200000009030960000
005004002000080003060509080000000070080016000300250104000801200020000901000000040
070300500504000020009000060000400391000060080900070000430709000200000100006035000
540000638809005040000002000003070000010900705000000490030000100090680070006000000
001000050020004800000970200400009000006200708080000003060000302510426000007000000
200604100000000080003015000000708002090000035004030700000001004006520000070000506
400010000060502700000000900000007006010054000070381020307000000098060000600000540
000070100007039204000408000680000950020000000104300720000790003000015000000000500
050000000700010040008900720803006000060000080090000000000430970000091200100760005
000803002100005004040070035000000043005100900026000000300060289000000000007000306
009050800000310047000008300000000010430700200670230000750809000000000509000000008
000000090000850001570100026600705000003400100000009000361000005090007600000000402
504001000000000950010007400000506010000040003030109000000008000629000700053000096
003705600000000100100000000405000080000002007007800006306090250010020000500004960
001200000060003050084000200500001000400000310002680045000007100000328009000000030
006000041010060000508079000100000000005007604000030290004003060000200000092000708
060000090000020830041000005000070040007204000030060100000396070080000200003000016
000003040065004070700800630640000000070002080000005120000000000000016700450020009
000000050100006003200031078900005000000940810050700400003600007000200000090050040
509008000006000000000692400000003080004000001060040900000001763700850200000030008
030700000002400009100000308070000000025007400006309007000030650000290000040001003
800305010000006000007000420600070004001000060002000958009400001050007040000090200
030000900000500000590063000000600350200081009003002700000830040005049800000000600
200498000804070000000006000008000590000100002040000100615000070030000940000320005
000048500000020006000300000900704000004052600800006030301000029080000010027010000
010400200048050063050020000002000000000043000100002908804000000005090830060070000
000003140000040960000000008200100405005070009000300080000024000089001600704090000
007054100008900000090000060000800020000190008025000901036080000072000030000040006
500002900300001000200600003000405000821000070000010060000030090080070106060004005
900000107000200900764000000000002000000504000000870050690000043100900508002030010
613000008000650000000000407000000270000410300002809000020900000006104050408000001
026040085040300000000010020000701000004050060008006030080002090200009000061000007
400069003000780090060000002007030000030000908000900020005200000000001080020300764
082000006500900030000062570000109000000030800050004000700000120003001907060000004
020400080006703004930000001080320040000100090002040000000200000000810905160000000
000003050000000860032008009047280000050007100800600000000300910490050000080000400
006402005000000080024010700030080000000603008007200090002970000000050060908006000
010000080090003006000000021009080000007012050000604070204000000000000814006058002
000063007002000000013050002000040000000380095091070008000800036007000800040600900
200030000003006920000040700080000000050000007972680000000004002600092380000100005
092103007000020000080600090000000608100057040005000002000000004300060070079405000
009000800253008000100020700908000000000017004000000260002003400000000079004170003
000020006000007350019004000007500080020063109000070400050089001600000000000000038
002005009610000000094000001000580700020000000800076192000400008000003570060000400
000403600040002007300560100000005980000000000801000200730000008005900700210040000
800040102200009000010002039100000000030807400000460008005000000000200070000730096
001780300690040008000900000800000761000007000020000000100025000080630090002800040
009000000004280300080060504600000003090000105027006080000421000050300000000008200
090034000008000400040001083020047300006000800500000000704090000030000560160000090
400600003002078005000030000001000000004002030800000750509007008600501090070200000
000105008002006054007030200009010080050000000600040000000600410080200096300000070
030000520570090000082000010805000007000800004000300050300601000000200140004005070
060000000900002000040000319100580900000020000080006030007104000300790081010000040
000830009090010067000060120680000000720000043301000000000406000030090000060002005
082000090007420000900070040005007006700006309000000100000982003001000004000300900
300876059600000000000040000800000500007005061040009003080060070100020400000000108
000010050080042960006000000708000000009008200200003007090300080652000000004095000
003076409082000006000000020000107000020400050000000007040080503060009008019004000
072050400004200000600030800050090060830020010000000002000100690000900000400063005
000950000500000304000800700009000000018000460026401007000005106003090002000304000
501000040020007006000000078009000060010926000030400000006238700000070030000000610
400600003060300004900008000000076008085000002010400090120900000046002000000000107
000000000000030980310004000020380040000009037100072000700000000690020305000908700
020030040700000060900500208051000000207809100000000000000200006000904530009007400
500009001006810043000437090000000000000000010021070005905000080000306000070200004
800000000001390074000100000547020300000030002006010000003000746700000003058000900
300800020050003008000007031002090600000740800090300000006000000580001000003960070
001060050900301000000047009005000400000790002700000600600000004050210008020006001
000109003000000020600000000380000902006070050079005800000004017000520008020001060
760000000004900500000000240050600002000403070090015030005309010000000800003001020
300070100005000000009048207000063024600007080000081000000006009530000600800010000
000000007060084005000005069200000700090308016005070080003000000102030040080000200
001060008000004200040000056702001040000800590003907000400070030007003025000000000
280760000000001000000008060000104000050000000760023040609007420000080003000090507
009080000300000600760000000030600007400530060000004800080400100502000090010000254
003050208000008407001600050730000000000706080000035000600090000020000900010800720
503700000090080002600005040086004230000073008000009000000007196040000005005000000
400087600000000980000026000000500009305009002007100036000005000709200001001000004
000460000094000005702030000000800100000300782000002900067000020040200000018000036
090035406001000000007000089070940050100200000006800700008004030000600040605000000
006003800008910500030050000010090080000005000000400600100000000050209074004060903
600700030008000000005000087000001096000050020040063001200030450300010008800500000
200000000009000000070030026000360800900001300400500000500740009020080710800050200
009100800000530000850000104405000906100000200000900001000040000786000020000026500
300800006000453000000900510090004030000016090420000005000108000000070600105000007
900700504100000600000060070300204000081000000500036400000008900000095001205000030
700000806000071000000408012000094031003580000020030050000000007061000005002900000
000105204000000000402309061800500109930004807000000000000800006090400000000012000
000000500014260930009370000280500310000604007000100000963000000000000800000000420
000705010000000200001386090070000004800003000090008520208010000004009000300060050
005600010090001006008405000100004985000003000000820000300000800064000002000902050
003500000107000308008000610070900450900030006000000081000200000010840070002007000
400016700030900000100080000000500310000709000002000000000300005704600080050092140
000021030070800000004000001000080400007340010080006005000009002002105080930000006
080003200502004007000002604000080006000900140070000300300050060000030708040020000
002000000009053000000900700508000200400008500000060003300001002080400056000076304
040000630007002800000080000430805000100070020709400000003000060000048005020000310
601040052090000001070000800000006000003008007400000068900075000005030000000860540
000900070400037006080060000020008050618000700003070002100000504000490060002000000
420000000000000983001370000352401800000725000000080000000500407009000060070040000
062000700000004900080010050003000000408970600750000300007000000500100006000320507
000080000020050418037040020000900002006000945000004000000500100000003000904806030
030000086500000000010602000000809020809200001000073000008050040000308000200100037
201000070700000180090010000800001000520090000000402050400206507000000400030780000
010000004000050800009800351000900000305001700000080542430000000000204000000007016
502000630100900005006000000300010000604000000000005790000000340910500078007030500
000000703200000010001075260010000000009000600005247300097080500600402030000000000
000070081046000000010480000039000000500049000000510000084100050300008710000060009
002800007000001280908007001830000010500070609006000000000400300000000902460200000
307000950000400010500000820002308000000000001004200005020590700008102090600000000
000000508050801206000900000009000000000082000070000012080060000924030087067000009
050079403000006005009000070080700000000000000607850001100000056300000020200500108
080000500070004210000018000000900006004000075009002300000806000305000009068309000
001040360090000000000001008100000000500100003020000450045860010700300020200059000
009700012160005000000409600000000021000000050028000007800003506000000030030840100
000000600073050000005900018000040060000870900009630007030200080006000009701400000
000071380073600500090000001834000070006050000200000000000900040007063000000045600
800051400000040060904000018000030000000500004706008020092070000100600002007004000
750300100020000000004050060007000600000000359005630800200005708009400000300007000
070000900069070004800140070000530000604000082000008000005003640090005100700000000
009413000000007000000020006870000050600000008100708000030002007280100030051000090
010000030050000920800090107700003000000000060100500400628009000004600008090430000
020705109003000070070000000006050010000900080000320400004500000050807201000060040
000018049008000005009000300600005800000039006000000000020370008700500000093400720
500070000008060010000002003800500000004000760030016500000401007080009000470000980
700000089030400000025800006008504097900360001000009020000000000000041705000000040
023000040000000005000193000000000060000800704005002109790500000500384000004060001
300000200052001000000005000500600000009570010064080009000006070000094020037000045
000002000000070904030510800008090000002000070007605003000030095100000600063000401
720000050019000200000030000080076400000100002060490301000005604000010000601000008
650010480002050003000080001030000260000000000700006309040370000060004000008102000
000000004003070060004100000706000800040000520050009000000025900087004003500060402
000000862080460150700000000007300010000540600040920000050000000003000200800019300
000043000000100004170000030000000000267008000098700020000600003800004500300050247
006005430000010760090080000000000081003150000800009004000000200020570610670000000
800000004600902170002300000700003200056000000000080060010200400000007900030814000
470600000000300064000050000000000301001080970000907006087000030006000000503708200
000090003006008701400000095051040030000000000600920000030000078062500000908100000
000000010000000470800000209002050000030007080140090600000001860070209000010805300
000030049000600000670040000007060000500081006300700090090004080052009700708000000
045000000000095300097003602000000528000900040000000000100506003000100209038040000
000700000000006042090015607000500010640000030507903000000040200070100900903000000
400006000900002800000910070074800050000200000003095000020060090008000700000089210
000900260001036070500000000800000000700000150002000690010608320050402800600000000
009060070031002000040081003000000200000006087000034060390500100010000058070000000
240000000003090170000020085001700540008000000009800006592004000000900000030000021
002900000800071040045020900000600104500010309000800000160000030000008500200007000
080100000007030000050000076076000000000071024400900008908000000025060080003702000
000000709406000000700002010004083000005400097001070000800097601000005000000006803
000000000000804900000060570000401002302000010084030000060070049000008000970003150
056000780100004003070306000000705008000200000028090040000000400600100037000007005
007004060060002400090008002000010028085003000300090004000000000003520007000030150
000214007000090025030600008010030000004000006300150009048003900005700000000900000
005004070000090806900000024006009045000008902070050000003000107060700000000032000
002600090016308020800001000051900000000000400320080000000739000600000900080200070
000001700000000050000250004000086030006012900407000060061008000000900300070045080
530000008007000030200006901000500200090370004000981000300040560000090000000007080
000070162002050000000001000000007905500810003000030000098004700400000031700100008
070509000020810070000000005004000009009004052130000006200930640000402000080000000
001800390050000760000010000930001028000060000004032050002076010000240000000000007
000001000005000006084705009067080000000403007100600900000900200000000301320000408
000489000000000060000000418100750080340000000002100000080905042700040009000800003
030000000000001008700580000000024050040873900003600000900000002005002091200000704
000500020000000900400003070007040000001209000080705009000000208050060430098001007
000000007009000080007400260000074002080003000000250008090005001028000075300900600
000082060100000700000300000050200010001005084074000903900003000040706098000000020
000031008060000004501060090028000150000000070650009000100002000300070080084900000
000700020005000900000009431000004000010050090250630010003092800082100060000000000
009005070000361090041800000103004000060007010500000600004000300800000007007030900
000000508803020007060090041002008000640002000001040005030000079000000000000705802
601020085005030002000001004460800000007200500000409006700005000000100400000060700
000002070000000530000010000007600008580097000062800004310000085009104000000005002
003800020000009700002070040020013004004000200081000003900601800800050000000300007
004000900800090037000500004000000170000300000070009453000658000090000020300070016
500080600000107090100300020005200070007000804080000002800000041064002080000000900
007010580000003201000070000390004000560000000000180000000007850004030007086020900
000070000280000710600001090800020000100006040040300008004050200070600080060030500
000400200002590031760000500090000082000700000004020010000650000609018000800003000
054200000900040010000030600007002400080000165000001708006023000000050309000700000
008001400000008091000900008000300504000000002060200807079400056100037000020000000
001000000000200090500608003090705040000000027000009006008000072005080000100097830
000075400000000008080190000300001060000000034000068170204000603900000020530200000
010903004000004000000708025000200010092106000005040900000000800301000700048000090
005800000030002010000076430050008290402000000397000000009103080000509006000000000
000000000020003070090720000003009002000060007006000130234800001180950020050000000
300059070007004000000001003000300702070005008008000000200090600001070080000406901
090000006007009020000570041100800279360004050000000000018040300004000080700000000
401706800000800000000900420050000394000080000730000000000000000620070050080510062
410000006000030800000500000000703004000100273080020000020000001090270300350001002
000260030800000000004390005100450006000070058000000000600007000008000302039620700
002030908000004000006009300000010080050680030800000740005700012003050000600900000
600705000008000500030200060000300000000001604003020910200600700060807053000000100
000000806000048700300000020050010000007306008001500000010002030940003007000809005
034900500006080000050000019000326901000000403000000002000003000010502830009800000
080100000075003008409000000002000006000000040350080020003401000000006504507002300
004017090030000000027089005041000000000006700208040000000000007805000004010095060
053070800000000070079800205430000000007005400060100000200004050000018000000063010
000000001087000045000020703019008050500430010000010090001300000000060800038007000
070031020504000000080000460000018900000900038000203750050000000000700390000090004
060900070000080002500000030000058004600100000008700900810035000300820000009070040
040000000710380000000752040050000600206000700000800032000020803000000050070603900
000072000401603900002000050689000010000007600000004520008040200900010000103000000
000740930600002045500003000000030060000028400090010050000054090048000000000000120
030000000620090001000500340000047506000000070000800009008006003260070000700980010
810000006070840502020050080000000050000090041001034900700000000000000679003002000
042071000000090037005308000000000000470000000800024010000003000060200140050806002
004017090030000000027089005041000000000006700208040000000000007805000004010095060
900000206000004000081070009008000000003165000000000702400000038310600900000500067
000000068000809740000071000000000503000005091009002400706200000020000805910700000
070300008000000970900180005006000004780000030351000007800030260000009000000040080
000600029090000603400030000008010400000800010003705006610200050700000201000900000
000040590080620014000000208006054000000106000000090000401060000007000009500308006
504000000020005360700060000000502000080003001002094005000030150000900048090000700
000250004600000080024000700002007300190000000000400008050009060000006840000034019
000001300890000000400028001000070003009046002012000700008000290006037008000050000
000052000000000460800030000000005170027009003050080004002064300000710006070000010
400002560000080002900670000000000290760100000000004000073006100680000009009500003
600040000000002706000600089000009000200000104070000020000027900060903001087001050
200794080000002006500000090083500100000040005470000000061300000000000003000020719
007490000046050100005000700000000009001002406000530010009006200060700000004200600
000610090000000000092070000000040081600000320000508700014023600000000800306005040
007000000002500397000280000006000900304005020000020100600090200009340600080000700
000060590000980047600070030000000003008001000120000005010700000007409006904500000
030700000002400009100000308070000000025007400006309007000030650000290000040001003
000000400000003017907000000150407080000000040700830025000090050060520000010700800
000000310200004080004000007093008000060025000000609500000003008000900072008500409
000900008300087090007002541000306007060000004003140000006009200050000000800000900
500009000010003900900054002008000075097001030000000480000406000600070003802000000
900020046200700000060890000004970600000200700005000080000000479000500013000030002
308000010000109060000840000015000400024300700700000000030007000007000006080295007
020000605001050080670200000000702310006003000040800000532040000060000940000000003
900230704008000000010904000709020008030000500000000900300146079000000000080000053
036400000080000004900007000000100003000950402000320006203000007005009000001640800
030002000000604007092803000000250014000000039000007280050001000080000045007000600
705900003000000780000640000300708009000000000500004060000002900280405030010890000
090000050300000009000700240500000001049030008070010064700020010002008000083070000
080075000160200000040000000000003009008760400014000800000120005000907082070000600
000078000000010043900000000009000000063080004520604007000701600001950000002000350
008000709000006040000817002000000016000602000040000570950000001602040300073000000
100504000000079000030680000000010208090000304005003090004000586017090000000000900
002000005006752080000006041020000000041900003009005000000097000004000602000023800
006537090000002000000610070005000000000006015860709002010000004003000601000800050
000040000600008570102000000008036009000905640004000000806000320000600050000201800
090000006007009020000570041100800279360004050000000000018040300004000080700000000
000000005070000320000501090007060210000000008390080007008354000020800060500000040
010000000009007380700450090000002900000786000406003000180030407000600008000000500
000000000820300070019000054090850100600903400070004030300496000000500000002000000
107000040090600080000004003000030090079000005000790000802160900004000000060087200
004280030700600000000094006600000007903070050000300002005001004000800000000030125
000170000102040300000305400083500200000007000970000004008000000420000560010006009
006500000005100007003009062000000806058003000400702100030000705007005090080000000
000004970000189005060000010000010300030000040809070000000007690008600500050201000
290000040100060900000004070000800030000030005005740000030015090700000102020008300
600004007489010002000002000000070000060800000001003709108096000000100300006700500
001940080760000009000000200005003000040200070000089002306000051000090840000005600
070400900005601320010000706000006002000320004008009030000050000790000100003000080
900103080108704000030000000091000030003600050000000600000008001020006000000052498
008090030004605000060010800000000090000370008790001004050038000010060500040500000
803007000001900003000060045200000000000006009100040250000050092050602038090000000
000002364604000800080070105500006008000000790000130000003500000200040000408000500
070000026009000000000230090001006009050090714030020000340005000000000100000800452
000000003000003060000650008009010000020087095063400001802000009000000700170000804
000500030300070001000004902002000103060001007400060005004600080000750000050400010
000900016009063000000800400090000002006005004302008000070480000040031000021500000
600080042900003000003060010000020085000700600000000400801050900030040000002001078
000500300090000000070106502000000006000080035024900010000700000000340028007021600
008100600000000040003000820000400080097030200045086090170004000000600050000300008
052078000000050000860002009400600100039000460000000002080001620000000005005300004
040000100003240600000008049700000300009600070420800050001060000000907002000480000
000000390610000000034060200206070009000000000700035000085004007060180000000300402
500000003007800106694000000900067032060000504000450070000012000000000000009000710
500800000000004080009006740040000070000000520102009806300008000000670000018020090
080000076000000000700005004800146005091000000000200000000019530300600082007800100
060090000000070009301006050700000600900000034600528010200000003000710520000000090
600097000900000058000081063046300009780050000100000400000700800000008340000000006
009500010004300000300061000040020009090005000005000007000006000057400301102700080
290506380000002050007340090050200000000030001070005060000000600008000000031907000
003062001002000600400000007000028003009600400020000100000004705010305240008000000
000053000900824000010000000020080130000600020700000009065008002090000084003000570
670900030004010005000030809000190000020003407000000053000040306010005080002000000
100290047000040053600100000805000069070800000000030000000900001209400070000060400
000602030005040006700080009400000000360000000007090603002008097100000000000970024
007002000000300800004007300060000500180090006040600020001050004000000219000003680
000200560000705023000001008500010000700008900100060802003000201006000005840000000
001008790068000000000020600000007085600400900490000000030780000000310060009000053
400720900008000006000100000000000300000540010070360280769050000100000800002090001
400020050000690000020000840001849003000500060052100000170000005004000000000930070
000800007520004000080903000050000049000000800600209075000006000000000408790040302
000009001004100800000708940000800000296007000005090402050000010000004000800600023
080000340000070800600003000000500000000096080000000134030004508006007090470010060
000060030000003040406120000004000050060200080002845001009000000005030006000008710
000004900000300400000890003030059000000000305140000070089060100200400000003007052
000000090003008004100600000050000006000003002000102485000807000001000250020090637
070004601205010094000605000910200000000008000042060003090001002007000006000040000
082003400300000500900002300800000700065100090000000000000590076006080000010030850
000000905000064000003000860900007000106000002000005010008100090701000020094070083
600100800000070050000405070040850000050090006023000000030000008109006024000040005
800201003003000040009006000054800009000900030070100204100097050007400000030000000
006000200010850070000007006000009068000060401100040090007003005300100000400080020
485000002690000018000000500000712000060085000000030020001300060900004000070900030
150004080700501030004000700900000042000120000000000100000460000206093800800000007
000050387000070000090306201001000000430000000000690000040000092000280003803001700
900000500000080046031000000840000000000350080000200437506930200070000093000020000
007006080000030004400501000906000000030009000008307600009000071005700023800000005
090480012050000904007002080008500700000003000000200690009000205400800060700000000
005900046300005000008100309000000000040000730020001900007000005060003091001809000
090174020000000800000020003001003000200080061006050002060000100300900004010000089
041000000500300270009576100078200003000900000000000710000000300000700000320090085
000046000000000200405002003070280000100000000062000900000890160009000070050067402
000750008006000700000930000204090000009000070800010053100000040045000180008021000
204000100000108000609000040090080020030000005060900010048060090700300001003020000
075290400600007000009000000000005000000040080000610097020000004000409071030150002
060000000050090280100000749012000000003006091000009300007040150800000000030020004
600000700000080000000000345300060890000001000790058000903504000060030012510000000
000048010020300908005000040900010400100000030086003007000075000000000060600100054
000703090000805040090000000000100200300000004000000539700000000620040005043682001
700020043040067090900000500000100408000000317000006000000040006405270030080000000
040007000003004009000060030005100003700900012009800006087020050001000000630001000
000100009050000000100603042000009030004052006730008000026000904500000003070000200
000000000010090450700520000001000032000080701050700009430057100000200060008009000
083009200002000500050000086100270600000000000009005040706890000000050408000063000
040002000009300601003800009001000000000098005200057904058000006070000000900000107
060004005000109002000000070000000006050020000070315094300700400190040007002800000
504080003000300000003000600009007020305060001200000400000600002700005310000041800
000003069000000007001090050008607040300002001400000602080070000063050010000010400
000003910016000000000607020000421300000060498003000200070000600000098000501000080
036400000080000004900007000000100003000950402000320006203000007005009000001640800
090700000000020060000013005070092086004800300000100007000000008600030250008050070
034690000007000408000010090000001002000460903000070060020000500050806000000020089
400500001008000007019000000001000906000000080053800000000005264000029700340601000
007600000000890530000007000070000000006010300402300980610908000080150020000000090
500067040000108000200500100000040005030000007000000890004086503020000009300010070
200540380000000090000007000009000058001204900070050020042109500800000000050003000
500000000070204908040003500600807000000040037000002405060080300007000802300000000
080600000005009076100700020000070054700800090008030000006000700200008000034000510
073000000500080079008057000000908006000000000007210400000876002001090080000000034
005003908000007100800206005000040000004009007000070800500002370098000520100000000
050009060607000000000070502001000004072506000009400630003000000015700890000000400
040000190005630000001000000000070000400002900730056002103060070000400000050007089
100000602009402050000000780004800006200000003060003100010080000007900000602500010
500000800240060000010500000000004009000000030300010286080002703000700010120005060
020037060907804000000000400301000050000900000500000002000001700400079123000006004
040107853000400670008000000002500000000001002060830000007000400000005016903000080
056700030000800510000090070000500700080000000069480000007002090000010000694000150
010900030007041000000063000030890004764000009001000000000025901000000406050070000
000140580002000100504900300000580730900020040050000000090000020170030000400000007
080005063050000002006020008020700000400000030508060001010870400000900710000002000
008000700040002030060070950006703085002100000005000209000004000007061008100000000
000009064000600003700010080045000810002460030900700000009036000000090500050100000
020309000800600100060000200000700021000012030500030960009000000008000049000007508
001400006800630000040000009002000900489007000030001042000080500000500790025000000
050001000400300500009000106570020004900106000006400000000002000700005900000038470
300004000040850000008000010000007031000900205006000040070003000012500870050010900
000000018000040002040005070709020800060009030010000000100030500050980206020006000
002000064900010000700000280004000090000907006000000045806004050050092000003580000
097000003000304000040000001500000000002086370008003200000062009000097580000400006
800006904309400507000000000010093600000070410005000003700001050028000000003500000
900103080108704000030000000091000030003600050000000600000008001020006000000052498
000007080800056400060010007003500600700000000900000501400008010000005063002070009
004709000000030000000500070806071003000006900000940100000000012310087000009020400
070000260001500730930607000000900004096005000000021000005380000800000140000000500
090060403003900810067000000000000000000000500089645300000032080000409005700000001
700090300009000006100200800030480060000050007500601020060000018850010002000000000
000000700041000000800420000317000090004700020000500000050000032008094070100630004
000000060306000000000000805000605071005000300100870042900200014201080000000703000
092000005040900010000002000003010760007000094000004500000500170079000000100800039
009000800070005004006100000040061000000200401050000970080432000000918300000007000
910000000002610007000005200059800000000006081300002049000058073000700000200004000
000000800071004069590003000800097040000021000002000081000030006005000970000508000
000070000005902010200000560809060003000400702021008000004097000000000000000850034
000040000000810400006000900960037080007000010003005000002600000000090204540200830
000050000700032008400006590001500470000087009000001300600004003003000000000020905
000000070000000500062700030000006001010020806000400050507600000680270000400503020
060400000009080607400030000000001000020800000004700360080902000003060820006000079
470080609050000040003000007800300405700000060000057800900000713000002000000040050
300800407000006180000002600100200060050040000020007030080600259060900000000010000
020000507076000000100900230005000600980000000000384000007050000030870050000409060
000000089070004000001072000102000000047006900680030400060000805000090040000701300
000000073500000024003000608000001090001090000800760000027080009080500040060030100
095000004800010600040008000300820900601007002000000010208060400000090008000000307
008005000000100096610208000002901305500000080000000600009030007000000200080740010
050007000000800000007069000031000050002605043000000007000200461100053080400000020
040026000003098050020000470014000007900000000070084000000007500001835000000000901
730090060000000230000460000870000005200015000605800700008600500000008020000000041
480100002509000470070008060002000000900400200040920006001000000000670081000050000
000084125000900000208050000090000403004000000500009800000000700650300002803002040
308500400007000601050006000000050306000421095000000000005097000006040012004000000
009708001010020890020000704007000000000010000300060080000004006004000530005100072
000490060040100035100200000600058002030001000905070080002000000070000304800000700
001000026700001930000020017030005001014000000000706005400080070000530000090200000
000003400400000000036090500600000002208040607000010050001082900005070000900005004
000000000000460100076000920008002034000008200000001609043090008080003000250700000
300018050010040000600900200006000030000004100080057009800000004075030001000009007
000900700800300060050000940420010800090003000100200007004000200006800000300006091
084009201000000003000125008001603000000280500003090000510000000039050700000000090
000710000005000000010508009000065040000000900003040005530800021060004753002000000
620070004000000000405062003052900000080020507000040900039000000070108000000600300
508020600602007003001509000004070300200010000060002040040000900000000060000030107
000100009006000005300020087002030500000481000000000600073019000400008070000740002
504001270000009030300070400000000800701900502000007061400300010900000000002400000
004020038080000001000908007000000703009000450040060000001000086790406000200001000
000060000041500007508000000000000206209000080000003091102006800000001003760004009
400800000000050091062000040000000200000085070093400100300070008006000009008092400
009000670000000805000100002090010080100004720004003001020300000600000098730500000
080000000600108930001260740023000810400000002000710000090001006005009000000000020
009001070000000006000840009002000000060057800500008700030000090000490207006300051
000000306000300000100095000006000810000400020005280900017500000600000180030020470
010027900020000540008900700000000000009100070104000300000060000600240005040500103
000050003000820400090000271003201005000005000002000600006583007041060000008000000
430900500076000090090008100004507000080003900600000000001800060000140003700002000
000009600600000000790041080010004700000030000003000829900085007005400003000260000
000006792000040000100000003000085030003700000000060847910320000060000970008050000
006070500000026030000005090700008004008000200042000910009000027000800000203000640
206000849009000030050600000000904005500010260000000000000056023820000000000790400
010000705700650400400900020000003080007000100080010000020069030108000900000200060
000900005000500604500348000005009300007000000000010908700000000310000476000060201
008017905000500000000000017045090001200000890000000706006400030300700000900000408
000000063058030000070000090500003000006800970000000604010008009007150000000079820
050000060003027090090006050002000010500030000000080004800900207007013000000408100
036000102700000006000300000009400000107090080000002009050600020008105040000083090
000704050001006000630590070007000216080000000000040709200050001000070000060080090
000080006680034000000000504040060091003020000000000047001890050070000000095700020
007080000009000320064000005000000000108060900000893004000009070400100032005030100
020000049700509010801060000000305900000000003600070054004000000000208000000006298
000900701000040000070002050006000100702600000010009085005000304900000006003450007
520009000017080900000006003603800050000003600900002708005010000000200000040500010
000001003090500460040000007000074900000300070002900005006000080410028000080035000
053100670000096000004050000080400003040700108000080000030000500900000001002800960
640000730000010600100600000008001007060002900004003000000006005503000160090000084
000805400000000069000340057040019000010000000820504000031000090000008206000007001
100830200300000005506009700000000000005000169910508003000100000000040050208000090
000700020005000900000009431000004000010050090250630010003092800082100060000000000
008400000300020090064900010800003000000008020001000650040809000090000007106000940
024000006301000500006000020090001060800760300045000000000610000000907100000005094
006005430000010760090080000000000081003150000800009004000000200020570610670000000
970301400000000000005000030002005000800100060300200819010007000504000300008600090
010047000000000450020300009009004306000090710000000005000080000500120670030000520
017050000200000504060020008001006009000007020000000600009002307030908200050001000
007000080560800000008000593820007000040600001000530008100070200090000000000050049
000300920640200030003001008010070000000003540058060200000000800000900410000005070
604000070000000001508006000001000830000415000097020000000009028005070000000034109
000000806000048700300000020050010000007306008001500000010002030940003007000809005
020050080008006035000090400004210000050300700700008060000000020000001309900000041
007008600000030007205096001000000050000000008009485703000260000000000349100000080
015003700000040003000060100600900000000001507054000000090002604070004000080530070
000090050003008040400650000500072008069100300300000500080700000002030000900000160
002500608000029300010004070057001000004003500000870009000050080800000060001000400
080000030012004006500000000000000052000890300090200004070640108060020000908700000
500700421003000050000060007060000090005090002010006503090800000870040036000000000
000609521000000000080500030214030800000005000008700060090000006060001054020000300
000025030002800600600400079000040000000050002050931804020000090460009000100000000
000000074401005809000009000003100520000200007020006100040001000950304008000000700
009800600030006710500000090061009002020700000000600000000007059008020004100040200
005800000200300410480000700500000007100407902009000000870050100003901800000000000
030002700090008030000300069100500000000040150020000004900007500700000013802060000
005360000902001000800007003600000008073000050200040000000000815008000790000094006
020090040600082305301600000560000000000703009000000030870040000006000407000000082
046000700507001800030000002800079300050000000000083160000095007000000503900000020
806001090009004030000007051000000305600000020000020710003480000005000000208130000
400010009000400300020009005050873000008006010600040003001000000000000490002090056
000000008004709603090052400050000000006000000140020056000000900987001000020070010
906075000000100003080209000008000100020061570000700000030090004070800009000007200
003020000000009004004000001500042000100800000040100006000090235000034067200780000
006700094070010082031000000000021003100004960004000000000003700020900000500180000
004061905370000000010708003030000050608402000100000000007000000000240009050010400
031070009004010000008000000000562000000000004600004002009020067200890130010000090
000016002090050007300000400706004005000820040400500000530040000670000000000039020
000090008040102005000005000900010300370600009060000001030000700400026010000901600
020069800701200604000000030100700000000380106000000408830000002000008309000005000
080300900040052000000900570000000400300000057000270801004086020500027000006000000
060080001500020000320000508000290370100000400009050000006003000004000003010507800
920080000000000104040700050000004610050001020063270000000007000000500069000100730
009050400200000060500086000050731000804000200000000000067040920000000070400002650
900000000002037900010420005005000000000060078000000231046015007009670000000000080
005000400900000076087006003000080307600000000070600028020000030000710005000000694
003005090009170000400002600700000840090400060000590700600000503018200000000000200
650010040000029580000000003800190000000000060000400930938000005000008002010057000
000010000061000005300205008908730002000000400000000007005001040000024700190300050
000082000700005300040006052300040000058000010000000038000620040000090800109070005
020000490090700000701009000570000010036020000000068000019600040000000083007302000
000700580002090000040030001006000900700000102410000006521007300000000207000400060
400080000020970030000000452000007000002360000003050094000002010100700900009000703
070000830001530090000000765000008000005143006009020000100065308030004000000000000
003026050000078000080503092000700000095100000070000460000000681430000200009000000
000350600009002100400009007597000000012007060000090000000020000001530004060008500
603210000000000000000050431060080009042360500007000004001000068080030000009020000
008000000042000000500080030200006000900800000060519040000020007000104302706000410
746000810901007000000030600600042900200009000070006000500000020000020100000401050
043000060600008000000200103106905030400006000900000080000000001090040000200380450
000000600073050000005900018000040060000870900009630007030200080006000009701400000
500000080009620000020300059000907000000040372400006000000001900080000700005800043
000104000090007000007060200600079018000000040000050700040080306810000005036000900
040060300000005000038017060003200000180000050090006080010000600000009000004032890
026000050000040070003090800200054000360000700874000000000100006050860400000000920
000250703000800200090060004010020000000000006004003908040600037230000090706000000
070000900000000150200000047350001600094260000080090000000500002800000500000904810
005000009070000618000970000400000800000120000003000007000000005020358004081042300
900020030020013780700080000000005800060090100085006009000030000007000000006700902
001905000000030080009002070008000000450000000960700020020080019000500400000407502
000020000008000450007000029000006010006005302020708040070904800500000000013600000
000604020000730000040902500300020010500000098000000705480006000100080043006000000
060030190800005000000000006041062058000003004002500600706000003000100700050000200
010000000006000250002700043000054620000008004008030079000090000600000080090045030
200080600030000002000000471040090003308040207000700008900100000000500100520004000
821000000000010340000007009906500007040700130005002000050908020003000070090000000
000005024500709800320000000003002001000000090006907000408000307000108005001000900
006000804073000000004000570000090060800100000900502000001020706030010000600040109
400700000000090243050000900601008074000050600000000000805000012009000708030001005
201500040000600090000003700600001400530000008010008052750000000000080307000902000
900402008000000170030005000000004060000890000000003507090600082004507003810000000
000000000030010000650300020081690007000007030000001090007500208400000603006000015
060000085004185000200000370050900047030020090000010830090060000000300000003000020
108502600000009000006100300020900004000070060000010870007000005060090028000007010
020100000740000060003007000600800005070050309000700008000000906100500004050942000
005000000602009503000680190980000040403000700007000600200100000070900001060300000
004280970600000000050000048000000000000910024020030000010058090007300800000600230
709000008005000060040000210000100000801000900000048001070006503300080000206009040
008090000000041720450003000020000006004000000005700400030080000100200560700006081
000005200043960007000008010016000000004030006002400830000800900070001050060020000
030012006105000007000900500001470003008009700000020090000230004000000008672000000
020000050009380007005007000000000068000560900010042000000704032730609010000000000
000608000030010064071000008000067590000200000000409000800000430020005016090000007
960000004080007030403002001000028450000100003070605000000050800300000170006000000
039000060400000010000840005000300000100000008806100030600005000504002091002001080
008000021010005000450000930040600000003074000082000000000008640026000010000230007
000090305004060900380100000006003580000006000000080102920040000000000021060002700
000300009000210300600007000003000645102000007045000000924000030070069502000000000
010064090000030007030009401000200870900000000000003000001000045040001980500008020
002000008000090107000815020093100000000003900000026000045002069000000300800500400
800400032003907050600000000007006010006018200000070400030000000000000920020005073
000100308090004020000000006000060080004008000005000279008709500020040900140006000
300000000960540702007006009406000080200070010000000504080004000000000026000901008
007000580000640000000009060000087050082003000005006140708000003000100405000030020
009070400008000010000000087000004005400001063030700000067080500005300008000020076
403708090000200000800000032000609003070002100000300905600000050050401000007030000
030100000004690000000704850050020001700080090062000003003800900000000045000070030
002607090000501408003000200080000041170008000060010000000460020000002069000000700
930004000000006000020500010000000000003609002280030100000103980007950200400000050
000056000001300009000089063040070610010000328000000000009000000087000200000542800
470003001005700093000500002000020050040070000000180000090800200300000009020040807
000507080400000370000830001840000600003000090100200008609071000000000730000020006
000031050006900800015000200060570093000000400000009070000000900048005006000203008
000600001000000000600034927000050304000000000904010080003800005000500009075209600
003100006009000200000096008700060040062000005901070000000740000000830972000000050
800100000000020007060070000018000050740200009050004010006900000002041030100508000
000000007000014060700026340002050409000800050000040708000000000008300010503090004
001003200003600004000000910090070000000450000050310027040700000080000035007200600
209030700405060000000700906000006007001800020300000400050000002004020009702000300
000000000380027090500406100000640700090000010000050829000004081002000004006000200
000003040040800000206004078870000010503709600000000020700000000050000203010065000
000830004000009000000000196000204300012705008000010050080000000000347501007600000
000100090030040060076000002000500000081007930200000004000400000000068340007013200
009600000000025900500000001030207004002019800000000010000001000100000536078406000
010003406000080090400009801001400000370800000002051000006000009040030000050000120
000900700010002000090075000200051890004008000000460020050010000020000030607004002
950001420000005001000000700030000006000054000018203007000008000000902860300000094
004000700000000580050090000860704005000069017900000000000002008001070006030001042
367040008090007010000500000000000100801000200003006000080730090000050060040091050
030100789000000002007506000000040230008003900090000004014890000000000001000001057
070000300520000080801047000005000007000269000430000200000010800000085900080600005
008000600060210730500070000000080129000100070003704080080000060000000400300500002
040000900700106000003008020002003540057000000034002080068000304000000070000080050
350800000000000400080003000608014030007500200000020004010000025000680710000200300
004002613000070040000600800005010000030000075900200300008030960100809020000000000
300000040067050001008120000800703005500000700001006000000600098004805100000000002
060009405003000000400050090010002000000503000004807600050070029027030001000000003
000030060000497000010000000200000000008042901007000450003018090005900300009000076
006031000045000006009000120000010600000079010600200005020008000050000230000004801
002300600004061097800000000009006003500000820003007049000400010200000000070150000
006027003005806000204000000000049000000085060000300010900000070003000025010000346
400008000000090020005000003000001409000000010200070500060412008900600001802009005
500700421003000050000060007060000090005090002010006503090800000870040036000000000
034008120009004036008000000800010003007620005900000000000900007600200300000050200
000007061020000000500683002400000700000360000000900030604050090180000500005000076
000007940014000600700060000690000050080600021400700000503004000000500080000013090
005078000000015004000000170009300516000000000001000030070500090306907200000040008
000027000000300406004060070000000008700200060800059014063000000000905000580700009
005000001060010704000007680002400005000070009080600000048000030600300000010086900
000005010800400630005900708000710000037000800060090000504020000602007000000100900
530040900000002107004870000009206003003010005000300010000000050090004000020900070
009100600000083000800050070080000021060040900000000000070302806015000003000065004
600004000000870000000500781002006005001400090039128000004900600100000072000000000
360000005000801060050004100100040000083017000004000002000000080040000500000382670
900150380000600100030008006003000500002010700700002900040090005000007000006401000
020000500301000802000200030002306100048000090009005000006001400000000607000504003
700004009000580701608000400000006043020079000400810000000900207000040080003000000
000072000000504000400008132000050000008000700251400000002000810300710409000000005
030002500000700030800004170000290000700005000105300090000000000004153680000080004
860040000000035009000600071042009600000000000008000032283000000006170050007000004
000900200003510004400008070900030012600000005000006800070000008316000000000002103
090000603806000004050030080003200010020090000000000065000014007000080400064053000
000603904400001700007000800900000000608907000500000008000005000006400207003209006
003020705060000080040008120000200046007000000008091000900800070500670000000002030
000400903020000000050032061270300090000000000006049000000081730001050400800700000
010900000300000000000030060000060207405020008690000000921000700003600005050082900
000000000080014000006000500300050800024708000070200009700060020009070130000105060
000000700050100640002004309007000034009200000016070980860000000000000000003901060
020086000009040010003000000040000009600000020980250040030000905205000400000400760
005000986002000005000006004020050000008039000074000100010060009400003500089004000
700050000089006000000980600060207800001005070000000590320400960000000201000000004
000040000000090602901007000802000305030000108000002090090070000500006400400020086
008050300040600009001000054400008000000000507000031000000009000290800001030715040
400600003060300004900008000000076008085000002010400090120900000046002000000000107
000000300090103008000060015306004000000000530004000700000700000005342080610008020
000900010013000200050000000930100500240050006100807900020000058000003004804000000
000905002900400700002008043001504000006002007020000080000000830300016005040000000
002800100169000020000006040500400060046900300000000054050740038000090000000000002
009850000000000050000600209700000090400007300005003602090700036510080000002000400
090001000571634000000000000000000089008500104000046702080000520000050030000309000
700001000060050000082630001000000007450000206206000008000003900000060000900027105
000040020057000800003060900010900700060857002030000000500400091000500000090003200
002710000080002003100400000000508607000090010000007900903040800000000090008030406
604070080000390006001000004039007000450000068200800000000080000000005820500200007
045090000000000092000350061003107000504000700000030000008076139090000080000020000
070005030000001074000006109041050900020000000060024000650000000002040301800900000
000005024500709800320000000003002001000000090006907000408000307000108005001000900
050000060090260801000100500040800009002300000000000047000030710400092008060000090
200000043000700005000000960000065000000209410010000057040000070061307009005080000
607300000000060870000090300060100503000002960500008000000070608105000029000000050
030045006700001050100000008000030902000200000600107000010304700040500000020000830
050079403000006005009000070080700000000000000607850001100000056300000020200500108
000000006600000320200007000000850000500000001000049000004762103010030400000001578
004010000900000014080057000070008360000200700000305001600800000003000148009020000
050403000300000800001000903800260091000380007000079000010000002000000060090056070
000800000009004107047000060300000700001006350000020090900280000100043005000000603
000080000009700500300109000080000000040003009500976080007000605010092003000400200
000950000500000304000800700009000000018000460026401007000005106003090002000304000
000000090005000804000000625070200100000000003430051000300010048201700000000609500
090000000004020910068000007000307025000500008000000000040700500903045000001690003
000703100000020407000080039002000004705000090090000300800106000023040008000050060
080600710000000900006900000007002000000040002005800040003108005019030004050200030
089000000100009005620030000008390000000050870005020000000000023300001007400200106
000000705100070000003625040600000000000200089009040000005803020020760000008000901
500800200790600410006000070020030007040070000000001530000509320800000004001000000
300000005000300900240000000000001000010000803098060001001000608000050300030086179
000602004900000000008000791000004070030000906000100200090047000040009500205001030
090501000504300080000060000856000030000000001043009570000007000007020050900010002
800000200403800000700020600000400000562100000000000905008070410030000097000003502
062000001400000009009050000006300705070090038000000060030010004040908100001070000
009000000700200805020509006060000500080000000001004702100060000000401089000080230
000100008200000040601008000045002700008900005100000603000600200804709300000005000
005072003000000010900050020090208050007000000800000309700000400004016000050040206
000007200010000008009300000900031024000040006008005100000004000080000790003902801
000005029005080004000602010050000001002036070008040050076000003000900000400017000
002050370000820060070000010018000000009700005000000701000280000400301000001504009
090003508000406700000000006035000904006100005082060007000200009053000000000018000
007040001090018000600000250000000070730000000405000006900600040200091705000080060
009000000400008003600597000050000700000001958042900100008400020000600809000000004
000020806090300000100005000060000907080000000032769040005080000000906080000050702
370000910000096070000200004040600000500400180809000000480105030000020000700000008
003000500000070000140002608000000009000645000420081000364000000000008453500200000
008400000300020090064900010800003000000008020001000650040809000090000007106000940
500317040680000070004009000030080004000570000052000001360050020408900000000000000
007030410203060000014005000400000260080002070001000090000009003000140000000003980
070100000000005000100004008800710060061049030000000082500000009096000000083900600
090061070000402009080000230036010007048000000050000600000090800070030900000104000
007000010003000405002503080000800003000096040040000009009010500000002890010050006
000500820000470301003020000048000060000046010009100000500007000200000086004000093
000000000640000910001000504000000002000320050000809307060000000002710000705280069
000000060385000004000480205000000000008040100560000007003070402000506391000090000
000070050003409070401000060300560900750003024080000000000050090200000001000906000
400090080000000503007000000061300400030040008000207106040005802000000000006708090
023000080508040070000000903091080500050000000700090020004002700000100052060900000
830095000000040700754080000000000000001050904003002080002000009070009000300000526
000090010000000000009200700005003000000009007360081405000000024026304500108000300
001703000080900400000000070000050129000430000002007000065000000240010006300600250
100009350006070000000080000000930060005420730010050002080200000090000047023000000
000100906496000080005000007073000000800075000000400100100006000300750600000389000
080009000000000523203060000690084000700250000005010204000040900000008001000030040
620030910000000004000105020030200700000006005510000030960024080400090600000000000
003000200010004007900700600200900000008625100030080500000000450000000000006530908
901407000000305200005000070200049003050000109000000060070000014000064000060700500
000408700007000806010200003906000500050000009000007002040009000008000100690005407
001000064005760200030400900000104020500200070000003000400080030070000098800000006
900000010070020680500600004000003800300400001007005000050000000040008060006019072
000000700001008000460109025090504000000900100708020030902000010000300040000000670
050030000706000000000002400400005680005040000632007000900014700000020109000700002
003006100810000630005700200600009000050200000000000490000080020001000007084590001
400100070013000009200006000000020810008060090000700400080091030700300602000007000
400028703100500080000760000000900000000005001540000002950001070000004006080000130
400250000000006009070930000000080500008000000902507100000701800000060415060000090
005021000092000004000003000068000015040038000000500000000709060100640720000000509
000100000890000020200003007003096700080072000005000082000000003002010009400708050
003002000000013800008970000000609000010030009700000308095000001080000746002000005
013079000200003060000005080600000200000700030700030004001080009070090500009000028
008010007003000060200640080090700600010020000400000000076290105000006270000300000
010206300704008200080000000007000020000400896000050004060010000000000080102800079
000300140050000007200009800700003050005190400004860000000000020807002000000701003
040310600000800027008009000006000000009400000500000092604902010000000040010008560
005006000180004300600025090003080400000100070000007005000040020904060000008001004
080020090390070400400000053070009000000001302000045000900010006000080010000000784
000600080000049005000070910000000458020005060079006000000000096090250000140000002
000070100008234900620000000000300400100000038000067000003001260050040070000000809
009370800300900000000401000900010000002030040108009700080000200706000010050000064
800950400054000007000006010000300082000060000040000930060001000508092000070400200
000000205000000006092035070540000001030120087000007000103002940020010000006000000
070004200800067050635001800000000000000049080023500000000010023000000704007000900
700091000001500000060740003000309025006000010000000037207000090090005046000002000
000000238050920040000006000000000700008002350060000001010048005005060014006200000
510000036007430002200900800080000370060087050009000000000520000000700120100000000
003600000260000009000000500300206090610030004090004001000005408500008062000000700
100000067000308009000000518004050001070000005030049020000030004006190000008002000
050700820000050000080000000001000400800900000203800065000002050900306010002087300
000810000060370200300900000090000002004000000002004057006000000008000509021700834
003070000090050860200300000802530000000007000010896000004001780006020309000000000
075900000000008006060000004002003600096201035000090800000080410000000000730402000
000000001010800009000305800820130000003007900050060000107002083000500700000000092
000600070839050400700000009070004206001000040204800000400000810000210000000409000
600104030000000009000068100020096008170000000090810200000047582030000000000000001
001040060900010300000000807030050001080200000120900030040000920200000100000600084
080902000010060850600008403024000007001000004009006000008003100000090070090100000
001000002000200730200009600100030080300400000047000000009080007800003900502070001
000610070000080300507400000000000820081000060000070000004000009100024503003001702
500006300000070800000080059005009048004000070300004000046090020000010030000207001
000047006000000008080096103061000000020305000005000010000000000000023061097001250
000005800070000010040002069000048000002000038107300020000020080003010705910000000
009860500200350000610000000001000004000000218000008360000900473060000000400080009
501023000000100090000060800007604000600030040800001030000705010003000059000010007
020300000009170050040200006000090040000040709070003800090007000005010370000000601
200040050040030007000090208000002000500007100008000629301006090700000801002000000
007003008005000009400050000002000805050130090090000002008206043003017000000040000
600004002100005604080000039090030000002700081000080003400100200000000000900058007
700090080801000500060300200000100064920000308007004000000000800000063002200005600
003080006000000280094700100130000050000900003005806020050400900020070300000020000
002007004800409070004020000600000900500206000000000048050730090000800010080095000
100200500700090000002706100000005090003040210007020060000009048000380020090000000
040000000020650000509000006000908300000020010700100690080047000000000940100060085
070094058000073004300680002600107000002000000930000060000000086000000000005840700
000704206820000000000000000057000300019000050000003760000002010400570090000091470
000000800700090000000360000000010236005000400004800017602000350007000062150000040
050390000070006010000100000000400209020030870408000003530000000000000702007062900
300000820020000000090030510000940005630080900000200040009410730000007080040000000
000008000000000036350009070000002007726080004000050800013020000007005040200060005
000008003010005082000100000000750204900820010032000900003000005700000049000460000
000756300000002070000103000006000082002030100070000000004000000000910530089560700
200090006000500432003000700070000003600007010000000000005069007980002000040301200
000040050000000287009000001530600008090000040010005003001020000057301000003000809
