000050080001000007000704032390480000000370006006005000000500621080940000010000000
005008000000740900000005670500000000000100026800603050000030291091000084000000300
007590400030006020000800003000000906000900017208060030406100000000005100010000009
403057000000640007500000000005000046930000100000900500070001200180500000000302008
070000026009000000000230090001006009050090714030020000340005000000000100000800452
080000000000000400000000652000009006427300109030000720001040000004900067700805000
030000900000000008128000605000800510097001036006400000063000000000025000000004290
046000700507001800030000002800079300050000000000083160000095007000000503900000020
003200000020008009004050600000000200500600000000001704632104008000300010071000400
000000380100070000000620004200006570060700000000000030010800090090400120074900600
000020100250006000006000004100600200000900008008000070840700030005200007063048000
050030000410850030002006700000040050001000009000000080309500016000008924008000000
000107560140000800800200009000000000600342080070810000900000000085000000020970300
000000010693000000000829006040015020000000004062000709200093000050000007001004080
000090003006008701400000095051040030000000000600920000030000078062500000908100000
070080100904000082000100059006040005000000010057000000000004000732001000090030608
008006791000005000420000500000084060100000089004009000000001620370000008000900005
140000003080004000000090000500040308000007569001000040090060800305000007060051000
800002005010008740000090600000001050008320400060000000002900010000040007039006008
000073009000004700020000006096000200048300060003020500062400005000000078000800900
006450081020000000000610500000009007050106030704000000070000008930028000400300000
008700000000960010050040078630001002500000096000000000970085000000300021063000000
100000000907000050020470000000020006000007001000090020008042007006700003039061400
000005039034700010000100002002009605009400000060000084000000000001082003305000090
000200054000040800610000900020906000007504608000000000008010000002000086700053200
002607090000501408003000200080000041170008000060010000000460020000002069000000700
700060000040500370030002904000050000100000087050089001003000095004000020000003600
007450090000032400000000005800500002070000680000608043000000810015300000200009000
009007000006053000030001080500000006001098000000000070407000100000086003005702069
089000020006003705000092001000018000000300006000000047030900000000060008208000674
890000052000800000050074600000002908000090160010300000003080700000400009004030010
180000004000200900000600030000500090000002540009087000905040002368000000002306000
500940000070630500009070000160800030700000002030060070003000000825001000000000058
000000600064000100001050039907000000420709000000004060309600201000205000000380000
020040300509700002004009078000060000076520000000001000100400000050000189000000026
000000060070250004005814702000003010098000000003000005040700600000305207200000000
008400000300020090064900010800003000000008020001000650040809000090000007106000940
000890075000000000090050180000081030000009400603000000070000302908760001050010000
000000005060000920000000470000003080502081700000400006010009000704058090800010030
005030000040090000000705102000043200000809006004000783006002304000000000080004050
060000000080504070000001040600000030070200400820100900700890000000005807300040050
000300000902648000700002000004000056008120400600000900001080009000200004000450100
020000408004000000000003006700050002400800010810090700000078090000600075600034000
280043000000000500004000630060000020000031060000980005050400210021500004006000000
000700000100060020600300085000034002308000051000006400060107003000003008020000009
000500712600090080002000040000043005200000001307800000008030000010206000760080000
702051000906000007000009008000000050310980000000000092000010380200800740000600001
800400032003907050600000000007006010006018200000070400030000000000000920020005073
500000908600020010003008040008004000000050000000009627000002001900640000017800006
005080700090500306103900050700000004009400000002000800030700000086004000900300005
000070080020536090040100006000000072091600000208001000050400009000005040060080000
000400000700000100000089075405060200000050308100890000000000000390000406007138000
000000062300000050006003008074016900030009005000800010060700000000008020090060071
050040000000000000000102070070000300000008020000050764005600040762005080803020010
905000000680071000000008000000420037060300010040000805010000249007600100002000000
006000000070000100509001063000003090008109070300026008064000509005700000000090000
001090630000020915000003000000037020800000000100008750307000000408000060090570000
000000730000072605740000000853004000000800904060001050000000120600003000002140000
000307000003000028600090500070000806000002031000060002000043000508000140140900000
000001007020060000080204039509000040600302500000000000400690028090000050001400000
970040010004005000000100030000300700030500800000090050005006042609000001020009500
200003100500800040086005790000024000000000000003100070607050020004370000008000010
001032940000000500000470000000500000100900000007320054060000430900000700075008002
031000590700000108002000006000306000057020000009100004006000000000490087000801030
000000030000807640010063050060000000800900200000015000700100005005000069640080300
080000379001000060000470000010080000800050000360000045500908004004603700000000003
020000865900000020000070304052003006087900000000001040040008000090020100000100009
000710004001040700500000000000800026040000003020609050000090002703400801000000305
054000820000000400000065019902000000100000204080904000000700003000058060710030000
003500000107000308008000610070900450900030006000000081000200000010840070002007000
063000008008036500500007002030000000010800900402000000800063009070000003004005600
040060300000005000038017060003200000180000050090006080010000600000009000004032890
006000402000002010000904008003201005905000070000006000000000760700308290000700004
007000005000000040900008137093700000206000080085600000400010063000500000010830000
073950000000170090002000004009020010100503200800000009000000006000000000056410032
005600000000708003710000002600519000000000670030000000000005017070000580501003400
285400000000009004000003708001000000450000060806907000700200006004000003000018090
040100000000002014800000300300000708027500100000030000000009060200001409080046500
000005008000670009000000071058000304070000000030000520006058000980703000000402003
020830090080007013070061000000000200000600000010070580060000000700020009001390020
009000027200006000003075960300590081001004700000000003000007302000610000000000050
000081070000005129020040000005000900000104000000000841067002000003560000004900500
009413000000007000000020006870000050600000008100708000030002007280100030051000090
000080031095060800080020700000000023000700490024030000000510000002000018060000900
070016009000000004001009020050000000040760130003120000085030096004070050000000000
500006720000820900040000003008700500090300008200400000060005200050000800000098300
470000030050008000000074009000020710103500084000040002005000900640050000807000000
084009201000000003000125008001603000000280500003090000510000000039050700000000090
200408000700000304005010000000170600300000090400263010000000089000000730002090400
030000000000000809000100046083070400007849560000006700040008000100063002005000000
000000508803020007060090041002008000640002000001040005030000079000000000000705802
000060020000030008900070500007009610000700000800010090020001940090040702030000100
040000190005630000001000000000070000400002900730056002103060070000400000050007089
000000904907800000060005070004108003000057006020000540005070400000010300000900020
000058000000001607001000358060500900090000003300006000650000700000002005048090020
010000000000000803000064000140050000003201584007030090004000000030706002090000035
300000010000000900000200006700614000010020308050008000005000400093700200201030009
000700060000001800450060200000000108074090600005000000026350000000006430000172000
010500000900000006080360200002000000000190302130070050600085000020000000507004100
000005080008000502020600403000020810070409300002070000009000008000054000000008690
007006080000030004400501000906000000030009000008307600009000071005700023800000005
003002004000700280807100090000579000004000100709800600900000061000060020000300000
000000200300080050000300806004020000670000000010007900040200700100500004568700010
906007000140000009500940301060573000000000050000000870000000102020805040000400000
980100050000002097000068000000073004002000903043000000400000005050000360000601009
000103020050000006000700080008375000000001700002009360803500000006000000400086001
000000006000001400080026105002000704009080000060400831000009000075010000001030600
000070014030000007006004000008006025000003100000028300000600500500400006070100093
007000504000010300000008060000007000000020096300000200203080600080040003004590780
500009000010003900900054002008000075097001030000000480000406000600070003802000000
000004001000000209094100030007900000500400000030008160009706083006050000000800070
000000000010020060000046590002704050800030000930000004200000031040001679000060000
008000306002530000000007010096028170000790000300000500009000000000084000460009002
001006030800000000000700206000000060009000352745000008000060000400901007300200140
009003000000000150001007409870052030050430800000600000000000042690000008004700000
080000001000350090013040620000000007000509000045020000000103400034086000002000030
040680020600000010031040006000900105065000000000300790200800500003007000000009003
000057008006000000320000017060240000008000000059800040000300060907000304000001509
041000000089003002560000090004000850000701006030090010008920100000400035000000000
000020040007903000600070005100402000030001006000500900005006780002000030000200069
000020000000900046205703080800000010006000002000107063004300009701000024060000000
680000400002001003000080609090405002005000030000000100050270004020060001000009008
051030090000005000002901080009000802004010300608007000900500060000000009010000530
970000600200003000000608040062009150710006000000050004000001436000000002087000000
020300000009170050040200006000090040000040709070003800090007000005010370000000601
020800003005002060007630015103078009000100000700000000008295000000000050900060000
000000040065000030030601800008500007000700000500813600000020001673005004002000000
600000900030002000000190000806000300005000070000407005000050608000900400908061502
005309000000100057038600000000402000000000012020000978009003000450700001000010009
000006003009001080060052100000200739000000000703008000100060005004000607000045001
000400026001000000306500108050090070009200800700000090090600000000000205820003400
000070508790010000000000090009000020480200000500000300005009004300502070004607200
900001700042070000000000301700008206000300000521760000070000005060020010000000092
000080100007600043000302006050000090003401800108030060070950400810000000000000000
050000000700010040008900720803006000060000080090000000000430970000091200100760005
000600802000092003070000005903400000040008000080203901500000004090150000730000000
010000700000009002009070003000100045000000108060003200070600034800007000640081000
010003050005208690000090000600005000100000009027000003352001000080000006900002040
080302000400600003009040000030050004000801206700003090060700089000009000000080100
267100300000000800000603009010950032702000000600800500300005010001090000400000000
800002000710060000000140000002001000000050069000008572600700010020310690000000080
000000400000725008000098000006050030140900205000000001080000153012007000003006000
012003000000001790900700000040500080000060005000000600060007014000006900009084230
043100608500690000000000020005000000060420000910087000050000002302000706000009001
000097510029000083400000000000700030100000006204000000001200000030500040082003605
000900037007506100006400000203040005000050010680700002700002098000000500009000000
860030000001020000020006000300007001000001000000000368004900020500104700910002600
000080002079300060000700000000861040001500009040000050000100800400070600500002031
000000001750200006100600040000000054010370000067050309000890020800036000003000000
500000100003096057000100090070050619600004028050000000090000300008000006406000000
005600009002001807090080620081900000700006000000000046000003008000200004300078000
023000500000000036901400000000007002000501060800000050000905804504000019708000000
000000000890000000030809000600200009059400200000070058420006000060500790000030140
003005080006000500001200009010400800780016005000000096000390400400002000000708000
000070008000009200070000160045000010000200650008000907000002000004030091810040030
000200630007000080040060000300000006560007204000000051009080020020503009400000500
009450280800001000000300050003020045000000300000090870190070030006000500070000400
000080010000000509060004300300068000870500090000090702030000900090006001087000020
000261003096000080000000500003050000005700940001080000000407250230000004080002000
000000008002080901070000020000007509200006000600015087019070000000003000004020710
900087000001090030000000002002740000000060003006002005040010070107800096003000100
017480000050000000060900002000000009002073000035009280000000100300210804000006900
710300000409510000000002080005037000300009005900000007806000034050000200000000970
630000901049000000000200000058400070004000000000610005000090000390784020400030700
020043000700005900500086024070068400860090000000000003000030000092001006000500000
009400500001006040000009023800600007002700150705000900090000010000080000008100600
040070500001000743090005000002003000000096007030100000080000004000304008053000160
000000004700001200081006509009050100030760000042010000800007000000000096200004070
003500000107000308008000610070900450900030006000000081000200000010840070002007000
005100090004020050800070040076000008040086009000700014000300000160000300003005000
000802000016000040907010003500006000000290000002040130000083050400709008600000000
020800700003240900600030500004008107000520080080090000065000040007000002000009000
001020000820006001003009000000000010000980600007060540250000090064700800000200006
009001000000009000302078950710020035020000008006000040570000080000300000000040503
013090000602000000000750000000000002080000374006030090000008901090300208800010060
020000008000000600086000154000000001000825900000100070004503700207004006050001000
600400800000005090900800605000054000006000020000007009009000060080500071501308000
009500003000000020300014600090302004000090806000108500900030080068400000070000000
000000070006430500000702000090000820600500104000080009009053600000200008045000007
009100070070003600000506020920050000005000360067040000010007006000000081000900500
109050700000402000008009300500306900000000070000821004000000806090000030060905000
000307000000000800004280030020000009008006004000000176082005040000000010705610003
000008490000594006080000023700100030630000840001000000500081000000020008000900600
000000004200300000508000700000001600070050010056093020080500003000000260063009080
080000000003005087050014000200097000000300050100008700000600805007900230001080000
060000009400200000200010007007000308008040500002053001000005100030000705900700002
000047080070003095000000072009000000203080000000072000500028006004000030810604000
001000000062008000000100092000002040070510600006740080009000060010030005000080903
000070000005902010200000560809060003000400702021008000004097000000000000000850034
003070000002013508400900000000507010050000400000809300009400001060000280000080050
002000059000060000000000078640000025007000004120700800000379001006105300000004000
000000060000003970400000802001000430060000500090700008000062000380907016000301000
000500603000000000007003400010986000070300004200005300003001005041000700005000980
200300507400000002010600080008060003000028070600005090300057006000800005000000004
905070300100000006300010000000504028500030004070000000000000002006350040401009600
209000583014080000000000000008000090003050020600004008000201006000700800060300902
000020000001008005040500000700301000056900071090800040000000603000406920005000080
003020090000400780000000000070200040002015300009300002060001004008000009025003070
009650300100000409000001008900507080010000090700020036004000600050200000000100020
000009008000300950000060270000003000050700040060800700230006000000000491401070020
060009008000807000200064500034000000850010730000000009470000203301000050000000060
000000000030010000650300020081690007000007030000001090007500208400000603006000015
000004215000120009070005003002810030000000007008906002000701000300060000900000050
005090307600700000042000000000800540050042080000030000006007120400001750000009000
000000400000725008000098000006050030140900205000000001080000153012007000003006000
503080064000004030000030500000800350670300002000900008004010700090700000007005000
001000000000200090500608003090705040000000027000009006008000072005080000100097830
200500601000000020300006000800030000000091300000400078000070064080140002007000130
031005079050006400090010080800000050000061000006007300403000000020070005000020040
900200074070000000062014000006080007080002005500000000000800000000005041020040639
500019000000000007000280160000000000954000016600000002280050300009704000000028009
030008051000560780000000200000000000950010007001703600020300900070804302000000000
700420900000000006080010430004093085000000007093001000800002069002000000000070008
080309016500000000019006000000095400207040009000000002000700020700004003001060090
000009500000038002070100000000603058000000020003400601801002704500000180000070000
000000400008709005750400000006104003070008000030000024900000000003620000600051080
060700029000002000700000650000000910020600000004000302000400001005900403003027060
240000970000000040000100600300004100602810500010070096050000000000305700000400020
000207006050890007060000100000000409204000000300150062000005024000000000408072000
040102009700080600000040000000009463000000070004020100375000000008050010000064800
000840000007200800000000009006300000800005062050004071003760020000098003400030000
008000400150069000006204000000300001009000340030800060065000030200038070000000500
003005004200000900005740030009100700010000000086500340008096000000000002090800400
000000062300000050006003008074016900030009005000800010060700000000008020090060071
050003008000820050600004200000000310900600000080030500004009000231050004000302000
003089060050001000700000000095100300070600000002004070039000600000300800000807104
000700651004008090700090004080170500001000003032400000050020087000000000907000000
013905400600000037000000000005006700700014600109700000000040902004000000030509000
009600000000025900500000001030207004002019800000000010000001000100000536078406000
040700005700000060000520904069007201000080006003000000602000400000350000030008700
700045001060000700000080034008010060500300400403090000000001570005000090000000106
200005600000003000030200000009048000003007904005000027000060045490100700060000010
000000004000007203000026080200004001000018730060070090000000000026100000103000968
390000000008000003052108090006000001000200600040001000080009002007800010103002700
090002308600070010003000000008003000000759204000400500060000003000000020009068750
060700000800030000500000000030100604074008031000000000910004027402600905000020000
020050080005000200080007040000070008900100000053002001760420800000000030501000700
060000209000090000000205000002900050508602000940000003001004300700500000006100940
080036570000009010000520004000000040008000051000083006004000005300000400000065097
060000078040802600000000420000094007071005000003000005027600000000230000000070840
000204070000070960003090000600000007000100005020500809005000006908605000300002080
004100803609000000500042000905008400078004000000000107000950600000800000007030008
020000650000701834100000000806200000000380700010607000080040300000005020600000040
040780910090001054000040602000900000001006020000050170607000090003000000010003000
004280000005007000970410008000060930000120060000009000009000075002000600500004003
560700000000308000010002030000090400007006021900000080000000002072060140095001000
100000504290030000000000090000007080050000640020006001609401000400005000001302007
830050007000000800027000500000009600610000900000302005403100000090086001000005060
008006000000500000063090084000030000800219000700040500000003002070000093016020005
000207000700349102000001600385000000000000004020050000030000090400008070090002308
109000500000400009000000600000005800003041000801760002000070400007020960205600000
000078000006092170402000060000001000000005740800030502000107004203060000005000000
000005024500709800320000000003002001000000090006907000408000307000108005001000900
000100902004020058002304070190200600040000000000806007000009030030580000020000000
040003000000080100298400000000000020000760004530000910000300207000000093082090060
059000002170000000000000690014029060200004010000076008005080000002700583000000000
000000040002010856600700000020073015050000002000028070000080090000100000034009100
000010742900050000040003000000000000002000009070020063130087020005000976020005000
000000000903000000280501000000700010360090200004205060000000736000670041000100090
820060000760000200050000001000030400040100096006540703000000032100000050009600000
020500080000000000080030964040000725000000000000082003030001000076004200008679000
000000035460000070809004000004002000003080050090070600007010302000000010002035060
050000000000107850007084060008040200009000008600070090700000500000003102290000006
000002030090005100004860000500300000060000903012000680900000010080000320003000064
000000600400003702006020005703000006050860010000000450300701008000000590600500000
000100065007083000094005000102000098030000000000000200000064007300007002400098030
070000804000190000200700000300209000040000030802605009006000592500002078000000000
020000000000075040000200901000000860400500000000196030100083200300000490000420008
009700800084000127020504000000000760006900000300400000070601090000000400002003010
050003200009000000000008047103002000000000400096051300800000600004800912000270000
300008007000070100000100600470300000090000406500000071000003010008049200000200540
010000230872000060000000000009160070050040020007030000004000000085002004200700350
008009070000000060002000019070300000400500000083002405030080000000010026107050008
008004000000000008000200064206090000040070501050008000030020009400017086000000370
008003000000904000940180302300000200002000070010600400000400000070000938000850010
800067010000050096000000500000000100004200000600095072910080407008300000300000008
070800090000030020200050400801570000000090003000006040000900500009025000704010009
070804000020016004300000080930100000200060000100203000009000846050000700400000020
000000009007100002810000400000079000305006090076008031001080050032040007000000000
006000540000050000540862070000000000209000010000309000053010002600900850000008004
291000040005008100008540300040000500000070209000000070506900000800106000000020600
004003000780000400000700089000010054600005002000000000007900260940007501060200000
050002000090700008803004500906000017004010820000060009100406200000001070000000000
000001400000307906000865000020036000000700009800000703031000840009020005006000000
003007004090050000000030651000008000060700510950040008000000003420000160000600900
058000000107000060006030005000040800300260000000807040010003079000480000009100008
000009000870500203004830100700000020000001000090006807100000048009000300005100006
000000006308957000000001000004309002200600100006000800000490050050000000409020370
009050704103600020002004000230405000000090070000008000004100800000009016800000040
003705600000000100100000000405000080000002007007800006306090250010020000500004960
000000090050700040310000600235400070400078000000260400000001029000000350509000000
004000900000004003090073016007000000012009050000500890070600000000900605046005000
020010000005304006974000000000000057000050020000091000851073060000000081690000000
086000000500003000000070501002380000000027006930005000000004709004650030090000200
000001050004000280000820007000006000000287000070000090500070061900060020002043500
030000520570090000082000010805000007000800004000300050300601000000200140004005070
000004050050000089009100004784000002000401000602000000000630890803500047000000000
010803406000006500300000900000040600800300000005070001000400000730009000069000784
000002800000870300000500010906200000048010090030090071603000407004050000001000000
050000003010053900097000200000400000000100520900000006006800001780010060002006030
040000027000050000100407000400600000000000679010082300300000000078024030020090001
007006082001000000000005670000430010109000054600017900000002000026000000000701300
000400005080059032000003000000000000790004000300105900008960070005000608007001400
000001089000000600000090020067000300009028000840700001000476000000830400000010067
040080650009300080100000074706020800000907000020000000030005000000002000008431007
000003000020900500005000732510406007000005600008000000100000009002601000780000340
040300800005000160027000030010050043000000090000087602008004070000600901000002000
060100050004070900008009000000000000002095104007800062405020070089000000000030800
015003700000040003000060100600900000000001507054000000090002604070004000080530070
000000400008709005750400000006104003070008000030000024900000000003620000600051080
002073000006000000080001052000005900005000060300000047200900710010084000007300009
000007004000300020600002810050204006003070000200500000006003080102006900000000307
007000600080001000001006004000020030000590210005000080070000500008052000036400108
080209005006100320070080060020010000000006030501800040090040700002000000000690000
800092000610300700032700400000000350000805006090001000407006009000000600001000002
060908001008040000070002000400090100190004700000010300002807003010000006006000020
050000630000600000078190005700000004004058009000000000000030000009040823200001590
090032480800045006000190000000000100300000752000024000001000605740000000009050000
700063000000001000040590000000005082001040050000800074050008023007000001600079000
000040605000005701000060800004000029905001008006030100003007000001004500069000000
000204060070000004600050080009000003100070000000592000957000001200700000810060040
080060020000008400060207100008900050000000007600084203459000000100000340000000005
001000208009000070300000000000090005700104900060850010000000002842007009000501300
009003050000000300003704601000109000000020870067000009090206400080400200000080000
700000301860010000000002500000730200020004100098020000003000000004000702000168900
000007021040000700800000005400070103030840560200000040000059008060410000020000000
000013006000000803002005009058040000020000100007000068090001000040020090000690730
042006170010500030950000200130000980000000700000064000090007040200180000700000000
001040009003006002004580000070000980040013070000000030012009640000070120000000000
710050002600028400900000600000010004070005000460070800000009000000100008004083020
008029600500000100301800070030600000000034200240000030080001000000000002060053009
179000003005080400200000000040019007000703000000050806700000004000000029090041060
600000210000000005000240080002600007000000500180950340000830000007520004930000000
000000000006035004000004290605000000007000100090070340020401503003800000009200070
000004008507003001010000000070892140009007000000340000000000905006000704000276000
000000000400000620000508049020100008048070030307000004061700000870010050000060000
090700000003020000600900080067030900000010050500000402000200076280006000100300500
500960040000000063006000097000809004190700000007001000000003000060024000023000706
000025800000006000000900400007000502006010070030402008600000000109600005003804010
059001807000600900030070006000520400000809000008400000240000500700000038000300090
070000200208005400001000000010900060000070900306000007027051009000493070600000000
000248070000007084000003000403850020075000900200009000000000006920000100034000500
000009058070200000510400063030084097600051000001000000060020000900000030000000640
006000205900010008070250000000105000040000000003062004000000503020090080300800407
048000030060091000010700500200376000500009600000002090000040050001000064000007009
700000009004000070300000000090000400800230001053400000001502047006073052000010000
030005040000000080008030107005010406100200008000007000054900000000080002000503960
060074009050206037000010800200000300010000070000400906002008000006002000000050190
100384050000000000700102000000001006003620400000005090020008000004709003060000507
030000080001060090050391400000000005104007000007000804000000000900000702200510038
000760000070008902002010080003000608800070000400001097000090000098200030000030040
000021004003000005060000700000790008000100049000000006025900000047600010001370080
790010000100000030060000102050009004000004805008700009800500000014020600000830000
009300400000000013000400760000090000004820050506004000700960080090000006001002005
070000000004700100090006000009100600000080290023007840500000000087030000001200708
730240008800000010005600090000023000600000000009060102000084003300000009000070840
060300002003000804000001000000000460000027009040150070004003000100092000600000528
050000000700010040008900720803006000060000080090000000000430970000091200100760005
009000007001008060745000000008020600000000071000054002500000000006200108000460590
970030000003760080000800100007010520000200700002003000001000005000306004340005000
200060000000080060900007005010600852000023006800050900070000000008000170300000084
000700001720000040000030090064001800300060050005400900056009300000027010000006000
009000000402609050030000000020010000000200003800547000006000380107800002050100900
680000105075901000400000020061040009000703000000060000000600000000010083730002040
300000000190807004408000010000000090500139000030020060040700600000080035002003000
008090000000041720450003000020000006004000000005700400030080000100200560700006081
007000010006300200020000040060500900018200004040069002000054070080000020005600000
000709000000003000070042600001300050050060700080000001000470090068000504020008010
030800040006009000010000025020308000480902007300000004005703000000200000700090400
002030100000010080078040002806307040500000020400900001000000070000090000603000809
000009050001002030409060081700000400000090000058000300900087000000143508000000040
100063007003000265000500000405300000002000030000800920000100070000008002089050600
073000002000000003080004900050100000009048027000000690700601050000070408100080000
500000407032800000071000200300005040000000006000004709000028000000400590103007002
216000000005000700000008020004000001800205030030800004000780060000409800060000017
000030090020010000008000005079600800002007000045000002006005120090000603037000050
000173000600000900000000038000804010000530600008001090080052004400000000001009065
100400900005603080600000500002000800038700002900000000401002600000004008000005107
003000000000914000094800600300050802070006000010300560000000005900007300040005080
604000030003006008000070900000040003230080750000050010050000800006207000000098060
000000060000003970400000802001000430060000500090700008000062000380907016000301000
000060002009001000007304050203000000800000007000010005080420790000095000300008021
010092700090800050000060008007050000900000380600000200000100064000387002080000030
430900500076000090090008100004507000080003900600000000001800060000140003700002000
000060000001700000040520007000004152000600000203809004300400005000000093807000001
000900004405010009790000000000020000006080040000600075800005030007001600060702080
003000900004070005000820003050360000000580004067004000000000700028030000005102009
302490800000070010710300000900100030004007009000000580001004095000002000260000000
300000142029100000000070000070020004480000009000630200004050831005000000000201000
805000600000034008090000740701000023000000000000003107003680005008029000070000006
003000000004009000006040512000407050000000106090500040100000603500030000009021700
000060000000003801000001040907030005000100003200608000470000600050014302009000004
800040103002000009000801000050080000000004230206000045097000800000000076000460900
009004080003700049000900000402800005100000807350000000000007060000300002200001704
150200003060008090000000672004002008000000000008710050900065020800030001010000000
074010000600030700000907060000800600023040001800000003002000090009480000000000216
000003000025000608094200050000070280000308004000004065201900000000000030060500002
000800605000056003090100008000200001800010004000005070000000000502007030406000289
004060009075300004020508063900070000002809000060000005080902040003000080000000000
030005070080300000007009085700210000009000003003000106000000800402000009000600247
063000900000209000480050003000080000094070068030000007005000004900000031020001070
780300065010046000600000200000080002000000154040000090000015700000020000961700000
009000003000000609716000200000200000020030001038097004000000100600800047270100000
000007009000040000050001007060010000007004800009026001000000010048003060200109350
800000170409002000037000000004000060000005380900070000000147008056080210000050000
040350080080000000006800320007090410000000700120000500060107000000008037901000000
000100004000028106600040079009070000002005000000000057726000000300012000010006005
002050000706000000300802014000000000005010800867090030000000920000060005090034008
730000500000048200200300860800700000007000000061080034300007090600001000050600000
800000002003000000040096050400001009000800423000509180280000076090000000004020000
000009001000000240700000005010030000080021600003406002100083000000007089800040070
060007830020000509900004200005000080000070090003062001000246000002090000000000107
000060200900000080000420070506008090307900010080000300000340007005000103000600002
009500003000000020300014600090302004000090806000108500900030080068400000070000000
000010000040000009900200806060807005070300000003000100007000003024036001000709400
002000003600400000030000504060000008080070001004026730050010000900504020000980000
000003910016000000000607020000421300000060498003000200070000600000098000501000080
070000900069070004800140070000530000604000082000008000005003640090005100700000000
086095003100020000020000001000006050700810090900000418000000005010203000070000040
070000000000097028008120650020008005000002090001000003000074001007000000560900040
070000560036000010000025000009500207200070600003000001000090000090200078308040000
190000005000405070000000406700030000406000000020004397000006000000010700600580102
000008000090020001002000003060090014470000096100060000030002000001400085040005700
073950000000170090002000004009020010100503200800000009000000006000000000056410032
400002000060708300000900000000000800600500040080009001007003600000807002300014079
008000000000020300006008124003405000900000640000006008800004002000291050050000007
000000000400057068500401002073000040020000080004060100008600204790010000006000000
000207006050890007060000100000000409204000000300150062000005024000000000408072000
005000400100608000087000001040050093060001805200800070000000904000009600000004030
090000030001000056002005109209000040007800000030050002040000003805009700000720000
000006792000040000100000003000085030003700000000060847910320000060000970008050000
000900070400037006080060000020008050618000700003070002100000504000490060002000000
201000300070000000009071005000067000002000903030050080000018006000600740040030009
001078000800500070004200006020000900006000021030080000000000310000025000958003600
030000506010006070008051200004600080100000400780000031000000000000149000600002700
004203000027806000060000002001080500000000783000500000000010000302050400910000620
000740300005200000000038001004010000090060800506000007000000005200100406840000702
038090040007002003050700960000240030006000000400007506000080002010000009000021000
006005100000809000000024006010700020000006004300002070501000000070000900204081005
106070900037000000002000000000000784070000050843005000000017000001900320060500090
500020000060500017000086050000002100070009803802030900000490300600070000000000090
000030014070040020000008000040050070080060040320007905001000490000000000530070001
009000102006790004080410060040300006200100000010000078700003000000000090000058040
003400009017000005000003400000030602009070030800600190000005000190002000000840020
807000000000050370413008000000000900000060050004582003080070500040000006000290700
006000090400002050970600000081000000067500204004020000608000400000003007000009508
503800001600000038070000400400006000090704600008000120300007000000430000000608050
000000320430500001000620058750000060004200000000040003000079506000000080109008000
020048000079000601000007020000000470000070006000085003004300095500009304000000200
500400100000001000000206054000000600325000007607000400403800006001902300000000900
500040002900300010070080004061000005000700940000005108040900200030200400007000000
000057800002600070006000059700000500800004000004000603090500400100040000000010398
000980002001004007390000000000000005014008000200001040000032006045100300002006070
000000037002051080000000000000600000000574001714800003040009000007320000008000295
001940080760000009000000200005003000040200070000089002306000051000090840000005600
080062000500000940000000062003900000107020003000100750000000035060870020004006000
060000900004130005003000140000600008000500000059020300000004000806007090901000803
020607000001000280068009000500701003000000640000030001200000000000300460090012030
000600000000085793000000801100000008000003000320070000670100054000009002900058010
050000000007005000003040002400709000068030007000650891000000940600003000000100206
008000900000041065060000700200070090007513008080060003006002000102000000000050030
025008000300020007007300908000060003500013840080007090090000060100002000000000300
000902000000000305702000008100009087004000000008630504040000753030006000000010006
000000200400000000009804003001080050000602307042003089060350000000000000500209001
280760000000001000000008060000104000050000000760023040609007420000080003000090507
000047080070003095000000072009000000203080000000072000500028006004000030810604000
702006000000000080800705200005400720010090006000600300608540000090000008003009000
000090025000000300100507000000040800080000000094320010000006582207050006006000400
000080000000050901090000005002100400000000003030064000425690010006400709001005000
009206000070050900680000000040007090090040010000530470200600000063024000000000030
020905080100020900000040051700603000063000000010007000050000706000000400008069002
000300000100642008000079600804003702070000009000200003060700090000006200010000400
800000000000000035050700600009000206000004070400062100070350002020801000100009500
007054100008900000090000060000800020000190008025000901036080000072000030000040006
200070006003526000010000000000050000700900305300000870400600000080004051036000400
000248500500000000006003000600090008085072000007000030002406003000005061904000000
000000304010000029200070006706004258020000000400000060001038005900500000000900400
000000900000030051002504067005000170214005009000090000008070002000600030050008000
009072005000050100003000090090000200080000400010200056002100904000000030601730000
700001000060050000082630001000000007450000206206000008000003900000060000900027105
890007000020400006006800002000080053000000400030700600073060504040010900000000100
000008001009020070184300200060540000000000008030080900098001300000050000520000090
000700210007800900930100400040000050320000740000050080604002097080000000000009000
004076200000000000000020580000040312000100000600005090060304000003009058840200000
070000090005207300040030500000000800036010002000450100900000030000104280000080600
006500900059008000004010007000003520000204100100000000600050000040320801087000000
900600700100040605000020003000004106690000050031005000000000900004907000000083010
000250703000800200090060004010020000000000006004003908040600037230000090706000000
005000638000810000300000070000062050000000000070000821009070200400080003060004907
700800003000600500000020470100300008000250040050086030002000000403000009007960000
408000090070000000620000500090054000082001000750608001060070000000580004000000703
000000050005020060900000730709000000300040002046900083000018600500000000030095800
000390000000040020000000600004008016057010043100070000030807200090000050005000067
090000050300000009000700240500000001049030008070010064700020010002008000083070000
000000000009804007020003000001300502005000001030200080300150090006000108050070600
010000000009008005300000700700089001420100650000002400005920000000005006001070002
090008035070300000600900000000009001006017450000000270080000003000000790310000640
080040700000710000000800060900050340200060001600300000000000600001079050802400070
002000901000050800500900007090000700000040000004327000000070210807100006060005004
001000000000700408980000003005020097060000050100908200500800000000570300600090001
100708009700052030040000000000100040030000207050000690006903002003000080500006000
904000003020390801000006040006050180000020700007900000080000200000030600000001390
230016004060800090004007000000400002000003000056082700070000300100060240000005000
096000000400029000002057000200006500000280107070040090760000930030000000000500600
000000041004200950790000600080007309000300010070500020000086000100950000800001000
800950400054000007000006010000300082000060000040000930060001000508092000070400200
700000580050000000001400070610007030030500000800301000048003002000002008000096400
000004200000300000002600058003900004000010000000005907009003010800002605506800040
000007035700090008025080904203000600090005000010000000300040500002800000000601040
000080070007065090200009500008210000512070000060003000400000800920000060050300000
000500070000000205800002360900687003000130500003000000007000420009340000006070000
060400000000000002305160400006000005008050704200000008000001280084002013000070000
010900000300000000000030060000060207405020008690000000921000700003600005050082900
800000042602000013000400007000020005100850620000003704006000000090700000085030000
005000000000970851700000000003040500980600700060800400800590000020031000000008070
351000000020006000000859000040000007000701948006000021000590803000000000000408010
004008000002000005007000021008004500000050037000002406000905000200036900300401000
000500023000006000030000957500000098400095000000002000004009200090040080063100070
100000000057003000040210600000400876002000045070000030803000009001000000000905063
001200080024000030060100007000000000000806001008001275700000009000470850050900000
036400000080000004900007000000100003000950402000320006203000007005009000001640800
000570600400080019000000000000600000960403000040800090000100908002004300703000045
205300760004000800080010000400800000030002000600007250007005000006090070300000094
080300900040052000000900570000000400300000057000270801004086020500027000006000000
930004000000006000020500010000000000003609002280030100000103980007950200400000050
002000700800704009000590100030000000600002840000000260380000690700036000040000002
002056000003980000000000795506070030000305100000000200000130000030000019000602040
005001049090754000000000000000047006008005007032010500000000103000008020300092000
000400100080700020000000607000003000300170040027005890500000000010080400000309208
006001208937000400002000000000730000690000100400000020710200040000003000020010750
050000039430080250000000000000090607900000040007006800040200076000360000205001000
000070084500030060001000009917003000400000002000700600090000000050300240100082007
020040300509700002004009078000060000076520000000001000100400000050000189000000026
000010000000020000000009013090100768650000090003007000020008000908043600070000082
970300060004000008000070500005000000010090000800007100000054300230000001050203087
000970000002000051000000000090000500001040060306590418000000000020010097050300204
005001000000490701002007060078000000403000209000020300000000528054000000000680100
020003008001054002006700090000000001002005080610000520080900107500000000030040000
020030400600000059000060730800009000000006047001002500240007900005800006000000010
000031050002560079000007400008000200017600080500010000200000060704090000000050100
048010027000062340000000090300070002006409000100000500900000000061080009000207000
620080057000500008800740000003000000500000734001000060700009000000000029050803600
020000049700509010801060000000305900000000003600070054004000000000208000000006298
001000005000091008500080600000070000200100507400005162073000200000000309000860000
030000004900020000100083020094000030057208940000000002010400000070000000003600079
100000603000020047070000052004690010009500000607000000006004009800002500001030000
350000048000020000200400007079031000630092000000040000008000000500000801004060502
004080000090510004000004803900002600061007005800000040000000030050100060000030029
060000002501080000304960000100005203907000100000000050000030098000800040805100000
700030102000500600803000074000000000007900005040060200075310000200090000600700400
603000015002800000900605400030002000000000047000010080007000004040008052100000790
500000060000600527010000900008000000000083601154000000009560208800700000000290000
900000600000070089080000002063400500008600090700002304000030000270040000005200001
080002000010360000000009604020000000060000030003008407000780002000290040570040060
409200000100006000000000038000000300094000000638040200000360050070059000000018960
009000000004000319500003200008000006006091054000800090000000000000040060035610480
006000075008094000070300000060030900000040000001905020700200680800000500000070039
006080000900000030027000004300026057000004010002150000004671080000005190000000000
100000030000750009000008070500040000030270014000100600083000061940010008200000000
006000200010850070000007006000009068000060401100040090007003005300100000400080020
002005071004700006900080340203000000060050000080003600000061008000070032700000000
060003080009010000002000793005004000300007002000050100008071000057000006000600210
005800000030002010000076430050008290402000000397000000009103080000509006000000000
001060040060050000000004010020000030000380900000600408800070009047000300932000050
000070900002064000405800000000400000000020050006150300060010800870000060100090420
000326000500100000010070020000008000609200008020050040050000084900000576100004000
000460100010702400027309000090000030040000005601000900000000050003900082000207000
030010050080000000000000601320090006805024900009000080402500030000070002000030010
000008002004010050800200000030007900000960000580004670000000000300600090607350010
001780300690040008000900000800000761000007000020000000100025000080630090002800040
900600000000830502000001060600000900020005700000060324000000040008150000060400071
000009000000710020907500010000104500003620070000003000005080000200000730400090051
900080042008000500030500100003007000010000080005006200000032010060004800300900050
086000000000000000409002705004290300001038600007000800052009080000000210700000009
000002001010000007900500040430700000000300028002090006000600080090405003000000194
000050003830000710000100900000530042065400300000067000007004108100700000000090000
000430080602000000000009000507060000900000001200000369000604100000000807100503046
010030040390002580400050200000200100200106000000005007800000312000980000000000600
000003500700000400906000018000040700200001900000060284810070005000090000090308000
400900010001000028006020000080406007900010050000700000040000500002300060000658070
097000003000006097000900640400060030020057000500040000004000129002700500000080000
000060004000000907000504000040001800050000190010295060006003009700000010080700020
090007000006590002000000005000078090410030000030004006000000300000206048070000569
000006030000002516040090000001050000000000000000823600900000308082900000360700209
007600000000890530000007000070000000006010300402300980610908000080150020000000090
000000300000034050700000002090006500000598000002003070100607200060400000058000610
090050670000000000000406000500001004080000002600002105000070500008009020007138400
000160000000092780000000002090008320200500040100009000000005010060703200080010004
006900002000038050300605000000200018200007000500000003800000301040000609060403000
006000390420090005003800000090600010000000000014020008000400580000050021000069004
090013000000900000200504001002000300030000072600050400020007030500608040000000809
600700030008000000005000087000001096000050020040063001200030450300010008800500000
104000920007000000000506801002100030900007000005800200053000000200080040090601000
500090721301050000000000080080003000000000030007010409006000007000570902045000300
605001000000030018007000095450060803700000950000004020032100000000300000004090000
030050008000900010000003700008006009700302005000095000001600500060000020000784030
009000080000608050506409070060005001000100000020000060900007003050003400400020500
000600057037800092060000000000007000000005008008401300002730109180000000403000000
021090000070025006000000790005000001000008540810000000000300400680000000249000608
004002613000070040000600800005010000030000075900200300008030960100809020000000000
040007000800193000007400000000670001080004000000018009000050300070000980600800042
009000000000003020000005316207050000160200049000300000030140000570000000080096700
039400007000000048700209100007900002090030060010080000000006000006050009008093000
600010000000820007008000000000790080020000059000001042049360020005000000000140095
500006004009007000060000030000050102008000070090061080073000009000000820020403500
000150000000002071000070604050240030400300090032009000000000050069080100004000300
002000040000000007007506000005702000904600705000008200500000000001094006070010309
000020000547000000001060700000010006000000581032050000054900000900071050800000390
006000430000002050020000900000070060001300000000820005008260040010050000070084610
362000008000000050085470200003100000900000540074800000000007000000520083000301000
008029600500000100301800070030600000000034200240000030080001000000000002060053009
507008004000009072000010000080000000062030001000102060006001000020907300004050800
007590400030006020000800003000000906000900017208060030406100000000005100010000009
907000005000000080860079000072500000000207004600001008000400003000006009010908020
050300010080090062090010050300709000000805200000001305004000000730008100000000600
004098060000000000000061905700000090000040207200000031478009000020706000030005000
400230000605090700070000000006003000058069000001800000080000600030041820500000300
400000007010004008008320000000001006052030090860009024000000000100900040290060000
008560000040000073300800000100009200020000900000001046400000320030007601050000400
009038000000409706000507020005000630100000007900002000260004008000700000000060049
006000000000000300270000054100097002000010090020360100900000007005800049008500200
007031000000000502400207006041000000000700000060510009000093050020106300030000400
003000080004080590000200300300004000005600010000005600000000100290006040017040902
500008006000000000006009370009040000300060007008300495003027000084000050100000900
000004270030000000000107809005000020800003507460000000000670180010000602000005040
009072005000050100003000090090000200080000400010200056002100904000000030601730000
005780009000005001430000000000200070020096000600000320700000600200060000010479080
300000000000708000008406000000000090014600300050010804005000007009100420070390050
000000800000050000026000005070080030000200000004001097000302001002060054001075960
500000000027000013060401092009000000000639000600500100003090004050008300000006020
020007005004180000009600708000000050000000012410000096000406230000005004002008000
600840000009002006013000000104050000900000005000400827000020780000008060030006009
060800000002400018070002036000001000030907002600000090094703060000000040020000900
000071200000600090291000000000000018060000003007030500059003800000700000003008167
000600070013007090000300008000004006005086034000000700090800200070100080500090100
000800000305200007074590000000900200000008000090005040080000700109000354700060010
060054307800207500000001000000006200020900000700002604530000000601309000400000000
070000601206090040000005900608007405000000030019003000090502000050600080007000000
080000600000009002004258000150072000006030000000910000003000201070300040460000090
000200840005008900000970015000510000984000000200000070300081000007030000008000704
000000079000078001500030000000200005020090030900504060300010042010002000006300100
800100070000070006300000500000000760000000205240050030000300009003700041069204000
109402000200090801000510000000005009400008060030060007000300600700100003650000000
010900507005000200600500001000008000827056100900104000006000700000080900000070060
023004000010702000080060090000305017000020009000008530007000005000630000900200060
000000400000060000008002035907000650200090000054000700000030070500078100039400008
006003700003120600050090008007000010100000005400000000030040280009002000084001060
000500000100008006060000270000005003400017020700002050007000000000904080620000435
300000050000000796000170000050080000090020008180090020000047800200000304800906000
080006002000039800034050006000672000008500000007100040000000073600000100090700060
300065008060000000708000003000758100002000000000020000010007205040000030506019700
005700016000840020000020700000000000082403000074680000003000000007010030069005002
210070050006001002000800090105007008600000300900000040000032019000000000000010435
000000002060087030000031697700090000006000081008000040004050070300000500150900000
000003504002000000081500002075000000030900800000007040000604010020001009004000358
000000036000687400002000107905000000060040000870306000009200010430001000008000900
920000430040007060000030008000005800600009005000070000030700000060010290102040300
078020006000000090050400000006000140013000005000009003000600710100053408000002300
000093160000004000009100700000000200608500013001000000020030600000080000105026084
700000006000025001430000000100008000060070080009003000000930807070600130005000062
400700000008005130000820000240001006001000050000490000020000043000360090069000500
000320600000007041000000800002056000091000080000010007020040706000579000504001000
040000000000380000000070452000000040459000100001600300300900070020700000906020083
000000000010090450700520000001000032000080701050700009430057100000200060008009000
300040068006020030200008704009054000000000503000000076005000300000500080040009010
000703604030080209070006000000000000000100306007000590200005000106304008000008040
023004000010702000080060090000305017000020009000008530007000005000630000900200060
216000000005000700000008020004000001800205030030800004000780060000409800060000017
800546000700002000010700065000000300600209000081000200000007804009000030060190000
600800100008050000000002300070020000209000085003000049054071002000004010300090000
000003510608000034000009000000032000003000106010006080000720050809005000001000240
001030408000002000600080075000007050407000001003010000000090680230600000040050700
090700000000020060000013005070092086004800300000100007000000008600030250008050070
008075000003000600090000010600107500000080246800000090010000000000204070004003028
009020000000001903050000040000000036060470000408000019040207050000680070500000008
200009000070081200016002050000000020001090080003000006600008190034000000080000370
090010000020000604300400005000700000900046000000800173500008900080670002040500000
000006000850430000006020030001005970500004000000000400610009005000308000003060081
001708009809610003004000000000000070078000032000120900000000004950043000006900000
420000007000904051000000000000100538800000000070000102006093270002010605000040000
000960430000000086400000700070300001050820000010500290003000600020010008809000000
000173000600000900000000038000804010000530600008001090080052004400000000001009065
000403000000001005060500000097000008500000600100006207008109000070032040003060800
830000204020060900000890700000000000000005070700340005000001080100709002050020030
000200040007000900900600002010050009000000000079008360260800500000400008701006020
002006000900058000040003007083027000020000100000000002850040971000070000009600030
060800000509037060800000000006005100007009500090070600000906350000000012000054000
000027000000300406004060070000000008700200060800059014063000000000905000580700009
000080000801070900005400730009003050050096000003000040000058003008002610000000007
000005070002078000000200010700083000095001280000000009509000100000000630106000807
000000960000100000500064302200600000400020038063700000005080400080006001009200000
000000000020008090800702040090000600006100300582900000060040800910000006000080057
000070400000403000000028097510000006000010075080006000907000000003005020260040080
005000000300000100000000056090102300000700001000058009603049205070010040800200000
020406008000000000008102090001004000070008030050010760000840000007000002500093400
023000040000000005000193000000000060000800704005002109790500000500384000004060001
000408500000039000960200400076000090000000000001000002800700005047001960000050810
068000103000000240400060000007001400200900000900007800020600980010800600000032000
030000091000006200084000000100000049060400700000029500006000070008095004005730000
000205043000010206010000007100800960000300000070009004037500000020007000048000500
000050902200000000000890004600008040900035000000004206836100009090000010005000070
029000005007003000400000000290000000080710200050409030000060090800007000000532017
108002000070003000009080540040070605005000000700091000020000090000000106000049702
000049802000000000000006003100003090590000048702000000020031004060004100004090050
700400003000000280060010000000000096400500002000196430005001000602004000000200905
000000001600008009000014850004079000301000000900000030025001400000040500096807000
700000005006005002041002060800090403000000000209070000000000020000607831005001600
007056902080100006300900000000008000052000370009070200070090140000000000100040005
000810000601409073000006094000080600970000000002050400003002506020000000009000040
000040002020806400000007000309000000040002500000003001010050080906300100405080070
000760000000001900027000000100040006002003097000809003000000300250090000704506100
690300400000009203000740000340000150001000002900000070008031005000070010000500700
300004500008002000000007063060850009000070004007040000006000200083010040500000108
050000709000105200100000000007060302000007080000450900082000004600040000000023076
000000001600108000090006408080010003000070000300800900800500170023700000401200000
094000080003000007500096400089400300400000090000600020000040001300010600120500000
900060002000000856200000300090002508300800040010007000008001630000040015000003000
010900200040030000500006810800100000000500720000270400006000009001005087400090000
009850000000000050000600209700000090400007300005003602090700036510080000002000400
030090000001000007209630080000086402000000005020007600010070054700009000080002000
000800203002605900500000040000007402007000000030008005310000096026000000700050008
901003000075060902000800000000070001080092060600005790730000010000000054000008000
074200508500090000901000006000600000030071002000005470000002060012000059000000700
067308004000050061800600000003004007000000008040000056080090000300705200005006000
030000950000059704004002063000000020000004007801000000000106000900807200020500400
090006304003502080000007009000000050025403007000000030700020060006008000100060900
030002500000700030800004170000290000700005000105300090000000000004153680000080004
000000036000687400002000107905000000060040000870306000009200010430001000008000900
050400000000007090000006015400380700930000006080000042060008000000003028740090000
040008096908000100003000007500000408600700009004600000050004002006000040000102500
023060900700000601100007028004900003570000800000000005030040000000500006001080050
280000400000907000000000720010804562000000000800602001053000000000400006090230005
000094000000000005700006000003000029060930001402000000020700900040800050950060170
005040000020103076070000900080030000009600184060070009000004203002000000000006010
008300070005290000200708009000002100000000004007004003703060900006007008090000500
103009500000040000000603000900010400041090000070200003060000700089020060000708009
006000408000002650007400009000000000048000901090010032050070004000109760000500000
800546000700002000010700065000000300600209000081000200000007804009000030060190000
000080002000500040004000709040602300000030006002000050010200007008046903003000020
004000902900708000050000000062000000000305009030200657000000020000659003780010000
037002000100070090050008002010000248500280030000000050000090620804030000000000070
000000010000005023501090000004080000200060009009003007040008050003901400800207000
420030000005004800700002045002000160000007008500090200039000070007000080000060004
000000000000900250006000409930020001000000800200040360870530900025000000000400075
300070005000200090020064007005820300400300000000000600940700020000430000710050000
300900007001006000005000008100200000002513400906080000007000100000300072000004069
097400000201000500050010000000208005000000007036001000000047010602090004070000093
000100090000200835002005074000008009070306000001070000064000000000430007050000208
080000005000200000500408000000000012040080000962000073190030700030800640000071000
037090800000000009000060070080000420903100000000087601300400000054600000000015080
000100000008930740050087000000008034000059000000600002030000015700000609029000007
000000010000360000409002050102000830006003004000070002200050000500200040087004060
020090000000000897600000001300580006000700950000102080000600100009200000814003000
000000783070360009000010052300090005000006000020000008007005040000030007060042800
000000040030792000700000030000000000000410905970068000090070063150040002000500008
910003002000000500020780000000009006594000000000007200000001604000905080700206010
000000205300900700060702040010005007005400901806007000700000000000043000004500006
400070005200000001800900040003020800080060000790000460024008050000700200900004000
000071380073600500090000001834000070006050000200000000000900040007063000000045600
000030000000201000000040208009000400005006030007480020061070000502000004300109600
090067500000005010500200704780009000000030000060080300050000903000304000007000061
006000075008094000070300000060030900000040000001905020700200680800000500000070039
907000005000000080860079000072500000000207004600001008000400003000006009010908020
400000080800000009012000006000000035003641200000070600020000000700409000068003071
060030800709500000050000000000715000430008720000000080000600040006080159040000300
087650030000008009090420000700000000000030075306000010010792400400300000000000800
000000062009600030407020100040050000005008000103004078000840600000000010036900000
100064300000980000006020050000506007200000040045100080010000000000407069000000108
800060007000029180090400000071800000000000070040200003583040010900000060010000040
200010065050020801000048030980064000000800400000002007005000000060007200800090000
600000700080050000030901000501640007000300001003007200000200500000004906400080100
001005394060070000000001500006000035400059001070000900020180006000000003000206000
700000065000000001000004200200763509000950000000020300070000800900080003140600090
075080002000000008000705400040260700507000000000040009008000230096403000020008000
100509003400000008026000000080300976060000050005704000000000080800130000053000700
000000802000408010000030005000000201805020009607100000090076030200050000061004000
000000200400050001000430000570601000060023000009000103900008037010000049000070600
020000050009380007005007000000000068000560900010042000000704032730609010000000000
030000000000000000095000672020604001060009000800002360907006004400870000000040500
400030001200007006070100000000050000005800103030640908100300200000002604000000030
000900006000060935050004010000000029008500703100007000010659000040100000000300060
720000050019000200000030000080076400000100002060490301000005604000010000601000008
000400205500000000060081900903000400005800000780090300400000020020075001009000800
053070800000000070079800205430000000007005400060100000200004050000018000000063010
000004052300200600700000043000620080050000090801730000000400000009100830400000100
030000200008050400000870000080020960009060005000500040090300000502407000700080600
300064500060210090000050080019000800706800002080000000000003607000100004104000000
090013000000900000200504001002000300030000072600050400020007030500608040000000809
000000059020000003740052010000001000080060030000780600000037005006200070090506000
004010090000070280050000000010000030009703000000008002001300070703060920008900001
040000006030004002000930070000000018090300000507200003010800020000062400000003057
060001008002400900001300004020000001000500080070049000000903000400250307006000005
380100072500070000007083000003000600100050090002030001000002040400000908000060005
000800004000000250920500100000050060680090400003200800000003910800061000071000000
900270001800060002060000390000080003000700900000004600008300000030000476500092000
000503600010070000007002050020600970100000025000000003960080000000700008700100340
006800400700000000018002000800900052000600001905100800000000300037006000000280910
000010650060002830000000070010400005300000000070563000000005020108000060930040100
004000800002080900800309006060000008100900500009021030000170000000506079000400000
458000200006004500000000109820900005007300800000700000200001000004630010010000003
160000000090000003000010857040000085005007000610040000000002900006081070300006020
002000090000087200380050010005020400600170020038400000003000600040060000000000104
000009400005000000030000009006700041052004080370000000000080196003400002200100050
008000000042000000500080030200006000900800000060519040000020007000104302706000410
005000000602009503000680190980000040403000700007000600200100000070900001060300000
003600907800000010090000000000009000001753600680001000004030096006410500000000300
503700000090080002600005040086004230000073008000009000000007196040000005005000000
000000021005003000460000900004010680150000000000037012002600030700009000500200040
000408053000050620010000000000010090100534068400000000328009000007000010000002700
002000000050000691600090800030070000401005070005004003000083102000000060000047050
002070000000000785001900002008217060006000500000005009000100000160003000030568000
000850740007002605000000000900040000000070021006030508650000000001300000300780060
000010000000000070000609435006005702000007009002800010061000080870000003300000107
300090000000070005005082000076009030000000500010308402000007008607000300050000640
070000900000000150200000047350001600094260000080090000000500002800000500000904810
000679100000000067050010800000000010010500038006007090000900000070053940030000005
001078000800500070004200006020000900006000021030080000000000310000025000958003600
030000086500000000010602000000809020809200001000073000008050040000308000200100037
002000003600400000030000504060000008080070001004026730050010000900504020000980000
900060005305000000010005007000900004020000010508106009000070903002800000001009040
740500010000000500000009804000003020500078300060000000006030000850061900200400050
002060000050004700000180003035402000040001000000008050200000009014000080907000520
809160030040002060000059000007000010000000000030608000000003081026070450004000200
000070000000608005010000094000040000065007000403009200500000008080030106100002047
013905400600000037000000000005006700700014600109700000000040902004000000030509000
430002015800000070100700006080064002000020004000005030000000040000008003090036008
000048000000020001697000400060004009002300006010000800249706030000805000000000100
040780910090001054000040602000900000001006020000050170607000090003000000010003000
040870000050100249000000000000003020000480603007000000002008470061000050003005060
000740930600002045500003000000030060000028400090010050000054090048000000000000120
007004600400529000002000400700005000000700005040008300000800010590007002001600090
030000950000059704004002063000000020000004007801000000000106000900807200020500400
060000020000780500100060403480000006000030004001007900004005000000000370030100602
100005003000076000040800500200008100000000067500024090050200800000000070029300600
000540000000300002630001007006000008000100000350806010100000730503008000070009080
060000540802000000000800600103005904000030050050107000301000800007003060000000710
010000700000700050000100243093005600260000007800060002000000000680020000000040968
008004300010050002050901070400000020001400900000067000000000000200600008073800206
004000530065700800070029000080070950000600100000002000940001008000008000000200360
090140002800900054100000070000506010000008300000001040000300000003000085704005200
700001490000200000006087100500400006000000074000000000095030020370004010060050800
057040008800600100006000730009700003000802040040000000690000020030100000080065000
000007900038000010005000020050001000007840000002390700090000000500103800601070050
010600070000000200080070090000403057000000310700062000000000000300056980090087500
000200000001080904090005006018030000000600070602800001040000300000070400000003219
160000000090000003000010857040000085005007000610040000000002900006081070300006020
209000700007350100600002000080700000000408000120000090070005302900000001000047008
000905002900400700002008043001504000006002007020000080000000830300016005040000000
007280609000000070006001000000008401093000000460000050030700910000800002050006040
008090000104003500000006204000400000021009000500360000005900081002000400000050309
006400120024005006009000400793020001000000280000001035000000003000904000500003000
700000900000000030086049000008000090500000300900700416000070100012030540090080000
020030070070000005501000009050600104000000020009043007060800040100020060008100000
004000100000200050610050008050010084000035010400000007800000060009002400000106009
800040102200009000010002039100000000030807400000460008005000000000200070000730096
000020000000007180030040709600200000089014007001005000000000008007036000312000070
000000000050400090020038470000300000090810000104020360000007000089000100700090203
407600001090804000000210600800700004000000710000100956009000000350002000080000300
300067020002090040069000800020900007000020900008003000070000500100000004095700080
000740003069000000000006010000200070200870160008034000500000900003102800080000050
003005090009170000400002600700000840090400060000590700600000503018200000000000200
010095700056070000000206001000403109000000806504000000200709000100000300040000002
200009000000340060090080103000000008001057600050000007000010030036800570000000890
000000627000870039000050000640009000007648000000700000071030002405000800003000010
090000002008002400000307060000000010007900080020803006105000030080064050900000004
050740100700009002000105008000056000060070005009800370340000060000000907000000080
000000000400057068500401002073000040020000080004060100008600204790010000006000000
900000070008000000060102095000600500000310480004090100005030008809000000003065000
300080000000010060005006082006000074000300090070409803400800009003000000002001500
000000059020000003740052010000001000080060030000780600000037005006200070090506000
051000630400080090070000000000000000002510049080000702030060100004007003000140050
900000107000200900764000000000002000000504000000870050690000043100900508002030010
900000004000030000300002518008103000050007062169000000000700000000450600000018090
007004819000520004004000000070000090000378600500200000010000260300000070000105008
001806009000002308504070100048000090000900000095000830000000706000004000300210000
000800000030090006060020073000401000070009050100000980008060007600000219000005600
007000000000060470500008100000300040036000000720050003060400059109072000000036000
009005070000361090041800000103004000060007010500000600004000300800000007007030900
601003000000140000050000900800062097000010000070080320000000170000027060064000500
094000000000700200806040050080090000000004802000050094000003000201009503030060900
000071000000030706900080500800002900060000030009060020100008370050007000006410000
902000040000090700005001000000608030004007050600005802800704000040500007003000090
000600070013007090000300008000004006005086034000000700090800200070100080500090100
006000090000091600000000004050006308007000050002008009000079010060000200041803007
020090000000000897600000001300580006000700950000102080000600100009200000814003000
000490062070002090008000000000547106000000900000000087700030005903020040005006000
000000000040092030030560409000000006010038000270001008003700620100006045000000000
006000700000000030800020100200053089000000000050190000093004000002070091010900650
080100002002000010075003000300000070006000000050060003001009685020000097700500001
000800006005004920200600500802960300006201040000000200000000000400030007001700005
080400070009000200000002005020940000008300600000000840000524310000801000270030000
147020050000035000000000700068000090050000870004900300000000910210090000000103002
000000000800030429070000530014005000030706000002000000003000140000000092100804073
080000004500009000009000183040705001030008500000002670300007000000060200700000035
000072039009600070000000180037800600040030800200060000000700005000400090000080210
000400000050070190000080702001904003007006008000050400000000600600508000100309800
030000520000060001280010000009203000070580000810070003006004070090050030000000400
800410097100000540000300000000900000700000402000120070040000003050000908002695000
000008041070094008081000000000005103004000700028010060500300000700000209000000056
001050003000069005008000740000508019700006000000200000020090030300000000065180007
040000000000020008000054720800000090900600500200000086009170050008005400030000810
050410006100090020000000039600004307004007015005000600012800000000300000009050000
001000008900000400430000072000200510000000000072103900000608000020004007306970000
004500020030068000790020000006005310000010060100009007000000459800400000000000802
080000900000930004006080001000000062037008000002006570000207015049000000000010006
000103940000000003000006000000004020600000090003020700830560000016030008709001400
080020000000004020004853007000000905000600000030075008007006000200048079016000000
270900000600000000010007060000086094000000002390000170001040000000090703040300208
000370009500006008000100000009600100406090053037000900000500701100400000000007200
821000000000010340000007009906500007040700130005002000050908020003000070090000000
004000090000050800050029006700030085006200007030000002200000169000000040000987000
000021800100000540096000070503000000400310600009050200008000000300200000000060487
260050080870000000000090000000000100000009708001804602003000006020765401050000000
030000092000500001006001400800003900040000530000045020050006007000000080200914000
200507300000010402900000050084000900000085003000000680000061000500200704690000000
050002610000000000006184002074090000000000000900005080001070060000000100200601974
000000050000062080580037000000070060870009040200000009041000900700608000000701030
030000007050060000600704300007100038009007100100900000002400600000308050000016000
400070008000390000000500270200009000001007004907000060800000000030800402600032005
080902000010060850600008403024000007001000004009006000008003100000090070090100000
500004009406009010000000200080010006000000000009607082000208500067405003800000000
905004020000000006010005900030060500000502000027000000072980100000001070180000040
020970000900003800500400200850000600000840003607000040000100700001004000300000051
000000720008200004000170500021900006400000050070000000500002060000036490004000130
000040000002000030000300148000000000600523000430980060090070601700004500010800000
070030005000504920000000000006000002400007100002690300000380006000005001008002407
040080650009300080100000074706020800000907000020000000030005000000002000008431007
000000000010007004300060905205603090006014020080020030000001050800009270000000000
700004009000580701608000400000006043020079000400810000000900207000040080003000000
050000403000000060003210000900000500006840072000090000000520800200601000107900005
000040000091008000205100060350020084009054000000000009000500008003600041000000920
605090000300500200400006900000004012000000004000200080000068100010005490052070000
000002008100000007928060050000000073083100005004508000400000060030600000001970000
200003006000800700906100004050010009300054002000000000005000000180040950043000001
000005000600040930000708060000094001000000098001000200540001003072003800030000007
000020840087000090400000601000046008000300070003000002038702006500800000000105000
400300106300050009600000203000800900000062004002001000037009008000005000150040000
009001005000080007010050000200300001000000064900046000007000013004570002800103000
900008000050430100004009005500700004700000301032000670000000090000090400320000700
070030000095740001008100090050003600000000403000072050000000000029008006030000048
300000100045302000010004000060007240500900060004003000200036800000005002803000000
200700060060032000010600095900100700000000409130400000005060000000070008000208900
000003000020900500005000732510406007000005600008000000100000009002601000780000340
000700830008905000004001090080000760300000001670000902000029604000000000001070020
009004000204000000070500008002750060005060200080020070008000003100090006040600001
000040020010058000060001000450200091700005006000000700000070800508064013000000600
701000000000000360008002050900240000000000910005073040000508000010006700500400206
000704206820000000000000000057000300019000050000003760000002010400570090000091470
010000402006084150000050000060000201000830007090001000000000000070690000031040560
060000540802000000000800600103005904000030050050107000301000800007003060000000710
010000060000000075000907000003060040400790026800403000006000030700301000090084000
200000000000091608070038005000080013009050700400000000007060500940000000850300006
200050030580301070006070000005400300060000007300910406000000000000090010100000509
000903620009100000608004000700000051000000040010002080004600030050040008080300009
021009000000504090000007603003400000000090008090130004904002700002000145000000000
037040000200900076600030200002000800000000617100000090000490100001007000008300050
000050304003207000012000000904700510000060700800000030500010000000000040000683105
056300000000020030000008604000000481023000070004106000080000709007000003040080050
300059070007004000000001003000300702070005008008000000200090600001070080000406901
007603800100000750006800300560100070002900100000000040900408000000000009008005200
500007900170006403000004000001800000080000015600000020208700000003405100040000070
000802051000096800004010002002960000700508000000000060000000000305700040006040087
020000490090700000701009000570000010036020000000068000019600040000000083007302000
070029004000100000000003106700006000009000500000900360908010200400000651003005000
007450090000032400000000005800500002070000680000608043000000810015300000200009000
000008600020003050000050004300009400010070590800030070705000006600900040900000001
040000000200065040000100079006008900005009000800610000000000203508030000034021000
100200490004600000003000720000400068080500000000107950020001000000004619040000000
020000049700509010801060000000305900000000003600070054004000000000208000000006298
100000030000750009000008070500040000030270014000100600083000061940010008200000000
060109000800400600000050030080005000001096004700000803040032005000000000200004901
080209005006100320070080060020010000000006030501800040090040700002000000000690000
000730060080000003200090004060000410901406708000050000004103080000000602000070000
008090060000040009000000172600200005800000000507003601040605200000400000010009300
001029007006100080490000000000806009010000730000790200007200001008040000053000000
002000000004302107000095003089500204000000050040009000000006900075010400000000830
000560700007003400002010009000008000001007002000020108000402037000031000026000040
010030820092000046700000000940070038000600000030004000000029003060500709000006000
090032480800045006000190000000000100300000752000024000001000605740000000009050000
097010080004000200000004009500002090000095100000106003001400005000000870060008020
020400080006703004930000001080320040000100090002040000000200000000810905160000000
604000003090000400003060009000600005050030000120805600800010200000000076005209000
000603904400001700007000800900000000608907000500000008000005000006400207003209006
000000000009008500700300040060005080301609000007000060108070200000100300904050070
000020003000304970007001600200000400060000005005800030046090750000000000800002016
060500070000060501040013002000200105008000007005009030000700840070000006290000000
300000005000300900240000000000001000010000803098060001001000608000050300030086179
010403000007090300000000046000009230900306080500004001000000070070100690020008000
050070630031020000400900001000000026067500800000000003004000000800006300720005100
000489000000000060000000418100750080340000000002100000080905042700040009000800003
900004200021000090048700000007000500006000800000080009004060030700029000050048006
310000802000000075000506000002010000000807001070600030004960010021080009000000004
009002007001000602000006915590028000600030000100900000407000500000000060020500030
095000004800010600040008000300820900601007002000000010208060400000090008000000307
000000007060084005000005069200000700090308016005070080003000000102030040080000200
002008605006100000030050040000000018700000300000019007800040051000080060040075000
501023000000100090000060800007604000600030040800001030000705010003000059000010007
000020000547000000001060700000010006000000581032050000054900000900071050800000390
300050000280000060000002010610809000000000007003067094000500040090100300008030006
000080006680034000000000504040060091003020000000000047001890050070000000095700020
