901003000075060902000800000000070001080092060600005790730000010000000054000008000
000400005010800000000091006030047209650000000040008000005003801070509000029000000
080700015400600080000000320009003040000986000000010003900370000050000207700100000
005080970008009400000000250030006002004010830007005000000000000400000610850600007
001000000000700408980000003005020097060000050100908200500800000000570300600090001
000000400000725008000098000006050030140900205000000001080000153012007000003006000
040000630007002800000080000430805000100070020709400000003000060000048005020000310
000000951000530000000002600300700016020080000040090300450600007080000009600028000
001000000062008000000100092000002040070510600006740080009000060010030005000080903
070012900000400005005600002090700050040000760500030800300000014000008007000090300
000103408406000005050000300900705010000819000003000000100080000000000207090207030
042003000300010000500904000050002106400301070000080020000200409600000000009500030
004203000027806000060000002001080500000000783000500000000010000302050400910000620
009000210001007084000040600078200003400009057900300100000000000000006001003400020
000000160900040003040020000001700300090000400420069075000208050106000032000000000
057900002000500906400001000000700000008040100003082004000000000070236040904000300
700001005000900032000080400003000080000400000009706100037000000000057040050840029
800000006074000080009001503063007090005020078090050300000000800000040009000305000
903040002040690080000503007006021900000800060400000003000000530600050000700000008
000000090050700040310000600235400070400078000000260400000001029000000350509000000
070300080000020605900000002000001070080070006000090040007009020501040000890006300
052070001000000040000403200000001003078900010009000602900004000040000509010308000
000300805003002000000000201000170006209060100000000000030040002700005000150800943
009000000000709080200031570000095700000400600300007200090000061000080004003104000
000800000030090006060020073000401000070009050100000980008060007600000219000005600
070000003000602004108000006500001000000300520000084037609005000032000000700020080
000050040052600007004008000001085006060430905070009000000301080900000000007000002
070300080000020605900000002000001070080070006000090040007009020501040000890006300
600000973000103000000074860260000034000020000090600000510009002000005080037000000
000000370000050046600001000000000000098000050500200704032009060005478002004000009
050000890004000005100008000809000520000000006000601000030007080000415072701009000
000500300090000000070106502000000006000080035024900010000700000000340028007021600
000305910001097080000000200000000168300009020000684000040000800002000000506003004
240000000003090170000020085001700540008000000009800006592004000000900000030000021
000000008700300000012800904000904750000060142600000090200090000080406000900700000
000004603000100020200070109100750000080003000002008700009040000001309040000000508
000002004003960000800000360000706009100090000000100530050070208007000401000041000
500008000003000200070690000200000400430000760000020903000105000000970350010064000
010000060000000075000907000003060040400790026800403000006000030700301000090084000
000000654203004000090100300000902570300800001000060000030070020000003709001000040
730006080600005000001009420014003000000000057070600000000008240000040300080030009
000530080000400006058010040900003005074002010010000030009000002000080104007090000
000027000000300406004060070000000008700200060800059014063000000000905000580700009
030600040000519002700000090002004100407060030000007004100048000300900000090300000
004020600000080020090304700040002000902070005060100090406000000000050308800090000
709100050400600089000005020000079000500800000070004690000900340805000000000003005
040000007090625300002000000200060080000080460008300501000200805017000006000000070
600100900030000048007000003000501870000004000004290610090000000002060000010000782
007000060090001203000000007502008000804230070000010000000025300000890004000040801
400200007021000009070000056500007004709040000000008000000300905006000070302605000
000768000006004070004300010000021900900000050040900000800000047003046020000000091
485002600003008901000004000049000160030000500000009000010060305000000012200080000
060010000403700008520640000002000000009438005000006300004301200000200000005070000
800000003400500002010276000023600040060007000008020000000069170000000900000010028
000004507060000000000002080009000100740380002030050000080100009200008703900046000
918000520500000040000200003700300005400805000000000180000609300007002009000004070
800003010076000500000000240080000006000100300200590000020001000500074930000030072
000021800100000540096000070503000000400310600009050200008000000300200000000060487
001007004500000000300002010002370000000000069090408250480020001000080000010095000
082000000005007020000400800004006300070803200600000958000004063000200009009000700
380092000000000410500600020600000200700130900400000007000008070000004100095300004
000070600100609000000080050010002000054000001002005730020560007040010003030000900
005207800080000790040030000000000000004008009060003281020014030000500020700020000
006009703000070060200800190004000030970000000020004000000000850830027400000001006
809240007060000080030000020007080600005704030900063000000670000050000000200005400
000300500020060000000900370600400007070010804000005020003001748000039000000708000
060007830020000509900004200005000080000070090003062001000246000002090000000000107
000700040005000600900080000800009053703000006000000020017406008000853000350001000
000020004004309100100450000030000670007000030026000050090002500003100900000000062
000010090080090437000000000030740000008300500900082700000000908060104000704000020
030000004900020000100083020094000030057208940000000002010400000070000000003600079
102004005000000003050100000000600000003805074700000902060002500007000801040090030
234008000000409810000060000008010002060032190050000007000780000020003040000000300
000800900700500402005200000867003000900000000310000007030006001400008009000025060
180200306000083040006100005800010004007000003000708200000002501000004002020000000
400020005070508000002004060000900000004102053010000006036000004000070000750009010
004380007000060020700500060000070031007600090028009006006050000040000000000100503
006073508000000094300000000000600000020050001005007426700906040000100065000020000
000000049002000030400000560000003002008050000000147000900000300000070605034690170
201048000000706010005000000000000720940300000000065000000000802860054000030109040
500000382600000000000001000000800675000470100800105090000508400089000006020009000
000064070000000049300000800004200003000900250201400096000070060908500000005000010
000005003000000060700490000035080000100700500240009000390007006602000080000301040
700400680005000000002006790050000000000290000010000504800007000001530000003802140
090700364000000200800090000000020050045007092000009007604000000000081940000000805
000500200003080001000002900004000300058000000026910000000801590000600700800097003
020060000100000708300000946042900350080005070000070200000004000010030000006710000
097000508200000100100005030000000600000060040000348027800000400005012009000097000
010000000000000803000064000140050000003201584007030090004000000030706002090000035
900000206000004000081070009008000000003165000000000702400000038310600900000500067
000600200001500000008000516047000068000700000090003002009107003000300100200080004
040800500000750043010040000006090002003008009700020050000000601004000900060003700
009000000700200805020509006060000500080000000001004702100060000000401089000080230
200507300000010402900000050084000900000085003000000680000061000500200704690000000
104090000250830900000000050000000600400015800000400020900021007583000000002000060
060090000020160030090503010040600080000000000002075000050000000800001047010400960
007500000000010400000002930000030560030100070150026000000000049620000100081900000
000250000001070003205004070500000000060890107090000806000006000000000310083020600
030000010976005002000006030003000006020000000001800470097020000004057090000010008
000090000030004018500700030045000090800000200007030050680300000910008004000006002
009000000000709080200031570000095700000400600300007200090000061000080004003104000
209030700405060000000700906000006007001800020300000400050000002004020009702000300
200000010400003600010090800031000209000056040000000006907465000020000000040017000
000020300000098001900001400807200000039500600040000000060000017000003000170006209
100000026509680000000000300050007000000800003000230040905000004010000097630004800
003007051000002300000068900218000000005003000300050002001800007002000000900405030
800000002003000000040096050400001009000800423000509180280000076090000000004020000
400000002036000010500370000015460020004000071000050040000893000000000008000502006
000000190000030000083760400100040860007600030000002900058970000016000740000000000
620080057000500008800740000003000000500000734001000060700009000000000029050803600
000470010700000000010008005083000000004005600509000720000750042000004300000200056
000007000030000480009600071003085009082009000400023010000070040100000000000041002
000071200000600090291000000000000018060000003007030500059003800000700000003008167
000080204130000009000900037000007020006509000040130000000003075004070006700000900
040005030017000800200007600000000100000000064081924700000061070039500000000300000
500120003709003000020000504000080100062050040000700000000030000043000270000004609
000054800005008060001720000000010300304000000219000084920000001000000005600000470
060008090010347500000000000001020060050906130380000900000000005000002014000010600
900103000528000000007000500000005800003670000600040200000000021000907048010006900
100000304000003070000142090004090500000400000093080002700930000000006100320000800
070200080800004093200000000516009030000700801000000006050000400000907000000056012
820000007300000090050390800007900080100000000040001702400000200000008010090504003
000006008000042001005003000900000010000060400002010650003070025000491030800000090
098000004100000500520093100050000900000012600000004002800000000040358009030000700
001900000200010080607000002534008000000700001000004095000080150700040600902000000
530270008000040000000000260001090040008000037050023090000051000709080000000700004
000000700035070820700305000070260100000400009000703000900000400006000018020800005
040000005050040300107080002000520009001006040000801200870300000000000600006200003
000000530040000009000402010305094600000800100004006000900000080006783000000060021
001805402600000109000090000800000700030010008500000004007000601004120003000700040
000000060000003970400000802001000430060000500090700008000062000380907016000301000
001005000804001600500639000000200000000000704003004000100003450050040810002000030
000090004609080057070000300008020000500046000010509000003005000400032005000000260
100000080000210000006375000700820600008460300000000790400000003007000050000500401
000002850000000000400000170069030005000000097000060400001040000920178340003000020
000000008000300640006574300000908207003000000200000500050090810300000700010040020
000610900004000803000000450060800000500000000000053120003029000078000009106700004
070400900005601320010000706000006002000320004008009030000050000790000100003000080
000800901004002000008000506000008079062070000805000402000100000310009000000006038
000000804409000500000050706007080000002500007590100000001046000200030000060070038
050000000000027080780000040007030000000762000903080010100008200520004000000050904
900832000000405003800100000182000006000004709040500000600009032401000000000000005
000080000009700500300109000080000000040003009500976080007000605010092003000400200
000000000020003070090720000003009002000060007006000130234800001180950020050000000
384000000020300000060509000000900008003000070000000324700006005006008100902000083
050090000086000200900002408040060173000024000007005000008000000000479000000003059
000030072000501600000070005370005080000000290009040007040267000080009100000000040
001090054300024000009100300070006000080200900045300010000970060000000000002000708
010004090000030080600000007007290000048000609100000000300045000050108000060320010
000000810040006000009084070052040060000000000017200000000023100084050002000070350
020050000000000260000003501300700000090006100706302900000000000048000613000081050
031002080400000056000000000600071005000008900000005207000300020002007541040100000
057006000400003020030050140000000000804030009000090071000070600008004000001800052
001040060900010300000000807030050001080200000120900030040000920200000100000600084
007000052000005060005000904000000010001730890000084000600000000080002070903561000
800003700062100405000500020507000300080004000000000046013006000000020104090000080
900000000002037900010420005005000000000060078000000231046015007009670000000000080
050000000200048000903000002009070008000485900071200400000000635007000000030001080
009370800300900000000401000900010000002030040108009700080000200706000010050000064
040520800000010000308006070004350000000090658001000007000000385009000000400600200
006005430000010760090080000000000081003150000800009004000000200020570610670000000
900000400008502090006400210000010907600390100000800004009035600750000000000000000
400730002000010009000200100000000257000000406203004000005000080007003090019050003
000003001000007890000010400600000230007602080003090100740008000000050007050409000
000000904060050008500040062000010300009076200000009005006000070304768000000001000
000080006680034000000000504040060091003020000000000047001890050070000000095700020
000028000000000070508600000400000020057043001020005000042009080009100630000700040
000000701000008300300000082009240000600015008100600000007109005090006000050020030
000000103006000080420003700080090072005008000010020000002009004000010360000076009
060000001302079000000100000000000300900084005001605487050000020000018000000000853
000700008940050600000000490100003004570400003300000200080000000700002530000600901
010000904006000000000421300009000180000700500000090003200103040700082000030006070
090002000200008000003700490000079618080100005300000000070081030000040007500000009
000010005200000480460008000040060100000070090080059000006000020000102906900500008
000150003000004000543070009609000100007000040400000805025000060010300070000096000
700001000020000130009050700100090060000840020600100800971400000000005080000060004
006400000000928460300000029780103000060085090000000000009010050507000104000000000
003000000000004528000060370007048095004100700100029040000000000680000001005600000
700000109000908000400030060000200000001090400050000010007600905600000030590820007
030900081200000340000054970020100000700000000060082000000010008050000760009003400
000100800000080160005304009060003000700020003020801000900002701040000000002508000
000410007000300020027005300003960104041000000008000009080000072064000901000000000
000062005600000100025004000700008601000056803000200000000090700004100030003005004
208900000040000700003080000006700830402030000000060005307250100009000200000000680
000000507470000000000000024000536000000100040325007000004000801050740090067090000
708000000000000804062000000000070921100004005506000000050706003300000600004800507
050140800000860003000000010086709030010000002000000460020000006003010000507090008
000000800090500070010000600000362000003890000700000900807001040032050080500200700
410308006007000540000000000000070300000010809080009610000400020500032000800700400
020705109003000070070000000006050010000900080000320400004500000050807201000060040
009003000000000150001007409870052030050430800000600000000000042690000008004700000
080000600000009002004258000150072000006030000000910000003000201070300040460000090
680507000000000800124600007000072010000006920000350000000000002069000450700090000
060390100300500907100706003000000402003000001000081000780900000020000006000005020
000080154800004000000906000050000000004007698028000001000000000500060900006410230
000070200004030768000080004007040000012003000000100000073006000500090801400500006
600001004700000900005080060003000008052300600900000050180200400007000020000900801
087005000000000000509730260600000800070200500000504006000000095000087402000100700
000000300907064050000805002020008000000300084016000900000000000050400071192006000
007006004000240056000000030003000010009802000802160000006030000000071093000004800
700300000090400000003028071086000020000001000000049008000000006000030410900004785
005003040200006010000090380000012000004000731500000028003000000000600000068901500
240000970000000040000100600300004100602810500010070096050000000000305700000400020
320000060000000031059070000014260070603000000000008000070604050000580102000010000
004000700000300200006100090000000000800907010010020047020000460000035000560280900
000002000580009020000000105905040000600100490001000308200000840000090006300500700
010005030000003870000206005000000000340600700002700004005920000004800000083007020
540030700000000800800900002080090000030001070000673090020810060400000005000006003
800900600009000051000007000000020963600809000000030700900000040305401009000300020
000700401500000209008003600000060008100000090000407100030000520051900004080002000
209000583014080000000000000008000090003050020600004008000201006000700800060300902
450900080006007040000000002300040900008506000000701000009600400020000513080002000
001000026700001930000020017030005001014000000000706005400080070000530000090200000
800000063000000570030060000040800001005000709002103000910024000060000000003006094
701000020020060001000000008000020860500040300006790000260400000000500002003001094
067350208000000007002000090000070000010062000009510040001000352000000070090206000
000080109000003000053700000920000001070001084008050000200310700000809005600000400
050070090100000003780300500000000006360050000008000309000000204802040000001690080
000001506900050300007300002080100000000600030100204900002009040400560000000082000
090001602000070050008005900050000000031007024980200310000049000700003000000000003
080000300000057810007000002005100000000009008000524006500080094001400000400200060
005000409000030000000004863100090008000800170000200900200056000603070000010900200
003000560000002901070005023000080005600100090900000600000000400090070030028003070
009001005000080007010050000200300001000000064900046000007000013004570002800103000
013000059000000007900072001094207000000609504008005000000800400070100600300000000
001000000900607000004009610007008200090004030000000000030900000070040028508031040
000489000000000060000000418100750080340000000002100000080905042700040009000800003
060000540802000000000800600103005904000030050050107000301000800007003060000000710
008070003306000400700405010000000700000058001000100005000700026600002000040090850
090700206004080005700090008040000800930000000000000012080500004170302500000000700
200000807800609050000400009090000204000300900070006030000200000010048000507000086
000010027008600000060023800604000000000000072000140000043200000000074090709000308
002800007000001280908007001830000010500070609006000000000400300000000902460200000
000306008160000730007008000800000900000030000700000216500010090000400050603090004
060054307800207500000001000000006200020900000700002604530000000601309000400000000
430007060000209040500000000040702000000000082000306400000018907009004630060000000
009800700080000010002060000000300006500070002961500400090000000340080607000047000
005090006010000000900000050000100203007300000000006900584060002600002000030704018
380006050000000200002041306000008000000090040600700000800200001030000705000679080
000090000020701004907000000049000057006008200000000401050080100000420603800003000
000900000004060200052040030020000503600080000100006709407301000000000001010420000
230000000500006000400010020000800090000000503060003010040020130070109600320000800
062500034080034000090007000000005090005000070040000508000000021900760000006010080
000070000300409051049006080020340000000001006010020070000060015070500200005000000
000400601850900027000000000008590000000026530002040000000000002000002400029030760
009000000004000319500003200008000006006091054000800090000000000000040060035610480
030000000000005760040672000000089000080000010000001903690030520000000001408206000
940063805100000060002500000005006908000007100003040070500000240060009001000000000
000000200000004307105020008000010060072500091000098000209040030000260000046000000
070000800510000076300100000009800740000200000030060900000010020007002354020006000
200800740500040008000020063807260005000008400000030000100050900060100000000600300
000000000425000009009780500000003058000200000030078000090040000307091000800650040
409000003072608000000010000000100090000000040000852000007500001003007508008020034
900008000005002300073600100000090001001704053050000600030000000489027000000000200
000084000030060007000051042006043080103000000800000060000000010020400600000006938
007009050009030002000780009060000007300000480008510600946000100001000000700000004
038000004000009001040010780080090050760200000500006000050607002603000000000020800
400207030000040000206000000075000840080000903000003100000500309700016000000820005
000001000040080090780030250100002940005000036000000000030507800026908300000000000
071090600080400250005006000020000030040500009000000800000001000700059000009064508
200005080560010000040000001000003070000500062000048509002000400000801020003070100
010840009209000500040000000002004300050001006700000000800009702000067900500200003
005000010000403500000000070000000000004500691000938002060009005030080006012040008
006003000740200000100000894200000500000900007010037000800040070930070001000000260
601000800040000190000000004804007600700012000030006050500000001009800000000100286
000000302500000040000098100000000007308700506050004039806010000070500020000083000
001230005400000710020000060000003000000140003000059800070020000000980500003010098
000007000007090500003001040020700060875900304401000000000600030010008726000000000
300000820020000000090030510000940005630080900000200040009410730000007080040000000
009000020800300000004610907000109000902040005060000000070503010000000054100000703
040003270000056930000000000200900500001000060073000000590070802000200000002040150
400000000080670000052004000601030800500007019007100002009000087000009006000300004
080000009000702015000086000200809604035020000000065030004050980500000000070000000
001000070200006904094008000000100000010500003706020040007000000000004600009030481
000000801001870090080006000000000000000600025004020379200180700700930040100000000
009001000000009000302078950710020035020000008006000040570000080000300000000040503
000400200590000830000080010360000000008510609700000040000008000030004090087000150
001030800007009000200000000000000002004560790000080060080001546000053008020000301
000000005002109040061800037000000080600030000785010000000085900000001004070290000
000050000204170000000003092030000817600300004000000000040081000700004905005600300
900000000037400080000008002000370100102040700006009000019000070000000209805000016
000040020010058000060001000450200091700005006000000700000070800508064013000000600
607500820000000307000400000000009080026000009500000010000040030400600001002391005
002300000009000500064000010000001030816005004090000050070963021000000900000070040
000000500708006000000900600802004000000600003046010087000000891050002000007430050
708000200000007004050000089000604030090000002000002600910800000002940005000070018
600073204000050070000000069910000800000000000470200030000090600340100000720400050
000000000009001000000840001007690050045080600060003870080000000570000090300507060
780000910000000805000407032000000083007006100010500000009053000000000008500249000
090800030507090000000004250800010000300046900000000600070000001450001000008950700
006100040005000700000460385070000009000080050041900000000004003100300000090700106
300085060020107090008000700800500000605200100010000000900070080000603520000000040
009000800253008000100020700908000000000017004000000260002003400000000079004170003
000051030050300406600000702208000005000809007010000000072000609500004000000007080
050320000300010000004605010800100900000480600020090000000700400090000703030060020
000003040040800000206004078870000010503709600000000020700000000050000203010065000
105032400000000900000510008700000000004206000610089050000000000000147000507000064
000007000800000009070040563500700096004000120020000000052400310003010000980000000
010007000000004000247000500002090405800006103500000090000302007001800040003000060
400008000000090020005000003000001409000000010200070500060412008900600001802009005
005000000000091600026800930000370064000040700000106000608205000150000403000000000
060000079010700243000083000500406091040000000000020060020001700000000014000000905
000020500000809000000000702000037000005400029004600008048006010670200005000004006
040000000020650000509000006000908300000020010700100690080047000000000940100060085
002400000090081704050003000100000540083075010000000007000009002000007006908000300
028504000046000000000008026000000051000000200069007003050000004000400130073610000
065001200008094500000007000400000000000302001000005708080000609002070100074000050
000000690079000804002400700003008071540010006000000000005003000028075000000096000
890007001000000060100002005080200000040060830200730000301000796050000023000000000
085000000100400200007020060000000000000082091060700840908007005000010079000530000
000830100040010063002070000050060000000001090000000574060308002105007080700000000
096070000020500704000000092004000000010005000007001009400603007080050020000008103
007240000106800002400000530001506040050000083000000600000007209040000710002000000
000002870010056900000004050600000007200830009000000400080210000370000160005070000
000000000008100405003000078500000080900000007000062000005600040420800090800009726
000010507009450010010000002300870605020900003000001400000003700060000030000060009
070608090002100000000030000016000503004000200000820000300004070900003400000981050
070005009604087030009010004000000000000040900005072008500000042030006000020800600
010008243600007800000030000024000005080203104006070000000086090000100000002000006
003000000020700000970826000000402095100090007000080160000103700000000006065000020
000000400408030060307902000004005020000000190000100608000263700000000000075089000
000003007692000048400000000009400006040008070820006000000100000308000109000035400
000830004000009000000000196000204300012705008000010050080000000000347501007600000
000003084000050002000824563070040001100000900620700005700900800000000000003000007
059060007006004081002003000000409000030010400000000703090020000140300900600000300
300027510060000037900500000002060809000800170000000000009000600007005498000080000
020000019100000000000930500050100700732080060400020000680004000003050400000300900
000100004000028106600040079009070000002005000000000057726000000300012000010006005
000720000000009400008010530206003050000000010000901000530000004402000800001004025
000000800000080764602000010900800070076104090050009043000607000000900200004000000
050080007109470560006000400000700050093000000004152000068000000010600089000000000
800016007000800020010570009540000600003000000700000030070003004000089560000200008
600000700000080000000000345300060890000001000790058000903504000060030012510000000
008400000150037000000010000000004090000090067020000840040109000080005026506070000
080000260300010000062500049003000000000000700000421000008005006920030000000089072
009500010004300000300061000040020009090005000005000007000006000057400301102700080
007003020290000401050001300008600100000009083070000005020000750000010000000070204
070063980000700000000000607017000000090002031080046200000005000000018000905300040
000031050006900800015000200060570093000000400000009070000000900048005006000203008
070900006000000000000005203004150900060004310305000000009780000008000704036000009
000500000006000400700090805040008007080010620001000000090000000800400251175000060
000300020027000000040005100800500003060100840000062000003008052000004007008007900
000008001000410703000060900000300056001009870500000000006004500700003018420000000
000073200100045000780900060060008000000000090000000012009104630804000000010002050
060000040002004700450603020000390050006500000020000006005700300000005000007180400
060001000000000004007600030010300980030086400040700600000004800090103002000050009
000005070002078000000200010700083000095001280000000009509000100000000630106000807
200000004008000102000705060000030000000060205009007043500600300003080006104009000
008200600900008750000074009403000900051000020002500000080703006006100000000040000
900504000040680000010000008000000264200900000006300800000030520000070006001800730
300067020002090040069000800020900007000020900008003000070000500100000004095700080
000093160000004000009100700000000200608500013001000000020030600000080000105026084
190000700206075014000000020000000090718000002000604008004003000009062307000000000
060074009050206037000010800200000300010000070000400906002008000006002000000050190
081005000002000050003027010900600702000041000000000640040008070000004800000300920
030040080019050040000600020900008630700000009004500000098700000000064003000900002
300000000006080740702103600600002080029000000000000906000060001560007400000005008
004000000500120000238000050000470000000013960000009400409000030300054800001008000
000108500400350720005040390700900000006070050000084000601000000000060040020700000
002150000000008032800000700004000000010070009730060020090480000005000004000096081
930000050000005014400010600006090700020600000009007000000800030070053120005000080
000000002060048000500060800000000980900000026100090300002051090040030010000670004
607009000500030080030000000000000003106003400002400057000000008000500104781600020
000500020090030000300001006000060002100803000605100000007304080000008090002006053
900020300005006020000040061060000010000100007070098450007609000000050000800300009
006070500000026030000005090700008004008000200042000910009000027000800000203000640
000000800500000009321000004080001700010008040005920600090500203000740000000009007
000008007040050900050043001010000000000000030062000104000004078500070000034081060
000009400900607020005384900200070000003000600000906100050000000000000503007013008
000300000000800914010047005000000090020070308083004200008009000004030000050001600
076302000000700021004080000020001308000078009000400010091000000050000070003960000
008007014000004800009000005060049307000070080300000001000090030400208000006010020
001000000000000680402710030090200060006394000020100500500000840003000002000030700
040080270000900600300500004020600830009020000000300010004009000503000006210700000
000000300907064050000805002020008000000300084016000900000000000050400071192006000
180900000000000074000000095000030000097508000000706038072000300000040000051870400
080025000006000004910800005060900400000000030000500700600004002001200000057096001
090206030000090001000080020109004003080001704024000050000060500000009000000438000
008004060504000000160700000000250708009008006003000154200900307010000000000500000
500800200790600410006000070020030007040070000000001530000509320800000004001000000
000700096040080001106000000958000000000000000000594030509608004010000000803005010
100050067006004009059037000000009000260300000000000400007800001000490000031006090
006105000000000070000000409103400000820050000000030095000700960000040027097020800
010078090200500080070200006008007000062000004090025060000000903030000008000001050
067004280500000730002000009084000007900700000000061090200005000000806000800390000
000006107403000500010005030000054903000000040008000720006000000005023060900010002
070000389301900200560000000017020000050840000600000400000206010000000090000010604
004280030700600000000094006600000007903070050000300002005001004000800000000030125
830006020500040090000000000901504070002790006050000008006309000000650000000020009
000009800000073092001460000000546000004010670000090020020000000456000080007000001
000070210204500003010000509185960000096000000030001000000000000000104930000030004
040701800060000092000024030000030000053000009100200050005010700000506080080000010
060080070700000053538000040000000008004008010000700329020070001080006000000015000
000200360030000900700000000007820590000004000050300200008930702009070800000050040
000730002000024000004000800803040020070000090000860400005300000102070056000050900
760000000004900500000000240050600002000403070090015030005309010000000800003001020
500200000002000500400050800009604700003020000000093602000000000080060900006149003
900000020680000307000900000000400000000509738000023500570046000400008002006010000
000009370401000060960008040000050000790300050100800006000072400500000000000004907
098030700000004010000060020000008000300407652020000074000089005006200009004000000
084100007100800000007020600000000100006310000320059000400070003003002000500008900
080200090004100000000000060097000200200000874010080039003070000000003500000540083
000009008010030090200007000001000650030005040400820010005000080000002500008700206
014000000000030007600009005008107050007400000040520089100000370000804090050000000
004000003060092005000000912070000090000000501300060200057000000003000089092100600
000003012000207000000059080034000100900072003206000070000000009002600000008394000
063000900000209000480050003000080000094070068030000007005000004900000031020001070
400030618000000000089000023008000030160007009000040001000059000000082040030460000
000804209000000608600720000407000300000000005010900007004010000003005000078009042
095070080000000129080004000809000000050607010160090000402000300000003051000008000
000059010005080600104000800073008000000900004406000000020094700700203100000000500
050000000070006020306000090000000870000030000601900000200000506040602008108074002
800000000002040008604080759030810000407000200008000000000000590005100004000706003
000000000106035004080001000260003005007804003000000060600000070004690200001007500
008000015960005004004060000000002900003700002000800040000040023079000000405070001
800092400009007300000103078097000000005010040200008000000609000000040680900030000
000020301000870009063500000084200000000000710700050000026030080510000003000000906
008370005000000200000109400500000004003057000000000900020900601001740008000005320
000001060010027000270054100006080400050000710100000305009302600000000000007000008
001094000068003000050010200000600479007000600000000005020040008000000006309000512
001400006800630000040000009002000900489007000030001042000080500000500790025000000
002100800600030000070004091000010540000700000008000962030009010050473000020000000
000030701000800060500179000000000009300000100076200003090580007000004900000700210
000300970005418000000600000007005042430000007000100060002000000810000020004000791
008007000420500900700020000004000102500000000000900374030008629000009030006000400
010700084002030070030000002005370008007006000000800000400090500300020000020607400
003000500000070000140002608000000009000645000420081000364000000000008453500200000
010000080090003006000000021009080000007012050000604070204000000000000814006058002
082500000300061000060020900100000050209000600000002300006080040015000708070000006
009000007030004001001900400000060008500000940060007003300200870040000300750001000
300082005000030040172000030009000604000005070000000903930000002500000400001700060
000206000900003040512000000200000010050000000001900570080600024000010097400390000
030000000000080740007000010000425190900000000065100000046200030009870000700030200
005800030000000509067000002009001005030070021000453000000090008040560000600000900
005000400900000076087006003000080307600000000070600028020000030000710005000000694
009000800253008000100020700908000000000017004000000260002003400000000079004170003
820000001030001045700086000000209507000000003003054090060090008000100000000000730
000000700060300000000900081007000040301860000950040060000005074000600030508009600
080000530600120008000030900108704006700900000000000005000000020470008050096000800
400230000605090700070000000006003000058069000001800000080000600030041820500000300
300504000004000360107006920000001070030098000910070040200700000060000000009000001
800000003400500002010276000023600040060007000008020000000069170000000900000010028
006537090000002000000610070005000000000006015860709002010000004003000601000800050
013000007002900805960070000000030070090060100000700080000080010005400020020006400
000760103000009684000008000000540800300090000005130027800000000010000256004000000
610000307000900020000000680267104000000700002000000040501000000040010973000090800
000000092047680000000094800030000750005730000004000000000060000700410005058000201
000031800020050001000008002002000490070000000000580200017900500050020010000060380
510000000000800460308070001000090000290500070000200080000007000900080130800006207
000900500100002047005100000000003000400080000003095406040500000306000090710000802
000000540007010090908700000070000800600050000002960004700090002010000403820300000
500003070020000008070240030900000010000630400000087050034850060000001000050400000
500004001090103007400000300000000000002010463038000700070902000300000009000750600
000001076000078000080049003294000060060003000000000450000020080002010000100805900
060010009900004000008700340000600000200000006010048000070061903005000000300820005
060800073000000500000060008472100000630009000001005060000047005000620040100090000
000000005400570000300000082006050004000006000100900560002409007000020308000608900
001000600000300009090006005259700003060000004000805000000600000025047800040089000
000000000280040007000056030560080000004000000000015073040097005070002309008000060
800400600306000024000005000000020090274500000000070010900100340500980070030000000
300170040000900000000002087000000005006020100491005000802450000060000400009000062
005010307000430900601000000000064092020390504080000000000500400000000063000080100
915204003000010029003000000000007100000050007009601005800060400000500890000002000
000040802005090010020701000000008000030000067010050200901000700000019050860007000
000500060020817000007000041000080610000900003804020007000000370200065100008000000
000000002005090010407000503060010000000904000870053040000001800210008000000630004
050003008000820050600004200000000310900600000080030500004009000231050004000302000
000102005000000200090074100002080060000005000006407090070509020034000009000000048
000000000000030980310004000020380040000009037100072000700000000690020305000908700
500600020040930000000000040700005600002870904100000008800040007050000092300000005
042070005000401000000000600160089200003007000080500000600903000000000004005762003
003705600000000100100000000405000080000002007007800006306090250010020000500004960
400900200800000060006700000000019700001540023000200005000100007000090000910067300
084003500009100040270000000801000000700051480000700000400000800000204060032600000
400100005039500074000008000070000500005390600020600007300000050087000043000000009
000800302030600100002030640000007500050010090020000003760001000504009200090000000
000000320000400000007082090200000003000705008703001600000600000300298010090000402
004003000780000400000700089000010054600005002000000000007900260940007501060200000
000000080080004002005000700000032406120005090060900000038000540070600009050000007
700000800000000700200008530076250003000030040080040070000180000060009400309060000
160020000000000300000300500000810420000002701700000000049008005200090080600050140
040109000000800034000006801050370000000902100000000200004050000790000062210000070
000000720008200004000170500021900006400000050070000000500002060000036490004000130
038700000060090800400230000000004908000100602006000000004800030000905020600000501
000009000010500096800160000008000070002000035907405200000000740000910000000027800
090040002003000109000801005019000200700600080030050000001005000000000076000278900
000000300004860010250100000009200000500090608080001007008605000300000900706030000
000600001000000000600034927000050304000000000904010080003800005000500009075209600
906007000140000009500940301060573000000000050000000870000000102020805040000400000
930200000004970000000058004600000031208000000000007050003000805001005690000000042
070902000000000750030005100005200000200000040000657800000080009400009070708000610
000060004000000907000504000040001800050000190010295060006003009700000010080700020
908000700003060200100050000009000010007000690000900307350480060000000040000006108
000950030500007000000600400000030000000100950034000620000068300008020004020070560
200080610080020007400000800004079000000006200603050000065000040100060000009004050
000030071020060040000005000002000103060100005040086000006014907094000002700000000
800000100040750000062000080000270000010060000926000300003400006000085700000007408
000310020004059000000070900040007538000900007000030000820000075405690000030000000
080070004104050200000090010600000000000080509005307046007031080000000400006800000
009007000006053000030001080500000006001098000000000070407000100000086003005702069
080060000000007001000000354601070008020400000000100000059001200370009005000040089
036040079080000200000030060003510000002406000400070810000007030000000600120005000
002040000700008100000007650200004030006059000437082009080000006009000000000000340
000020003070001050200035408002049000000300002004010000710004090050000000009000085
000003002810002043070000000007000260020906000080401000000098000000004035090000120
006320051000000000003580070090600080000007006100203007000005002040000035200000900
006800000000009104000070050000023005001607300020005600089000032000004009204000000
350000000100006007008000002020000375700000080040008006000000200005300008000180963
000103408406000005050000300900705010000819000003000000100080000000000207090207030
002007400000000280080000096004090600000150020000020000027008050491000000600070100
073600050000007002000054107008000700206000901000000000500080000082070000600401030
708560000400028000000000000006000003900603040002000050000090031001000870800042060
020007006000010000430000780002050010000860030000204090003000001090000060800009074
060035020008064000002090000300000800001000035050002070000040060000071400000900108
020090000000000897600000001300580006000700950000102080000600100009200000814003000
000000070060200008820300060301000054000000107000005000010000082900000510002450009
060000200009070500750010000000241008000095074000000100506000090030000006000300840
301802000470000000000000600006708005000900040008603020000100007600000508009000410
000740000065100840007008000010290000900000020000400010006053080001000560070000009
400600003060300004900008000000076008085000002010400090120900000046002000000000107
003050208000008407001600050730000000000706080000035000600090000020000900010800720
340080900096002500000000040000103000080000067003005090009008400000401000070000015
070000500056098030100000000090010043000000680300400700004000000000709014005080300
007003020290000401050001300008600100000009083070000005020000750000010000000070204
000009002000000010090046050840005000005390200000060000001700063003000001708010009
000000000006309000380200000000007369000000001000510070040090500065048100001050002
004000000103050000050180603070000096040006300000500100000000900080600002300092070
000000070309600004000008600006007000810003000003200108008001006000900300000004517
900000001000709800800430000500000900080000104204800763006001000000300000000504020
000036001008010000090000020200000406900000000103087000400001085005700609000008003
010690200000003000904070000702018006000000000000004320600800030080700060107000500
001340080000000009700000000000002051000430000000610403600000045043080007020070800
800200000402007009900006008050700004000040200000000800000100076004039000063800040
000070000090005002000028043000000987000060120180700000001400079600090000070000500
000030000091006000704000200200090400000007806008040320007360001080100000049000000
400000000007001050000300800001003209800027104000900030002000043000064012000000600
000530800000709100040000030512080070030040200080007000000000010006095000708006000
000003570301000000840700020106000000000200035000008100000000002760090003208040060
056002000034900000009000003070090800400006300010350004008010400000004067000000008
200000090030560007000040010407200003010007000063000000070091800040000001100080004
060402003000600000820000760000064305030000100005300004081000000009000000070200501
000000028000010500005200100500076003076030000400090010080009060000008700200007400
070040001000000400020001003000000046590000000402000809007400600003008900000960207
070590400000100002000000001050608000800000300002000609000053000043206010200740000
049700030060080500070403001807640019900000000000000003100020000000000800020009050
060520007400080000008040510009070800006090304030800009000005070102000000000000006
075003040002000050380700900000600380600005001000040090040009600700300400006000000
050000000300006100004190700900000000000002054000080002002003009090058067008020400
000201000200080000018043000540030001076000054080000000000000090029500080030070020
000400080030000006810500003100800049009700060002039001000000508026000000000070030
000000001000010050090430260050094100200070000060000048000050000180900076703000000
040000908700080600008302010000000001003000000080035062000503700000020009430009000
040090086000800002039004070000000120050000700008003090590000004071000250000002000
000200000009801400000090501400070200103050009005900800000000084600030150050000000
090206030000090001000080020109004003080001704024000050000060500000009000000438000
003500000107000308008000610070900450900030006000000081000200000010840070002007000
200040050040030007000090208000002000500007100008000629301006090700000801002000000
500002000000070000000580490000634200000000000000028043085001309043900060020000000
092103007000020000080600090000000608100057040005000002000000004300060070079405000
670900030004010005000030809000190000020003407000000053000040306010005080002000000
006043010500869000020700000080000000000004280007900300009001020305006000600000100
090030420308000700000409003001020030009540000780000010000000600000200100007094000
000600000000027000400900280204700900059040003300000000010006030900300500005800600
000050000000301400060200009304600000000000007502089000030960500000000310020007094
000000030000807640010063050060000000800900200000015000700100005005000069640080300
010000402006084150000050000060000201000830007090001000000000000070690000031040560
900070020000000004000108600030000009006000840010000567002700000008504700400260000
100605070002040300050809000030000004000000000009518000210700090000900000094000205
030006020000050903005002007000000401090030080060071000000000040028090600370060000
040500780206040003089000000008210000000003060002000004001930000007080300000060500
000030000000201000000040208009000400005006030007480020061070000502000004300109600
010000000920013000000070500600000080400002100000800402009704025006120803000000000
020000000854700300000001000300800010070005600000002004007600139000000706900080005
060035020008064000002090000300000800001000035050002070000040060000071400000900108
200000070068005002700000009020009008000400713000100090607300000000600000083000507
000408005000000100030070008040006080010740530020100009009000400650000000200901000
010070000004000005005060473007400008008000940000000060006030509370050000000200100
000600040175000090400001000063000208502000000000560900008026000010058000000070003
000207040892000000040500000009030000006000008010048005000090810150000700000004052
005000000398500040000007803040000009003090080080001000000000310000709064000302007
000034800500000016020000004000016000006000090000089000400307009607000000093002045
000000000300527000000060183052800090000600200040035006000040010090000000005903020
015004030090000040000009006030100000086070095000200700000000901040008070009307000
200780000600003070070405090008000049009040060000001300000020008004000901006000050
703604000000020490001000000005003016007000008000908050006000009000805000050370001
000049012500010000000000000002405301080002500000070008000000280040026070900004050
047000060000000003000425010000180000003000000091500702002006004308004500016000000
010040500008007900000050043080000020004001009000000068000600030046008000025370000
250000060700080200000030509000005000000010604000200930047006000900750800006900000
207000800004650700030097000000000600040106008300800020000000010010300000709020060
000000709005010206070200008040000030200700060000053090000305000052006001600001000
035001804000784000000009200496050070050000000000608503007000000600000300000920000
007090000000800003608000020800003900396200084040005000960100000000060072000300000
000000930080004015000160000100000600070000040049058020090070000507030009200000004
000083006087000000000000820901000000000000593000500600013008002409002030260090000
000000000000500904300200015080056309600000500200400800700000030003800400500620000
000000730000093000060020009700080053000050200500106070005030090040000001601200000
002150000000008032800000700004000000010070009730060020090480000005000004000096081
700200600906000040002043007004002019000030000001900080000070005090164000000000060
080607050001000600050000432300000080200890006005400000000014000000000003070030801
200000010400003600010090800031000209000056040000000006907465000020000000040017000
007406002000020000304080000730000620000002150090000000000051904650000080900300000
090170060700000000000000802010000000209004006005000000060230140908010500041900000
000700000005000086010060003500300207009000100000007500001003005908600000706004020
008003000000904000940180302300000200002000070010600400000400000070000938000850010
400050000000900002000280039000001080000000306005403100090000060004002000107008045
000004009000920005704000000000642000000001052100000896010000300006207008009080000
002060000460070000000000032095000073003010508800000000900006000020804061300090000
004060310102000006900380000007402000040000200000600470300700060800000000000503900
300100005000000900092500806000070560070030000000401093800090000400080010000000307
000400005010800000000091006030047209650000000040008000005003801070509000029000000
039007000500060700007000590054700080100006000200039000900000008003400005002000600
100005006005000004000309500053900060000070000600001000840700000760000139000090080
200100006000900020000007000000003009005408070710200060160890002480000000050060000
000000701000008300300000082009240000600015008100600000007109005090006000050020030
000000607000000940172006308000104000030700001800300000021005000500002000096000003
100000007090000020400901800000000000500002098002100600000000060034007051070650400
080170002600000301000300000005000800070000000002090514500008000000002608060001093
030000040701000000480000002009603000000702010000900065000034020060000000520090103
070000090005207300040030500000000800036010002000450100900000030000104280000080600
064300000000090000000205308003000400000060902000000150008009020016070000340500700
002010070400800100300000000007300060090000304003109000004000702109000543080000000
000500200003080001000002900004000300058000000026910000000801590000600700800097003
009020000060000057800030010500009040702600000094003206000060008600000009000004100
000030650300900000060047010004005180080074000000000700630080000008200005002001000
000006420600300500000020070063081004401000008000000000070900600000010045032007000
004508300000000600702004010090000065030800070000710000000009036000002749040000000
000080000000065000010000053030050070000090080006004905009020060020800791040000200
000000040002010856600700000020073015050000002000028070000080090000100000034009100
000670405060000010002048030000300000014002850050000000100005067009001000000000340
009001000000009000302078950710020035020000008006000040570000080000300000000040503
003000006000805300012000050040008000020053040001000790037002010006000070050600000
300900007001006000005000008100200000002513400906080000007000100000300072000004069
005000210000000600063010050390002000000400500800300401000900060200070300010030800
300006000090080001820007000080005060600042930049000070000620000000000040000010097
000000300001287000050004002000300004000079010009006200000048503000700000570000408
000000700713800000006030000008305000000700090025064000059006000000000084002001970
000903000009000080070016000000070000030020041047098250000000000000240309600007500
000070000700500000049060001020800300000634090008002050030000004870040500900000030
071040000400306800000000000000507006000000250906020007200000000039000581007800300
000800000096300001200001570005060709000000000000739800800005000302040000500200100
034090000080020016020010004005400800200009700000070001008060020000100065000000009
000000730000072605740000000853004000000800904060001050000000120600003000002140000
040009003003270090006000580700320050000000004005000070300050206000103800050000000
900080050000026840000100007050730600000060080009800000310000009004002500008000003
604009200050008000080012003000706025400000790000003000340050000060000041000000600
000200038040005010000870246010000080003000009500026004080000000309000000200750000
060000001400008603080050000100070020300005000005200900000020500804537000001000007
000030000020096080008005040080001000900008250000520000030200600061000090040010700
000009008630100074090000000000007301200006000005034206007802090900000403000000000
000000070040000096600003805002000000180040629000007000000098004014000002093200000
300007040000000103000003006010970000802006307000000060900010000000050482780200000
920106003000300250000004000010000000090060008000859000086030007000000060300040082
009000100000018000050460000008070956004050800030600000000200001070000503040000790
400000805000000762000150040507009000000001000001020400040900080605800000700400100
000000009240806000300000520006084001100000402005009060000497030050000006000010000
000003602400700009000068004198040007730500000000006000000080000024000901010090000
001078000800500070004200006020000900006000021030080000000000310000025000958003600
000530080000400006058010040900003005074002010010000030009000002000080104007090000
000009370401000060960008040000050000790300050100800006000072400500000000000004907
003001497009380020000000000070040003000709006000062010000028030000900060805000000
007002000000300800004007300060000500180090006040600020001050004000000219000003680
600009000000403000050020008070210500000005004000000870006000900000600140200398005
080005600900000030005081000000008170100020000004006020000200500002003700003074010
037100009100050020090000000084010070010030002073040080000000605008000930000003000
000402001001009085080050003070000100020607000004000000700008042058000000000004630
000309050000000380009000407301900008000806000800000002000000023040008015090002700
000000000805000260000629000004001007500000002017200080600074000001530000080010070
000030000000850100090001502080300070000084600006000205060590000508010000003000700
007500900610200000200000003005040076400005000800003150001000462000300000000090700
001000000700000021090000370016040003009000860030000900405070006070530000000200080
000854009005200008000090000500006020020500090040000107067000030090000710000630000
960002040000019068000800500004100780050030000600000000000004000000006039800900074
040050003000000100000936004800000006050807900000400700036090080002041300000008000
000032500000007008080900000070000005000063900004000601040000300000750020107009054
800050070000013800000200004001040592000000000070000140004000000030406020057098000
700900040000000059034000100000703005000160803006090020060000007000004080109500000
400000600000050200080001047005000000270000965004600000000210000900380000600004098
000910600050008007008003900500040098070500000300200006780090000100600020000004000
080607050001000600050000432300000080200890006005400000000014000000000003070030801
080000200000000004000038060026000809500000003000004050041000000009081740208090100
000170000040005230900400600064900000000000000710003500000007000029046010050000804
600091800000032007057000002013000070000000040000000601060010080001004000572600000
700006000060420000509080030002091600000000900000064100200000001041000850000003060
000020605001000073500000041600040000000081907003900010000010006020050000080600500
970006100800004000005800000000301800402500003080090002000000000200900030001042070
009200086000008300030000000070003020006004700043107000000700000000000610520081007
000010004000000750000703906409006123036000009000080000860900040020000000000054000
000015000020090306006080000000001258000000000000370400000004089480000103605000040
090040000400060003015800009100200070009003000002000300000000740650000200040001530
190056700730000090080001000000800004600000970900013000000200010070600400000040006
907100030000605000000094150029000600040000000806000070005009010030810090000500000
009000000000003020000005316207050000160200049000300000030140000570000000080096700
000003600300040007045060200250000000098000000700100450000280000000000980072600010
000900005040000390000080000000021003200060541004700006000300020001679000060000009
060000500000007010000080407000500000040000702900001850310040006020603000870000003
020030400600000059000060730800009000000006047001002500240007900005800006000000010
005000680100007053004300000300001900007090005400700100000403000500000000820600040
000005200043960007000008010016000000004030006002400830000800900070001050060020000
075900000000008006060000004002003600096201035000090800000080410000000000730402000
000530100001000008400000530040060309206050000000204010030000850000000007098000400
003005090009170000400002600700000840090400060000590700600000503018200000000000200
000000100508001000000780000006402000047000006803005700100200003709600001000000860
280065000030004900007000003000000300010600090004792050000000400000200005000589030
200109700030040100500037000876001005000000009901000200700000900050800600000000030
072050400004200000600030800050090060830020010000000002000100690000900000400063005
000097002030004000008000004002001085040009200700005100004000000003000906070060840
000300017400000600009000040000000069010006503500407000001000800000028000020170350
004010090000070280050000000010000030009703000000008002001300070703060920008900001
060002089000000000010400600008000500000006710001005004000090070030020050004380906
000007208900000100005008096040001700600020540002900000000039000003600000000800904
020090050000705000008006000700000200010080030042600000000020400050930006800107300
400907200000400019000003050920600000008000532030005008000004700687000000000000005
000430080602000000000009000507060000900000001200000369000604100000000807100503046
600080000700200050000007401000006000002000804100000367008002035050000700003900020
000007600830009050006000084080300400003092700020000010009500000300000020050080300
400700053020600000300000001004050600003200085605470000807000040000300000060000002
000400970000051600042000010030000000070508064000070000700030000300090000005864009
020030090010049500000006020850013200001008400000000000340000750000000060002750000
000000070000700000300100460000001650040009010005800300407000000056000930093006008
020000000010982004000500103007040030508003000000000700300000209000670080009001050
007000000380000040000704092000000470702080000054000008010603000200010600500000023
000030006050061024000700000009003001064000030800600000200000910018000007000020065
060010900057000034000600205000904000002000000040530000070109408004000003080000002
000600009301000000000254100400098000060001003018006050023000800070000002006700000
000020060004009010006005200800000040700001009340507000000008006030100402000000031
002040000700008100000007650200004030006059000437082009080000006009000000000000340
000002014000000000090310000900086003200009050000000760400038620000040030509060000
000090506010003080008602040200150030000030700056000800905000000000000000062009004
008063000000047023500000800000700410040190200021000000700025300000000080900070000
020005000603002078100090000800000100200500097000016005000000940000073000908000006
000002080297040000015900070000050003000000010600200005000068030103000008020005700
000700003000062900004008100190000050080000300006010000700095081000670205000300000
004070010000000005290005036000000800907000060140000002030004000079500000005100084
000030000063900500010000068096020700080650000274001000008000000000000005000008642
304000100056000302080000000000180204000604000000030590000007400090000607008040030
700100920000905400003620001005001003000003080000400200069000070010300004002000000
090000067000000040001875003008090010300704600000030020000000082005203000400007000
104009200006300010000500086000620001000000009002000450000005800090870040700006000
009700400007021305000060100900670000008005000000094060010000908000040027002000000
080000030012004006500000000000000052000890300090200004070640108060020000908700000
000004900600000008000010320003008090800000004500046001030009507000602000089005000
002000506000000070009406810000000080327100009006032000000500030508300000040009000
000003000025000608094200050000070280000308004000004065201900000000000030060500002
000500000130090002000006091091850000000600000800000900700308650000400030054000080
050340200070000085000000900006209000001070050200050030400100006000000020810002300
000040500000590060003008040079004005002000018008020600000200100400300080000000076
003062001002000600400000007000028003009600400020000100000004705010305240008000000
510004000008350700000020003000000809001600000000000200890702040000500070000403108
000541007700600000000002050030000100000010023004003000009000080015206039003000070
090030700000001020080200900400000600008009300000002017700100080046008090000045000
004009000000005932600800000030000001040001075007000000010006027083020000000700508
200000504306801200070000000803050040001408020000090000000005036090070000000610000
000007080800056400060010007003500600700000000900000501400008010000005063002070009
003700050040000200060000004900040800000308001100096000210060500006080900000002700
000860001090450002406900000300200004060030700020009000007000003000000050080500260
030040000007058300001000000020401500100000070300000120800000050009025608040900000
003050187400000000000000060090007400080000395100000000030700000900002003076081900
053700020070004000001200890000850002000000750000000000000006000008302600240980001
300702100801540700000060000000000500000009080007451009400800060700000320000300000
004000010000831000300007020003080000000005060007013098000090007002400006600000150
340080900096002500000000040000103000080000067003005090009008400000401000070000015
003000060500000089010007200009000847000010090006002000000420006002009100600070400
004006000098000002070000948900040010050000000000920700000107000300080007400030190
000050000204170000000003092030000817600300004000000000040081000700004905005600300
000800203009106504000079000000300700000020481900500000285000000300000000004000038
800100037700059860000000000000000050000605001040700000003040020020001503000028040
020800700003240900600030500004008107000520080080090000065000040007000002000009000
802006000007010000600900000004000107000080002508700900000364500000100043050000008
021009000000504090000007603003400000000090008090130004904002700002000145000000000
005102480060008700000009000070020500010680002000005000001090020000300106009070000
004000902900708000050000000062000000000305009030200657000000020000659003780010000
000000370000050046600001000000000000098000050500200704032009060005478002004000009
000005010800400630005900708000710000037000800060090000504020000602007000000100900
057800000100000600009700100000050090000100302600008000900003706710000930200000004
200309000600000400035000090000060007100080004709050680003006070000000001000400250
038006042000470000600008900060080120010300000000900000000000004903200005000640009
059000002170000000000000690014029060200004010000076008005080000002700583000000000
070000601206090040000005900608007405000000030019003000090502000050600080007000000
034008120009004036008000000800010003007620005900000000000900007600200300000050200
008020300000090400104000000000000001070050039095000000700038040000200070000640523
008006400210000003034000605000029000000004200000710000000008037003060020002070800
570000000000000408100030709003041900052800000700000000080900060000018000007060013
890000052000800000050074600000002908000090160010300000003080700000400009004030010
000060028100080000020000900260037000000400082001000057500974000000003004000500030
400005000070000000302090007900023480080000001000080009000857640000060000005000103
000009001000602530000007420030014000000000900060000048004205000379000000210000090
000500006060004391003020000000005009090400080800079000306000700509010000070008000
070060040005000018010005070006000002000592000000700000160000000009083400028001005
000000006000000570060973020000040000109060030054102800000010007300024000000800050
089000000100009005620030000008390000000050870005020000000000023300001007400200106
000600000109000054070400100060730010000060200200500009000020000840010702050000900
000000310200004080004000007093008000060025000000609500000003008000900072008500409
070000200208005400001000000010900060000070900306000007027051009000493070600000000
000070091000040020000801030040300050010000040062900007400600005030000000078020010
000450200008030460000100007006043000010090003209060080501000000060000300000020010
400000000003105800500037009020070003000006000000900700000010028035860010000500070
027030050100000002003050040000704800002900003060300000070002400000400036000000701
104009200006300010000500086000620001000000009002000450000005800090870040700006000
007609804000080000000000063003005100400091027000700600509007000000020000001030900
020010040000008760000407003200100800500970000000000000700000600060040901018500002
009000803780009000000700060010000309002800006000130400090007005000026040060003000
040001200000000460080700090530002000000010340100090000070506803000000020000030905
009000203060040000070020810800006497000007000000500008090058000406700009002000000
030000520000060001280010000009203000070580000810070003006004070090050030000000400
000610090000000000092070000000040081600000320000508700014023600000000800306005040
800000001000604809060000570087003002000920050200000040000000030002400000705019000
021000000050006009000501306000048053000100060000000800002000930003020004000704005
010000904006000000000421300009000180000700500000090003200103040700082000030006070
700400120200000000010000005006002000075000006030014008003900580000005403080300000
060000750004000009700000102970001000000050600000078040000400020006000005402530008
800000043000950800400700006000107080006003700005800000010000009703600000060000150
000000050000980200040600031000400700080070002000500810002006100090040000600210003
000890075000000000090050180000081030000009400603000000070000302908760001050010000
500008006000000000006009370009040000300060007008300495003027000084000050100000900
703000048006930000000010005002000050060500002390000060009074003000005020000803000
009800050240106000860020100400000500000408000000000910500000600600030000000002479
000023100700000000100607800090030060800010003002096500000000000007400029010050004
000700801000000007100020000309000040004003002005080090000039004000205073040600100
400500020017020903002009000000100000000000070000090062001200009020060540063080000
000090002000803700097010000070036000508000000003009000040060070000207093002000051
010000000002087040407500000000100784000600300000003005640021037080000100000090000
007280609000000070006001000000008401093000000460000050030700910000800002050006040
070090600000615089000002040000000300930500006700040020000004000000000890340078000
070050002850090700090000050040009060000001870000207009930084000000000600000000140
010003406000080090400009801001400000370800000002051000006000009040030000050000120
000870002000500000000029038070052001801000000040000609000000043009010000350006800
760000098000060000495000300000700010000408600000090540204900100800020000000075000
706000003000900800032000004008300001000705300050048200040001008090060000003009000
000000700820040000040089200000061024090030000000000500004600073003008069000014000
001004069000080034009000500050000000300400006060070090190002000006000408008105000
607300000000060870000090300060100503000002960500008000000070608105000029000000050
803010006040000230051000000010000003000084000000030080005700900109000700026009050
300715080207000003000090041000030010600070408000002000020180050064000000070000000
002030100000010080078040002806307040500000020400900001000000070000090000603000809
000820000019000700008705400000200006000004900000000382000030070340010250001500000
004060310102000006900380000007402000040000200000600470300700060800000000000503900
000062000800450000900017000000000700090030620030000040012000000040021060508009007
000903000003004000000012800105040070240000500000007000070106009090000007081700005
200600000030029040000400081000130002000700030000002009708004000905000060600080020
000030100003000060010095080500009400089003000070020010000560000000002700800004201
000300140050000007200009800700003050005190400004860000000000020807002000000701003
000900040047010000006000800200006080300005709008403020091050000000030500000809000
800020001079000360000000000006050010007000000100307026000040008005600040302001009
900300600107000350000002000040070000800000709010240000000007030200600897006000200
005060800900001030200000650080000000004000760010300502090586000000000100037004000
054200000900040010000030600007002400080000165000001708006023000000050309000700000
000026000064000030920007008008070903050804000700001005010080000000000106000009040
000065000802090010004000002060002000020179005009000000040800300507000080003000520
010000009004905030030000650070030400000000890200480000006000700000003086051070000
000070450250000017000003000006040098000000370904200500500060000080001000400030700
000000890100900000000000406000003005035010768047050900080400003001035000070000000
060500000720000000000000320000050637000004500000230180180009000603070000004006003
090006304003502080000007009000000050025403007000000030700020060006008000100060900
082500000300061000060020900100000050209000600000002300006080040015000708070000006
800006000963000007100500002608900070000000004000300090200008009000020013070630000
800000607001030080000006093000100700500000000000670904760400500000700000002081400
000045002002080516008000700000000159100060000003020080030000900005010000000003041
102040000000005003008060000000809001000506070010000295300000900020081007004000300
000010507009450010010000002300870605020900003000001400000003700060000030000060009
070000500056098030100000000090010043000000680300400700004000000000709014005080300
400620035005000001700000408050001000302040000007000284003065000010030000000000900
000040000000006005000500718300805062000000000080700090002001050004300980170000030
000800300000002560150000000800070903000905200700001000000006000046000790080007420
006100005070042030104000000007030620000000000008060000601905004000004001500700008
000000000462080000009000400000407086000000310008310004804706000000000930010053000
700000800000000700200008530076250003000030040080040070000180000060009400309060000
800000504090800000000060801509000000000501070041000000700600008004070209006050040
000000850100030070603708000000807260000020000090060001000005004806000000000280309
001000800000000700600071009030005210000700000014308000003806000800004090900020004
000000205003800000120000004060090007050001900001200083200004000000080070090715000
000390010230004000000006000006010000500600000710503040000005170090000058080070400
300500100000040200000209700060000040090018070730000805009080010000000000010095060
000006084060030705002100000004000000020050007713000029091070000800600000000008070
000002014000000000090310000900086003200009050000000760400038620000040030509060000
003000200000000900005980700380000040020040000010700000000106030078004020600005407
030010200904502000006000098071000040800006005000000002400900000000005007007004016
000170500210000000400050300090000000004807209060400000009003010000610004030005700
009400003000000000700309052830005000000041006010900007020007030000000001004002690
040080900900306000000004037000000025250000410390052000000000702010048000000000050
007030080900000000106200005000040000059006014608000200265010003000000700000004100
000008300206000050000090408000000007042070000005000140001030600700600580030005004
000390020045000000000000604006000830004005000980600000170003050090000703000080069
007406002000020000304080000730000620000002150090000000000051904650000080900300000
002000506000000070009406810000000080327100009006032000000500030508300000040009000
705006000008003000200540100000000040000800209000010860003000650090002000100760030
426010009000009100003002600850040003000008070000700000000060450104000000002000360
075900000000008006060000004002003600096201035000090800000080410000000000730402000
010000049000500120000000003080030000004760005003009084700000000200090876000104000
800470029000030060406500000020000000083150000900002071050090100000000000007800600
059000000200304600000000740000680000000057000008003970043006025020510000900000000
600000700000080000000000345300060890000001000790058000903504000060030012510000000
410006080000078000006000005000310000008005060020004500100050000000400029940807000
000390000064020000280006000030100009000080102007209400000070010900001040010000500
007100000006009005200050000000080903000004006902000700400700051080000390050090060
000600470300420008020080015008000000000060700204000560509008000001000900600000030
604000003090000400003060009000600005050030000120805600800010200000000076005209000
090000308000608204003100000000000600306020100010080027040900003000270060000000500
001008206030000000900000000740080020000600109020003068502007000003509000000060050
079800300500009000010000200000900028800207000060000000050680040000010093024000001
070000025015004700000090600060009500090008030001050090002000000000821040007400000
000520004000300002600000030001200300800000000260007408000004000400600209093170000
000509030001000000700000148080900000500800020074003001050000684000306790000000000
500000908600020010003008040008004000000050000000009627000002001900640000017800006
047600001006200370090003050000000500400057200060000000078006009000300000000900740
004000530065700800070029000080070950000600100000002000940001008000008000000200360
300000000001007006800040290000000700000000945000700060009026057010000008608035000
000002645000945007007608100900000000040800001006000930803000074000000000500070000
000018000600452030001000005900201003030000420005000010000706000087000092003000000
090027040030005200800000000010004000070000060009060510003000408000050600200800091
000800501003000006004109000270000060000031000000700409900570108008300000006000002
710000059000000004000290080000807000040000500000010023206053010080000000051004300
400020000010700000008019000040050007009470050080000004900005002070040165060000000
000070051008000000006010040000000400000932005807005009603050700900600103000200000
006402005000000080024010700030080000000603008007200090002970000000050060908006000
007080000009000320064000005000000000108060900000893004000009070400100032005030100
060000085004185000200000370050900047030020090000010830090060000000300000003000020
310020000000000940000000000005008030902000708000000204700012500090830000004006320
096000000400029000002057000200006500000280107070040090760000930030000000000500600
050800000037000604000090080041000503000001000000604001080005007020000400003079800
800000020000090183000407000010000900000050730009001054020000500008004000000036078
000851200089000460010000500000603000300000020005090600004000000000109070000325006
706000003000900800032000004008300001000705300050048200040001008090060000003009000
006007500100009004040010000005004906010300080009800017000080000200000009030960000
009001400006004000400090008020000001301000600800903000000000210035000097000670003
500008900008000001002040006004070059900010070006000400200903000010000802005002000
002906000000000002000008640006100004900030508003840001310000009000507000004000020
100005094230080000000070000048500000000000005000000831475106008000090003000004060
000000300000097010100600049000020000004000057309104008000006700000000090783400100
060009000900520000050700340076010800000400000010070030000000050090000002001092406
006809720000000000904005060008000000020040000109050800350470006060000010007000040
007800640000205000608300000000000003009000800006070021090020010002000400804900030
020005690010080003000400000800060000003290708000003009000004106300000000004352000
280604000000700400060500030000800009000001600500002073900000080000256004002000100
010000402006084150000050000060000201000830007090001000000000000070690000031040560
030008097100000030080070060001602000000000240000040600300000005012960000004100080
080062000500000940000000062003900000107020003000100750000000035060870020004006000
010300000006075024000000690090600502070009010020704000003000086000800901000000000
001003000060005702200000003090007000076000500000006310000069800020080000010200076
030402600020000000407010800800000903000950100000701005003200000500080001002060000
000000030007000005300000274000209400000000000000308751810060300200905000090700010
002030908000004000006009300000010080050680030800000740005700012003050000600900000
000000000462080000009000400000407086000000310008310004804706000000000930010053000
060908001008040000070002000400090100190004700000010300002807003010000006006000020
100000504290030000000000090000007080050000640020006001609401000400005000001302007
640000730000010600100600000008001007060002900004003000000006005503000160090000084
020600300009030000700050800010002065600400000005000932001070008000840000090000001
070000002400000500000020800000000030005040000206500091003006104607005308080000700
004000800002080900800309006060000008100900500009021030000170000000506079000400000
090206030000090001000080020109004003080001704024000050000060500000009000000438000
530004800200780000001000040006400080910000320300000000050396002000500601000000000
070406008000000010008007950800530097360000000009000040026800070000000000000370100
050080403000000010030006500600030000005204100900008004004057000308000000000010706
970020000000300857000000000069000705305000080004002100000080260000000043621000000
000806000301000600000000700400000307009031020000005090007100080208704010000260000
006003000740200000100000894200000500000900007010037000800040070930070001000000260
060000200007000810800000057600300009573900000000002008100000704009000000080403100
000890075000000000090050180000081030000009400603000000070000302908760001050010000
705020001140006020000400000007000008000000950910000704000000000000705860098100300
650210003000000000020000600091000508000000004080003200000804070500900040002007960
200031090000000340078000000000003800080600504001000000010020005090106000540090700
004000002009682000001000780500020900000010300000007008400003090003000840012000050
000004000000010000206009300090200001004000200002805900063007020100086005500400000
108000400046900000070800050001600000020001040500009030000402000700000000089056100
060000000050090280100000749012000000003006091000009300007040150800000000030020004
000700060000001800450060200000000108074090600005000000026350000000006430000172000
000000090001200000000076508090600800006030040408000013020000050053000100000052030
000008900700002381600000200030080000060700000014003008900000010042610007000000004
100504000000079000030680000000010208090000304005003090004000586017090000000000900
100000000004017800000005002000080060078050300036040000000000010500004208001870030
000000480006040000890005607000200001000917000507000000708003009300000075040001000
030000021000000006800030500027005000600200750050001000006100804004800090100090000
063000200900000070070000960004037000000600000000002800600300007000004098038070012
000300700100000000000000506080609005005710300007000009740501000350040208000003000
430007060000209040500000000040702000000000082000306400000018907009004630060000000
004060908070000040030800250086000020000000800000020010300500701000001300409300000
000006050007305002006700309000000741000830000000600000040090000200100000090002536
096500000200000017000000000001020580500401000008600900002004096000070000007005320
000000590020080700900037014040910000008350900000000000014000006060000027030100000
005000067890000010040280000030000000900750006001023094010000000000090000000507301
000006000000075000056004380005000010400100007800002000902000003008000740003040052
009072005000050100003000090090000200080000400010200056002100904000000030601730000
860030000001020000020006000300007001000001000000000368004900020500104700910002600
008000000000604003000000090010300600004007000030002975000003410002080007000796080
000000032042007000000500400000300000507800001010000563000740000073000906004003080
000042007000976000300000040005100700008005200700000400070090103104050000800000090
090300160600070000000000043080005230009000000100004900070000008000020750300760020
001020003900050040000000000005000000200008900009000750500003010040900630006412090
000000700020068090008900500050207089000500030087000100000100304000003000640700000
008001000564000000001200630000090580000080407000704009000812040000000702010000000
700001490000200000006087100500400006000000074000000000095030020370004010060050800
000008073000012000000900000060000100000073006900100780010060350580000004600030008
000009400005000000030000009006700041052004080370000000000080196003400002200100050
001007300000006050080010000000000590900600274040300000074200100809000045000000006
000050902200000000000890004600008040900035000000004206836100009090000010005000070
103070800570100000000406300006000032005000700200000081000060050000008000000927008
000205043000010206010000007100800960000300000070009004037500000020007000048000500
970006100800004000005800000000301800402500003080090002000000000200900030001042070
002070890400000002060000710039000270000980006070000000000600000008034000040092600
405000080000000000200000701170000000000008000800650000901400060007026013004070850
